         473
         3001611000011        1611           3       32068.566
         4000000000011           0           4       41.963159
         5000074000011          74           5       286.12308
         6000047000011          47           6       123.62188
         6000084000011          84           6       737.54244
         7001394000011        1394           7       20945.952
         8012934000798       12934           8       6.3142859
         9007541000011        7541           9       124439.45
         9019518000011       19518           9       390.75715
        10000032000011          32          10       123.62188
        10000039000011          39          10       123.62188
        11000080023431          80          11       41.963159
        11019592000011       19592          11       1247.1500
        13013425000011       13425          13       4089.7751
        14010877000011       10877          14       390.75715
        18001190000011        1190          18       123.62188
        23003334000011        3334          23       56.486365
        23003355000011        3355          23       390.75715
        23003602000011        3602          23       2797.3174
        23006499000011        6499          23       32068.566
        23010303000011       10303          23       52723.948
        24000054000011          54          24       390.75715
        24000178000011         178          24       1247.1500
        24000887000011         887          24       13619.822
        25005416010147        5416          25       390.75715
        25005422000011        5422          25       123.62188
        28000099000011          99          28       390.75715
        28000175000011         175          28       1247.1500
        29000070000011          70          29       11.834616
        30004663000011        4663          30       123.62188
        30004671000011        4671          30       286.12308
        31000097000011          97          31       11.834616
        33000031000011          31          33       56.486365
        33001026000011        1026          33       20945.952
        34010496000011       10496          34       286.12308
        35007937000011        7937          35       20945.952
        35011503000011       11503          35       52723.948
        37000053000011          53          37       737.54244
        37002146000011        2146          37       52723.948
        39009266006706        9266          39       1247.1500
        39009267000011        9267          39       56.486365
        39009683000242        9683          39       52723.948
        41000386000011         386          41       6601.7034
        41001417000053        1417          41       124439.45
        41009977000011        9977          41       56.486365
        42006819009818        6819          42       41.963159
        42006865000011        6865          42       737.54244
        45000274000011         274          45       1247.1500
        46002091000011        2091          46       56.486365
        47002076003895        2076          47       390.75715
        48015579000098       15579          48       32068.566
        49000062004408          62          49       52723.948
        49011758006056       11758          49       390.75715
        49018607000011       18607          49       124439.45
        52017703000011       17703          52       1247.1500
        52017833000011       17833          52       4089.7751
        53000097002299          97          53       32068.566
        54000064039458          64          54       286.12308
        55000719000011         719          55       6601.7034
        58000076000011          76          58       56.486365
        60000221000011         221          60       4089.7751
        60001443000011        1443          60       20945.952
        64000001000011           1          64       123.62188
        67000744000121         744          67       20945.952
        67014788000933       14788          67       2797.3174
        67014897000011       14897          67       1247.1500
        68000008004852           8          68       13619.822
        71001679000011        1679          71       32068.566
        76000070000011          70          76       737.54244
        78000122000011         122          78       56.486365
        81010865000192       10865          81       32068.566
        82002734000011        2734          82       32068.566
        83000099000011          99          83       286.12308
        83000193000011         193          83       1247.1500
        86000419000011         419          86       4089.7751
        89004077000164        4077          89       52723.948
        90001129020719        1129          90       56.486365
        90001488000011        1488          90       6601.7034
        90001601000011        1601          90       4089.7751
        93000108039223         108          93       56.486365
        93000115000011         115          93       123.62188
        94000139000011         139          94       390.75715
        95016980000011       16980          95       56.486365
        96000032000011          32          96       286.12308
        96000051000011          51          96       737.54244
        97000067000011          67          97       286.12308
        98000176000011         176          98       1247.1500
        99000087006805          87          99       32068.566
       101000798000011         798         101       6601.7034
       104000018000011          18         104       41.963159
       104019993000011       19993         104       4089.7751
       105006737000011        6737         105       6.3142859
       105006767002535        6767         105       390.75715
       108003430000011        3430         108       11.834616
       108003434003885        3434         108       286.12308
       109000144000011         144         109       11.834616
       109006758000011        6758         109       124439.45
       110010598003779       10598         110       4089.7751
       110010657000011       10657         110       737.54244
       111009256000011        9256         111       32068.566
       114015892000297       15892         114       32068.566
       116010683000011       10683         116       4089.7751
       119000263000011         263         119       4089.7751
       122000340000011         340         122       4089.7751
       122002406000011        2406         122       32068.566
       122005425000011        5425         122       52723.948
       125010309000011       10309         125       2797.3174
       127000227000011         227         127       1247.1500
       127017617000011       17617         127       20945.952
       128008244000011        8244         128       390.75715
       128008505000011        8505         128       4089.7751
       129000042001009          42         129       737.54244
       131003563001825        3563         131       286.12308
       131003726000571        3726         131       32068.566
       132000059000011          59         132       390.75715
       133000099000011          99         133       737.54244
       134007609000011        7609         134       390.75715
       134008163000169        8163         134       13619.822
       135000135000011         135         135       737.54244
       135000535000011         535         135       20945.952
       137003910000011        3910         137       123.62188
       138000842000011         842         138       4089.7751
       139008490000011        8490         139       6.3142859
       139008497000011        8497         139       56.486365
       144009947013877        9947         144       52723.948
       146001396000011        1396         146       32068.566
       148000191000011         191         148       1247.1500
       153000103000011         103         153       737.54244
       153000106000011         106         153       737.54244
       153000303000011         303         153       6601.7034
       153016316013841       16316         153       52723.948
       153016320005837       16320         153       52723.948
       153016371000011       16371         153       737.54244
       154012694000011       12694         154       2797.3174
       158004570000011        4570         158       6601.7034
       158006413000115        6413         158       11.834616
       158006413000115        6413         158       11.834616
       160000093000011          93         160       1247.1500
       160022729000011       22729         160       123.62188
       161000394000011         394         161       6601.7034
       162020771000011       20771         162       286.12308
       163000091020093          91         163       123.62188
       163000091000011          91         163       41.963159
       164013087000011       13087         164       13619.822
       165000092000011          92         165       123.62188
       166007197000011        7197         166       4089.7751
       168000000000011           0         168       737.54244
       168008695000057        8695         168       286.12308
       168009270000157        9270         168       20945.952
       168009987000011        9987         168       13619.822
       169000043000011          43         169       11.834616
       171005930000011        5930         171       20945.952
       172002284000011        2284         172       32068.566
       173001405000011        1405         173       13619.822
       173003481000011        3481         173       52723.948
       174000221000011         221         174       1247.1500
       174003685000011        3685         174       32068.566
       174023926000011       23926         174       123.62188
       178001332000011        1332         178       32068.566
       178015812000011       15812         178       20945.952
       181000168000011         168         181       737.54244
       181005823000011        5823         181       52723.948
       182000248000618         248         182       2797.3174
       185000175000011         175         185       1247.1500
       185016708000011       16708         185       32068.566
       186000120000011         120         186       286.12308
       186014842000011       14842         186       11.834616
       187013281000011       13281         187       6.3142859
       187013291002610       13291         187       286.12308
       188000103000011         103         188       737.54244
       188003938000011        3938         188       41.963159
       188005888000011        5888         188       20945.952
       189001501000973        1501         189       4089.7751
       189002326000230        2326         189       6601.7034
       190004178000011        4178         190       11.834616
       192003463000011        3463         192       52723.948
       193000227000011         227         193       2797.3174
       193000435000011         435         193       4089.7751
       197001177000011        1177         197       13619.822
       199000109000011         109         199       11.834616
       199000248000011         248         199       2797.3174
       200000070000011          70         200       11.834616
       201000079011946          79         201       2797.3174
       201011545000011       11545         201       13619.822
       203013092000011       13092         203       4089.7751
       204000029000011          29         204       41.963159
       206000131000011         131         206       286.12308
       206004204000011        4204         206       32068.566
       207002028000011        2028         207       13619.822
       208003519009398        3519         208       41.963159
       208003521000011        3521         208       56.486365
       210007991000011        7991         210       2797.3174
       211000338046586         338         211       6601.7034
       211008911000011        8911         211       56.486365
       211008912000011        8912         211       56.486365
       211027765000011       27765         211       52723.948
       212000537000032         537         212       6601.7034
       212020512000011       20512         212       32068.566
       213000142000011         142         213       6.3142859
       216005328000011        5328         216       56.486365
       216005458000011        5458         216       1247.1500
       218005497000011        5497         218       56.486365
       218005561000011        5561         218       1247.1500
       222004024000614        4024         222       32068.566
       223026020000011       26020         223       56.486365
       224019605020399       19605         224       20945.952
       224019606008054       19606         224       1247.1500
       225015936000011       15936         225       20945.952
       232025260000011       25260         232       6.3142859
       233000249000011         249         233       1247.1500
       233022812002072       22812         233       4089.7751
       238000083000011          83         238       286.12308
       240000033000011          33         240       123.62188
       240011806000011       11806         240       11.834616
       240011811000011       11811         240       56.486365
       241000137000011         137         241       2797.3174
       241008886000011        8886         241       390.75715
       242009639000011        9639         242       13619.822
       242011018000011       11018         242       32068.566
       244004930057490        4930         244       56.486365
       245001773000011        1773         245       20945.952
       245011094000011       11094         245       124439.45
       246002505000011        2505         246       390.75715
       247000143074205         143         247       390.75715
       247000673000011         673         247       6601.7034
       248000057000011          57         248       56.486365
       249000153000011         153         249       737.54244
       249000572000011         572         249       13619.822
       249011832000011       11832         249       390.75715
       251001932000011        1932         251       52723.948
       251003461000011        3461         251       124439.45
       251007924000011        7924         251       1247.1500
       251014016000011       14016         251       124439.45
       255000556000011         556         255       4089.7751
       256000042000011          42         256       390.75715
       260001956000011        1956         260       286.12308
       260002393000011        2393         260       4089.7751
       263001157000011        1157         263       123.62188
       263001246000011        1246         263       1247.1500
       263001509000011        1509         263       4089.7751
       264011496032341       11496         264       11.834616
       265009406000011        9406         265       123.62188
       268004343000011        4343         268       20945.952
       270001564000011        1564         270       32068.566
       271010635000011       10635         271       11.834616
       272012003000011       12003         272       52723.948
       273013125000011       13125         273       11.834616
       274004254004559        4254         274       41.963159
       274010642000011       10642         274       124439.45
       276013224000011       13224         276       123.62188
       278000082005289          82         278       123.62188
       278000082007579          82         278       390.75715
       280000042002699          42         280       123.62188
       280000043000011          43         280       56.486365
       280007311000011        7311         280       124439.45
       282004951015183        4951         282       52723.948
       282005252000011        5252         282       4089.7751
       283001593000011        1593         283       41.963159
       284000109000011         109         284       123.62188
       284000172000011         172         284       1247.1500
       285000073000011          73         285       737.54244
       285006846006854        6846         285       390.75715
       285006851000011        6851         285       286.12308
       285007041000182        7041         285       20945.952
       285014289000011       14289         285       124439.45
       288000039000011          39         288       737.54244
       292002060051021        2060         292       737.54244
       292002060059447        2060         292       11.834616
       293000239000011         239         293       1247.1500
       294001554000011        1554         294       4089.7751
       296000097014103          97         296       123.62188
       296028064000011       28064         296       390.75715
       300003649001060        3649         300       2797.3174
       302007339000011        7339         302       123.62188
       304000039000011          39         304       123.62188
       304000051000011          51         304       286.12308
       304000055000011          55         304       286.12308
       306004752000011        4752         306       52723.948
       307000151000011         151         307       390.75715
       308002275021917        2275         308       6601.7034
       308002511000386        2511         308       4089.7751
       309001091003039        1091         309       601348.67
       311001921000011        1921         311       2797.3174
       312000059000011          59         312       56.486365
       312001470000011        1470         312       20945.952
       312022815009816       22815         312       6601.7034
       313000239000011         239         313       4089.7751
       313001799000011        1799         313       52723.948
       313013744000035       13744         313       601348.67
       314012993000011       12993         314       41.963159
       315011548000011       11548         315       390.75715
       315016083000011       16083         315       52723.948
       317019946001172       19946         317       52723.948
       318009336000011        9336         318       124439.45
       322001291000052        1291         322       737.54244
       323000062000011          62         323       390.75715
       323000066000011          66         323       737.54244
       324000034000011          34         324       390.75715
       324008499000279        8499         324       737.54244
       324014448000011       14448         324       11.834616
       324014450011248       14450         324       56.486365
       324014936000119       14936         324       124439.45
       327019914000011       19914         327       737.54244
       327020703000011       20703         327       20945.952
       328000073000011          73         328       286.12308
       328013141000011       13141         328       13619.822
       329004030000011        4030         329       123.62188
       329005691000011        5691         329       20945.952
       331001628005629        1628         331       737.54244
       331001689000011        1689         331       1247.1500
       331002068000011        2068         331       6601.7034
       335004004000011        4004         335       4089.7751
       336003275000011        3275         336       32068.566
       337000118000011         118         337       123.62188
       338000153000011         153         338       1247.1500
       340000067021048          67         340       52723.948
       340000086001832          86         340       1247.1500
       340000129000011         129         340       737.54244
       343003555000011        3555         343       52723.948
       344000043000011          43         344       56.486365
       344000868000011         868         344       13619.822
       344008702000011        8702         344       124439.45
       346002120000011        2120         346       20945.952
       348000160000011         160         348       2797.3174
       348009104000011        9104         348       6.3142859
       348009120000921        9120         348       737.54244
       349003114000011        3114         349       52723.948
       350016651000011       16651         350       124439.45
       354010650000011       10650         354       286.12308
       354010759000011       10759         354       2797.3174
       355010842000011       10842         355       41.963159
       358003207000011        3207         358       52723.948
       358005262000011        5262         358       52723.948
       358018341000011       18341         358       56.486365
       359000121000011         121         359       286.12308
       359020118000011       20118         359       124439.45
       360000214000132         214         360       6601.7034
       360000265000011         265         360       6601.7034
       360009953000011        9953         360       390.75715
       365000132000011         132         365       6.3142859
       365000132000011         132         365       6.3142859
       365000454000011         454         365       2797.3174
       365000489000011         489         365       2797.3174
       365000820000011         820         365       6601.7034
       368010547009613       10547         368       390.75715
       368010601000011       10601         368       737.54244
       369006542022846        6542         369       6601.7034
       369006770000011        6770         369       2797.3174
       370004408000011        4408         370       41.963159
       370004963000011        4963         370       13619.822
       372005668000011        5668         372       124439.45
       374000157000011         157         374       390.75715
       376000151000011         151         376       2797.3174
       376015094000011       15094         376       390.75715
       376015336000011       15336         376       6601.7034
       379000126000011         126         379       41.963159
       379000127000011         127         379       11.834616
       380000128000064         128         380       390.75715
       381000159000011         159         381       286.12308
       381000207000011         207         381       737.54244
       382001404000011        1404         382       13619.822
       387000092000011          92         387       11.834616
       388010266000851       10266         388       123.62188
       389000698000011         698         389       390.75715
       392023524004688       23524         392       4089.7751
       395000430000168         430         395       20945.952
       395003927000011        3927         395       32068.566
       397011157000011       11157         397       56.486365
       398013095000011       13095         398       6601.7034
       399000150000011         150         399       11.834616
       404006530000052        6530         404       41.963159
       405002500000011        2500         405       32068.566
       406002122000011        2122         406       390.75715
       407000759000011         759         407       1247.1500
       407012200000011       12200         407       601348.67
       407023025000011       23025         407       13619.822
       408019179000011       19179         408       13619.822
       410000070000086          70         410       123.62188
       410000507000240         507         410       20945.952
       411000165024915         165         411       6.3142859
       411016602000011       16602         411       56.486365
       412000079000011          79         412       41.963159
       412000155000011         155         412       4089.7751
       412010674000011       10674         412       41.963159
       413000087000011          87         413       56.486365
       414000104000011         104         414       737.54244
       415016862000011       16862         415       20945.952
       416003188000011        3188         416       32068.566
       416021462000213       21462         416       601348.67
       418000064000011          64         418       11.834616
       418022454000011       22454         418       13619.822
       422007365000011        7365         422       2797.3174
       425000071000119          71         425       56.486365
       428000717000011         717         428       6601.7034
       429003150000011        3150         429       52723.948
       429017842000058       17842         429       124439.45
       430008654000011        8654         430       1247.1500
       431000185000011         185         431       11.834616
       431000185000011         185         431       11.834616
       431022268000011       22268         431       4089.7751
       432000111000861         111         432       6601.7034
       432014601000011       14601         432       286.12308
       432015003000011       15003         432       13619.822
       433000084000011          84         433       286.12308
       433013819000011       13819         433       1247.1500
       435000624000011         624         435       4089.7751
       436017494000011       17494         436       6.3142859
       436018019000011       18019         436       6601.7034
       438000125000011         125         438       41.963159
       438000128000011         128         438       56.486365
       439000300000011         300         439       1247.1500
       439000904000011         904         439       6601.7034
       440000166000011         166         440       390.75715
       440024808000011       24808         440       13619.822
       442003034000011        3034         442       123.62188
       443000300000011         300         443       1247.1500
       444001946000011        1946         444       20945.952
       445000102000011         102         445       737.54244
       447000775000011         775         447       6601.7034
       449002234000011        2234         449       6601.7034
       449003235000011        3235         449       20945.952
       453000138026589         138         453       6.3142859
       454020923000011       20923         454       11.834616
       455018889000011       18889         455       6601.7034
       456000089001319          89         456       1247.1500
       456000098000011          98         456       737.54244
       456000795000011         795         456       13619.822
       457000084003837          84         457       2797.3174
       459001153000011        1153         459       6.3142859
       460005171000011        5171         460       124439.45
       461000809000011         809         461       6601.7034
       462000530000011         530         462       6601.7034
       464001665000011        1665         464       1247.1500
       464002618000011        2618         464       13619.822
       467000390000368         390         467       52723.948
       469006321000011        6321         469       32068.566
       470000175000011         175         470       123.62188
       470001217000011        1217         470       13619.822
       474015119000011       15119         474       13619.822
       476000086000011          86         476       123.62188
       477008595000011        8595         477       32068.566
       478003927000011        3927         478       390.75715
       478004034000011        4034         478       1247.1500
       479002349000011        2349         479       56.486365
       479002650000011        2650         479       2797.3174
       484015130000011       15130         484       11.834616
       487000178000011         178         487       390.75715
       488014099000011       14099         488       13619.822
       490000574000011         574         490       6601.7034
       491000131002971         131         491       1247.1500
       492000423000011         423         492       4089.7751
       493008897000011        8897         493       286.12308
       494000172000011         172         494       2797.3174
       494000412000011         412         494       6601.7034
       494014739003409       14739         494       124439.45
       494016092000011       16092         494       32068.566
       497004740000095        4740         497       52723.948
       498000151000011         151         498       6.3142859
       498000154009864         154         498       123.62188
       498000370000011         370         498       2797.3174
       498019835000011       19835         498       737.54244
       501000215000011         215         501       2797.3174
       502002161000011        2161         502       41.963159
       502002167000011        2167         502       123.62188
       502002205002734        2205         502       124439.45
       502006929000215        6929         502       56.486365
       505000086000011          86         505       56.486365
       505015999000980       15999         505       20945.952
       505016060000011       16060         505       2797.3174
       505016973000011       16973         505       20945.952
       510000204000011         204         510       737.54244
       510000282000011         282         510       2797.3174
       511000153000011         153         511       11.834616
