         197
                    34           0           0       21.739130
         4020841000862       20841           4       13506.955
         5000634000034         634           5       33463.167
        10000780000034         780          10       61231.172
        11000080023454          80          11       21.739130
        22000046000356          46          22       8447.6111
        25005462000149        5462          25       23231.583
        27001000000034        1000          27       33463.167
        33013052000057       13052          33       33463.167
        34010727000060       10727          34       61231.172
        40000000026329           0          40       33463.167
        40008547000106        8547          40       61231.172
        40008659000125        8659          40       189573.25
        41010043000034       10043          41       8447.6111
        42007847000116        7847          42       189573.25
        43001290003139        1290          43       21.739130
        48000022060741          22          48       13506.955
        51018173002875       18173          51       23231.583
        52000051000716          51          52       33463.167
        54003164000034        3164          54       189573.25
        63000090005372          90          63       8447.6111
        71000075000502          75          71       898.66667
        72000601000034         601          72       23231.583
        73014348000034       14348          73       7526.6000
        83019657001389       19657          83       61231.172
        88000001002913           1          88       61231.172
        90001137006115        1137          90       33463.167
        93000108092596         108          93       61231.172
        97000064002354          64          97       8447.6111
        97018972000034       18972          97       13506.955
        98016093011682       16093          98       23231.583
        99000089001043          89          99       23231.583
       102000106000784         106         102       8447.6111
       102000371000123         371         102       33463.167
       104019766032624       19766         104       21.739130
       105006737000034        6737         105       21.739130
       108003429004324        3429         108       21.739130
       108005579000034        5579         108       33463.167
       109000146009101         146         109       23231.583
       109000150001000         150         109       5698.3333
       109000262000398         262         109       61231.172
       110012311000034       12311         110       33463.167
       118000364000034         364         118       13506.955
       125000152000034         152         125       5698.3333
       127000136003705         136         127       61231.172
       130019845000149       19845         130       21.739130
       133000555000073         555         133       61231.172
       134000029000034          29         134       21.739130
       138003200000034        3200         138       189573.25
       144009963001601        9963         144       8447.6111
       145005342003484        5342         145       2406.8333
       146000025003223          25         146       2406.8333
       152000066004845          66         152       7526.6000
       154000080002526          80         154       61231.172
       160022729010327       22729         160       61231.172
       162020817000269       20817         162       33463.167
       173000064013950          64         173       33463.167
       173000069002090          69         173       33463.167
       173000255000322         255         173       33463.167
       173003383000034        3383         173       61231.172
       175000941000073         941         175       61231.172
       178000118000034         118         178       8447.6111
       179002144000034        2144         179       189573.25
       191000137002882         137         191       33463.167
       191024466000034       24466         191       5698.3333
       192000153000034         153         192       8447.6111
       193000107000034         107         193       7526.6000
       197000043011905          43         197       898.66667
       210007733000533        7733         210       23231.583
       210008501000063        8501         210       189573.25
       215006854017757        6854         215       580.00000
       215009218000034        9218         215       61231.172
       218029566001352       29566         218       8447.6111
       219000151004760         151         219       13506.955
       219024872000038       24872         219       1560019.3
       221000159037198         159         221       21.739130
       222004138000034        4138         222       8447.6111
       223000215001538         215         223       61231.172
       227011743013418       11743         227       13506.955
       228005008000502        5008         228       5698.3333
       231001037000034        1037         231       21.739130
       231027597000034       27597         231       23231.583
       241000053000034          53         241       21.739130
       243010938004403       10938         243       23231.583
       245003738000034        3738         245       189573.25
       246002458013436        2458         246       21.739130
       248000050006245          50         248       580.00000
       249011808014125       11808         249       23231.583
       252000085015104          85         252       580.00000
       255020723000034       20723         255       33463.167
       256000118000034         118         256       7526.6000
       261007326000295        7326         261       189573.25
       262009325000034        9325         262       898.66667
       263003926001663        3926         263       21.739130
       265000034001605          34         265       61231.172
       265009401002692        9401         265       23231.583
       267001676000034        1676         267       21.739130
       267001765000360        1765         267       1560019.3
       272010110000239       10110         272       13506.955
       275005943000584        5943         275       13506.955
       281000065000034          65         281       2406.8333
       283001677000034        1677         283       8447.6111
       283002452000071        2452         283       1560019.3
       285000098000225          98         285       23231.583
       286000033139091          33         286       13506.955
       288000011001761          11         288       33463.167
       290000055007473          55         290       23231.583
       291002970000311        2970         291       33463.167
       292002065000777        2065         292       7526.6000
       293000133001479         133         293       23231.583
       297000068000034          68         297       21.739130
       297000071000034          71         297       21.739130
       297000072007467          72         297       23231.583
       306000171000034         171         306       7526.6000
       313009937002179        9937         313       898.66667
       313009950000355        9950         313       5698.3333
       315000119011008         119         315       23231.583
       316014188001228       14188         316       33463.167
       323007187000966        7187         323       61231.172
       325000067004028          67         325       13506.955
       329004030003096        4030         329       2406.8333
       331001643000143        1643         331       8447.6111
       335003518002580        3518         335       189573.25
       336000029088671          29         336       33463.167
       336000134000406         134         336       13506.955
       343000165000034         165         343       8447.6111
       345000215000034         215         345       13506.955
       349011309002004       11309         349       33463.167
       354000000000383           0         354       23231.583
       354010648000034       10648         354       21.739130
       359000063000075          63         359       61231.172
       362000691000054         691         362       61231.172
       363000409000080         409         363       189573.25
       367000142031472         142         367       21.739130
       372017490000696       17490         372       8447.6111
       374019316000034       19316         374       5698.3333
       376001004000034        1004         376       33463.167
       380000092000034          92         380       21.739130
       383003640003142        3640         383       33463.167
       383003827000034        3827         383       7526.6000
       386020716006073       20716         386       13506.955
       388004231000034        4231         388       3142017.0
       390010681000034       10681         390       21.739130
       392000082001803          82         392       13506.955
       393000133001267         133         393       13506.955
       396004335001213        4335         396       7526.6000
       400006333000034        6333         400       2406.8333
       406002090001565        2090         406       8447.6111
       407000602000598         602         407       13506.955
       407002137000034        2137         407       33463.167
       407022695007209       22695         407       23231.583
       408001514000034        1514         408       33463.167
       410013376000948       13376         410       23231.583
       413000134001266         134         413       189573.25
       413000136000582         136         413       61231.172
       414000090000603          90         414       23231.583
       414011987000475       11987         414       23231.583
       417000091007427          91         417       898.66667
       417000091000034          91         417       21.739130
       418000063054140          63         418       33463.167
       426000289000155         289         426       189573.25
       426000570000144         570         426       61231.172
       427000177001049         177         427       23231.583
       431000122000200         122         431       61231.172
       431022096002610       22096         431       61231.172
       437005148057512        5148         437       33463.167
       437005165000034        5165         437       898.66667
       438000125000034         125         438       21.739130
       438001762000034        1762         438       189573.25
       443024652000321       24652         443       7526.6000
       446012076000034       12076         446       13506.955
       447022816000034       22816         447       21.739130
       449001471002559        1471         449       8447.6111
       452014535000034       14535         452       7526.6000
       453000243000219         243         453       61231.172
       459001720000034        1720         459       33463.167
       464001579000307        1579         464       13506.955
       465001685000034        1685         465       2406.8333
       465001692000797        1692         465       61231.172
       465005874000034        5874         465       189573.25
       466000274000034         274         466       8447.6111
       470000338000191         338         470       33463.167
       472000130000899         130         472       61231.172
       487015759003319       15759         487       61231.172
       488000055009254          55         488       23231.583
       489020442002175       20442         489       189573.25
       491002226000034        2226         491       189573.25
       497003886022793        3886         497       33463.167
       498000261000209         261         498       23231.583
       499008707000034        8707         499       13506.955
       499009785000034        9785         499       61231.172
       503000236000294         236         503       13506.955
       504000390000034         390         504       13506.955
       505000083026825          83         505       33463.167
       507000197000427         197         507       13506.955
       507000232000217         232         507       8447.6111
       511002776001727        2776         511       61231.172
