 17 
     -14.7500     -14.2500    0.0395557    0.0142963
     -15.2500     -14.7500    0.0310644    0.0119250
     -15.7500     -15.2500    0.0263067    0.0114591
     -16.2500     -15.7500    0.0243677   0.00738558
     -16.7500     -16.2500    0.0201215   0.00634180
     -17.2500     -16.7500    0.0172582   0.00507372
     -17.7500     -17.2500    0.0146387   0.00400278
     -18.2500     -17.7500    0.0129674   0.00313564
     -18.7500     -18.2500    0.0116784   0.00249557
     -19.2500     -18.7500   0.00936778   0.00134642
     -19.7500     -19.2500   0.00674423  0.000641220
     -20.2500     -19.7500   0.00396678  0.000245744
     -20.7500     -20.2500   0.00185347  9.51623e-05
     -21.2500     -20.7500  0.000579904  7.71238e-05
     -21.7500     -21.2500  0.000112467  2.74863e-05
     -22.2500     -21.7500  1.47725e-05  7.29010e-06
     -22.7500     -22.2500  2.42983e-06  1.83997e-06
          
     
20
     -13.7500     -13.2500    0.0678981    0.0292492
     -14.2500     -13.7500    0.0439918    0.0239743
     -14.7500     -14.2500    0.0395557    0.0142963
     -15.2500     -14.7500    0.0310644    0.0119250
     -15.7500     -15.2500    0.0263067    0.0114591
     -16.2500     -15.7500    0.0243677   0.00738558
     -16.7500     -16.2500    0.0201215   0.00634180
     -17.2500     -16.7500    0.0172582   0.00507372
     -17.7500     -17.2500    0.0146387   0.00400278
     -18.2500     -17.7500    0.0129674   0.00313564
     -18.7500     -18.2500    0.0116784   0.00249557
     -19.2500     -18.7500   0.00936778   0.00134642
     -19.7500     -19.2500   0.00674423  0.000641220
     -20.2500     -19.7500   0.00396678  0.000245744
     -20.7500     -20.2500   0.00185347  9.51623e-05
     -21.2500     -20.7500  0.000579904  7.71238e-05
     -21.7500     -21.2500  0.000112467  2.74863e-05
     -22.2500     -21.7500  1.47725e-05  7.29010e-06
     -22.7500     -22.2500  2.42983e-06  1.83997e-06
     -23.2500     -22.7500  7.39167e-07  2.38016e-07

     
# mag  -5log(h)
#   bj-Band from Jones 2006  + Norberg 2002
   This test uses bj for z=0 and B for all other redshifts

   
     
     blanton g-band
     11
   -21.0000  0.000422847  2.92636e-05
     -20.5000   0.00209957  0.000105831
     -20.0000   0.00455282  0.000224542
     -19.5000   0.00744822  0.000354125
     -19.0000    0.0101870  0.000484788
     -18.5000    0.0124209  0.000547864
     -18.0000    0.0151839  0.000748492
     -17.5000    0.0185078  0.000948788
     -17.0000    0.0228434   0.00114913
     -16.5000    0.0312333   0.00167385
     -16.0000    0.0384490   0.00218003
    
  
     