 13
   -16.7500     -16.2500    0.0367881    0.0157655
     -17.2500     -16.7500    0.0308027    0.0129095
     -17.7500     -17.2500    0.0255726    0.0105247
     -18.2500     -17.7500    0.0205483   0.00845691
     -18.7500     -18.2500    0.0166750   0.00702581
     -19.2500     -18.7500    0.0129651   0.00537943
     -19.7500     -19.2500    0.0101907   0.00421442
     -20.2500     -19.7500   0.00822805   0.00348090
     -20.7500     -20.2500   0.00612272   0.00270371
     -21.2500     -20.7500   0.00334788   0.00165001
     -21.7500     -21.2500   0.00174579   0.00108422
     -22.2500     -21.7500  0.000370718  0.000250054
     -22.7500     -22.2500  4.12389e-05  3.09241e-05
 

removed brightest bin of Giallongo2005

 BBand at z=1 from willmer2006+Ilbert2005+Giallongo2005+Zucca2009 
 
  This test uses bj for z=0 and B for all toher redshifts