10
  -19.7500     -19.2500   0.00727561   0.00209365
     -20.2500     -19.7500   0.00640133   0.00258205
     -20.7500     -20.2500   0.00571396   0.00233670
     -21.2500     -20.7500   0.00481105   0.00194405
     -21.7500     -21.2500   0.00389743   0.00172828
     -22.2500     -21.7500   0.00273662   0.00129980
     -22.7500     -22.2500   0.00167534  0.000938596
     -23.2500     -22.7500  0.000861781  0.000575019
     -23.7500     -23.2500  0.000326429  0.000275066
     -24.2500     -23.7500  8.73241e-05  8.27608e-05
    
11     
      -19.7500     -19.2500   0.00727561   0.00209365
     -20.2500     -19.7500   0.00640133   0.00258205
     -20.7500     -20.2500   0.00571396   0.00233670
     -21.2500     -20.7500   0.00481105   0.00194405
     -21.7500     -21.2500   0.00389743   0.00172828
     -22.2500     -21.7500   0.00273662   0.00129980
     -22.7500     -22.2500   0.00167534  0.000938596
     -23.2500     -22.7500  0.000861781  0.000575019
     -23.7500     -23.2500  0.000326429  0.000275066
     -24.2500     -23.7500  8.73241e-05  8.27608e-05
     -24.7500     -24.2500  1.15492e-05  1.10558e-05

    
     
MK(AB)-5logh and phi(Mpc-3h-3mag-1)/bin
bin / number counts / error
K-Band z=1.0 - Drory 2003 + Cirasuolo 2010 + Pozzetti2003 + Caputti2006


