15
      -17.5000     -17.0000   0.00691884   0.00489235
     -18.0000     -17.5000    0.0107423   0.00607608
     -18.5000     -18.0000   0.00885984   0.00444433
     -19.0000     -18.5000   0.00776521   0.00328048
     -19.5000     -19.0000   0.00750601   0.00201715
     -20.0000     -19.5000   0.00669774   0.00136633
     -20.5000     -20.0000   0.00779184   0.00232166
     -21.0000     -20.5000   0.00646084   0.00124709
     -21.5000     -21.0000   0.00544258  0.000523112
     -22.0000     -21.5000   0.00419422  0.000698168
     -22.5000     -22.0000   0.00189600  0.000297323
     -23.0000     -22.5000  0.000700598  0.000167562
     -23.5000     -23.0000  0.000174956  6.51475e-05
     -24.0000     -23.5000  3.14181e-05  1.61153e-05
     -24.5000     -24.0000  3.47116e-06  3.05411e-06
         
17     
       -17.0000     -16.5000   0.00932588   0.00210816
     -17.5000     -17.0000   0.00691884   0.00489235
     -18.0000     -17.5000    0.0107423   0.00607608
     -18.5000     -18.0000   0.00885984   0.00444433
     -19.0000     -18.5000   0.00776521   0.00328048
     -19.5000     -19.0000   0.00750601   0.00201715
     -20.0000     -19.5000   0.00669774   0.00136633
     -20.5000     -20.0000   0.00779184   0.00232166
     -21.0000     -20.5000   0.00646084   0.00124709
     -21.5000     -21.0000   0.00544258  0.000523112
     -22.0000     -21.5000   0.00419422  0.000698168
     -22.5000     -22.0000   0.00189600  0.000297323
     -23.0000     -22.5000  0.000700598  0.000167562
     -23.5000     -23.0000  0.000174956  6.51475e-05
     -24.0000     -23.5000  3.14181e-05  1.61153e-05
     -24.5000     -24.0000  3.47116e-06  3.05411e-06
     -25.0000     -24.5000  6.39036e-07  1.03981e-07


MK(AB)-5log(h) and phi(Mpc-3h-3mag-1)/bin
bin / number counts / error
K-Band - Cole, Bell & Jones


