13
  8.25000      8.50000     0.168769    0.0685683
      8.50000      8.75000     0.154380    0.0433537
      8.75000      9.00000     0.140524    0.0219211
      9.00000      9.25000     0.139089    0.0159911
      9.25000      9.50000     0.174682    0.0211009
      9.50000      9.75000     0.220117    0.0273671
      9.75000      10.0000     0.279306    0.0399407
      10.0000      10.2500     0.373900    0.0435730
      10.2500      10.5000     0.469498    0.0567023
      10.5000      10.7500     0.611303    0.0890501
      10.7500      11.0000     0.666403     0.118203
      11.0000      11.2500     0.827966     0.141070
      11.2500      11.5000     0.858159     0.154395

 
red fraction Muzzin2013 + Ilbert2013