9
  9.25000      9.50000    0.0304564    0.0165208
      9.50000      9.75000    0.0549386    0.0266862
      9.75000      10.0000     0.113689    0.0475296
      10.0000      10.2500     0.221047    0.0904273
      10.2500      10.5000     0.272901     0.118165
      10.5000      10.7500     0.267388     0.103207
      10.7500      11.0000     0.314905     0.128473
      11.0000      11.2500     0.406142     0.136260
      11.2500      11.5000     0.481301     0.123284


red fraction Muzzin2013 + Ilbert2013 + Tomczak2013
