12
  8.25000      8.50000     0.210240    0.0587521
      8.50000      8.75000     0.140601    0.0507292
      8.75000      9.00000     0.179359    0.0464231
      9.00000      9.25000     0.226717    0.0546854
      9.25000      9.50000     0.306897    0.0660120
      9.50000      9.75000     0.386820    0.0647938
      9.75000      10.0000     0.468728    0.0731562
      10.0000      10.2500     0.546803    0.0689845
      10.2500      10.5000     0.609810    0.0694263
      10.5000      10.7500     0.689693    0.0898226
      10.7500      11.0000     0.756920    0.0959246
      11.0000      11.2500     0.867064     0.107981
    

mass bin / fraction of red galaxies / error

Bell2003 + Baldry 2004 fraction of red galaxies


 



