11
 8.75000      9.00000    0.0625490    0.0311094
      9.00000      9.25000    0.0718055    0.0396909
      9.25000      9.50000    0.0759546    0.0429325
      9.50000      9.75000     0.127957    0.0619617
      9.75000      10.0000     0.185384    0.0794920
      10.0000      10.2500     0.282321     0.117780
      10.2500      10.5000     0.391977     0.118506
      10.5000      10.7500     0.539366     0.114104
      10.7500      11.0000     0.700978     0.130553
      11.0000      11.2500     0.818758     0.159489
      11.2500      11.5000     0.910815     0.220526

red fraction Muzzin2013 + Ilbert2013 + Tomczak2013
