 10
   9.00000      9.25000    0.0112836   0.00454639
      9.25000      9.50000   0.00934830   0.00337733
      9.50000      9.75000   0.00728051   0.00263028
      9.75000      10.0000   0.00495160   0.00178890
      10.0000      10.2500   0.00354754   0.00125309
      10.2500      10.5000   0.00277661  0.000828247
      10.5000      10.7500   0.00178220  0.000861764
      10.7500      11.0000  0.000893994  0.000560182
      11.0000      11.2500  0.000252143  0.000144519
      11.2500      11.5000  3.99246e-05  3.77603e-05
      

Muzzin2013 + Ilbert2013 + Tomczak2013
