12
  8.75000      9.00000   0.00154277  0.000996598
      9.00000      9.25000   0.00141992  0.000917243
      9.25000      9.50000   0.00123241  0.000796114
      9.50000      9.75000   0.00155402   0.00100387
      9.75000      10.0000   0.00188085  0.000981590
      10.0000      10.2500   0.00245308   0.00128013
      10.2500      10.5000   0.00313915   0.00131826
      10.5000      10.7500   0.00311536   0.00123722
      10.7500      11.0000   0.00232764   0.00106173
      11.0000      11.2500   0.00108983  0.000569928
      11.2500      11.5000  0.000390077  0.000248594
      11.5000      11.7500  6.42559e-05  5.54266e-05
       
Muzzin2013 + Ilbert2013 + Tomczak2013

