13
   8.25000      8.50000    0.0108715   0.00633552
      8.50000      8.75000   0.00786943   0.00353118
      8.75000      9.00000   0.00519474   0.00126329
      9.00000      9.25000   0.00386887  0.000605650
      9.25000      9.50000   0.00379078  0.000642305
      9.50000      9.75000   0.00397891  0.000684435
      9.75000      10.0000   0.00416421  0.000895529
      10.0000      10.2500   0.00492670  0.000805059
      10.2500      10.5000   0.00563349   0.00120211
      10.5000      10.7500   0.00521040   0.00180119
      10.7500      11.0000   0.00348073   0.00158411
      11.0000      11.2500   0.00164310  0.000835361
      11.2500      11.5000  0.000546982  0.000351909

Muzzin 2013  + Ilbert2013


    