 12
   8.50000      8.75000    0.0329525    0.0110729
      8.75000      9.00000    0.0231222   0.00776965
      9.00000      9.25000    0.0183546   0.00616761
      9.25000      9.50000    0.0149932   0.00503809
      9.50000      9.75000    0.0105908   0.00355880
      9.75000      10.0000   0.00826482   0.00343777
      10.0000      10.2500   0.00623588   0.00203749
      10.2500      10.5000   0.00486936   0.00130893
      10.5000      10.7500   0.00266061  0.000689143
      10.7500      11.0000  0.000992920  0.000365199
      11.0000      11.2500  0.000241247  0.000164727
      11.2500      11.5000  3.81954e-05  3.69996e-05
 
Muzzin2013 + Ilbert2013 + Tomczak2013
