13
8.37500      8.62500    0.0463613    0.0105294
8.62500      8.87500    0.0327278   0.00743299
8.87500      9.12500    0.0249329   0.00566264
9.12500      9.37500    0.0192454   0.00437093
9.37500      9.62500    0.0151163   0.00343314
9.62500      9.87500    0.0125652   0.00285375
9.87500      10.1250    0.0109632   0.00232791
10.1250      10.3750   0.00943024   0.00187789
10.3750      10.6250   0.00775609  0.000847192
10.6250      10.8750   0.00530634  0.000767651
10.8750      11.1250   0.00262766  0.000557417
11.1250      11.3750  0.000919221  0.000237849
11.3750      11.6250  0.000208853  0.000133635
            
muzzin2013 + ilbert2013 + ilbert2010 + tomczak2013 - z=0.75 stellar mass function
bin_low / bin_high / number counts / error