13
  8.25000      8.50000   0.00988471   0.00471660
      8.50000      8.75000   0.00672157   0.00210070
      8.75000      9.00000   0.00761967   0.00199608
      9.00000      9.25000   0.00831243   0.00217756
      9.25000      9.50000   0.00946671   0.00247994
      9.50000      9.75000   0.00995740   0.00253873
      9.75000      10.0000    0.0104275   0.00282842
      10.0000      10.2500    0.0104287   0.00275902
      10.2500      10.5000   0.00979492   0.00245606
      10.5000      10.7500   0.00866714   0.00267242
      10.7500      11.0000   0.00525958   0.00132841
      11.0000      11.2500   0.00207672  0.000524515
      11.2500      11.5000  0.000434596  0.000109765
 
      
      bell 2003 + baldry 2004
       baldry selection: u-r gt (2.06-0.244*tanh((Mag_r+20.07)/1.09))
