 14
      8.00000      8.25000    0.0677869   0.00831547
      8.25000      8.50000    0.0535451   0.00651448
      8.50000      8.75000    0.0431049   0.00613553
      8.75000      9.00000    0.0317723   0.00453647
      9.00000      9.25000    0.0239470   0.00343554
      9.25000      9.50000    0.0179102   0.00264731
      9.50000      9.75000    0.0140974   0.00222238
      9.75000      10.0000    0.0107449   0.00142585
      10.0000      10.2500   0.00824983   0.00120619
      10.2500      10.5000   0.00636548   0.00156413
      10.5000      10.7500   0.00331303   0.00126902
      10.7500      11.0000   0.00174243  0.000965495
      11.0000      11.2500  0.000341401  0.000268902
      11.2500      11.5000  9.04079e-05  8.61602e-05
      
      
 15
      7.75000      8.00000    0.0711358   0.00898011
      8.00000      8.25000    0.0677869   0.00831547
      8.25000      8.50000    0.0535451   0.00651448
      8.50000      8.75000    0.0431049   0.00613553
      8.75000      9.00000    0.0317723   0.00453647
      9.00000      9.25000    0.0239470   0.00343554
      9.25000      9.50000    0.0179102   0.00264731
      9.50000      9.75000    0.0140974   0.00222238
      9.75000      10.0000    0.0107449   0.00142585
      10.0000      10.2500   0.00824983   0.00120619
      10.2500      10.5000   0.00636548   0.00156413
      10.5000      10.7500   0.00331303   0.00126902
      10.7500      11.0000   0.00174243  0.000965495
      11.0000      11.2500  0.000341401  0.000268902
      11.2500      11.5000  9.04079e-05  8.61602e-05  
      

 Muzzin2013 + Ilbert2013
 
 