 13
  8.00000      8.25000    0.0694465    0.0159322
      8.25000      8.50000    0.0377718   0.00866547
      8.50000      8.75000    0.0417928   0.00958795
      8.75000      9.00000    0.0354642   0.00813607
      9.00000      9.25000    0.0286406   0.00657062
      9.25000      9.50000    0.0216142   0.00325808
      9.50000      9.75000    0.0160408   0.00223701
      9.75000      10.0000    0.0119423  0.000978174
      10.0000      10.2500   0.00875163   0.00111231
      10.2500      10.5000   0.00634420   0.00132133
      10.5000      10.7500   0.00397535   0.00118240
      10.7500      11.0000   0.00172332  0.000606681
      11.0000      11.2500  0.000325978  0.000113220
      
      Balrdy 2004 + Bell 2003
        baldry selection: u-r lt (2.06-0.244*tanh((Mag_r+20.07)/1.09))
        
    