14
 8.12500      8.37500    0.0669785    0.0200315
      8.37500      8.62500    0.0544026    0.0162704
      8.62500      8.87500    0.0430029    0.0128611
      8.87500      9.12500    0.0320909   0.00959757
      9.12500      9.37500    0.0218141   0.00652405
      9.37500      9.62500    0.0169654   0.00507392
      9.62500      9.87500    0.0140201   0.00440834
      9.87500      10.1250    0.0126755   0.00371805
      10.1250      10.3750    0.0114655   0.00315142
      10.3750      10.6250   0.00920196   0.00241086
      10.6250      10.8750   0.00606025   0.00146138
      10.8750      11.1250   0.00321497   0.00128502
      11.1250      11.3750   0.00116102  0.000598136
      11.3750      11.6250  0.000301158  0.000206469
    
muzzin2013 + ilbert2013 + ilbert2010 - z=0.4 stellar mass function
bin_low / bin_high / number counts / error