13
  8.37500      8.62500    0.0463613    0.0185760
      8.62500      8.87500    0.0289199    0.0115876
      8.87500      9.12500    0.0220840   0.00884859
      9.12500      9.37500    0.0176327   0.00706504
      9.37500      9.62500    0.0141813   0.00568217
      9.62500      9.87500    0.0110905   0.00444374
      9.87500      10.1250   0.00948906   0.00380207
      10.1250      10.3750   0.00834965   0.00295849
      10.3750      10.6250   0.00673821   0.00186508
      10.6250      10.8750   0.00435243   0.00172156
      10.8750      11.1250   0.00219891  0.000986168
      11.1250      11.3750  0.000695463  0.000461607
      11.3750      11.6250  0.000196059  0.000146429

13
   8.50000    0.0463613    0.0185760
      8.75000    0.0289199    0.0115876
      9.00000    0.0220840   0.00884859
      9.25000    0.0176327   0.00706504
      9.50000    0.0141813   0.00568217
      9.75000    0.0110905   0.00444374
      10.0000   0.00948906   0.00380207
      10.2500   0.00834965   0.00295849
      10.5000   0.00673821   0.00186508
      10.7500   0.00435243   0.00172156
      11.0000   0.00219891  0.000986168
      11.2500  0.000695463  0.000461607
      11.5000  0.000196059  0.000146429

Ilbert 2010 + Muzzin2013 + Ilbert2013 + Tomczak2013- z=1 stellar mass function
bin_low / bin_high / number counts / error


11     
    9.00000    0.0231430   0.00963693
      9.25000    0.0185638   0.00773011
      9.50000    0.0161229   0.00671368
      9.75000    0.0125120   0.00521010
      10.0000   0.00938369   0.00390744
      10.2500   0.00861511   0.00269303
      10.5000   0.00724635   0.00237323
      10.7500   0.00435243   0.00172156
      11.0000   0.00219891  0.000986168
      11.2500  0.000695463  0.000461607
      11.5000  0.000196059  0.000146429
 
 
Ilbert 2010 + Pozzetti 2010 + Muzzin2013 + Ilbert2013 - z=1 stellar mass function
bin / number counts / error


    
  