 9
  9.25000      9.50000  0.000293659  0.000156562
      9.50000      9.75000  0.000423233  0.000225644
      9.75000      10.0000  0.000635150  0.000338626
      10.0000      10.2500   0.00100670  0.000536713
      10.2500      10.5000   0.00104214  0.000597340
      10.5000      10.7500  0.000650467  0.000391070
      10.7500      11.0000  0.000410926  0.000284139
      11.0000      11.2500  0.000172442  0.000135543
      11.2500      11.5000  3.70461e-05  3.49456e-05

Muzzin2013 + Ilbert2013 + Tomczak2013
