         322
                    11           0           0       18.100001
             191000011         191           0       2650.1938
            6154000011        6154           0       80473.394
         3011377000191       11377           3       20029.151
         6000037000011          37           6       18.100001
         9000008007333           8           9       2650.1938
        12000056003270          56          12       164.82917
        15003371000011        3371          15       191445.31
        15009647000011        9647          15       1014.1209
        16000018002062          18          16       35346.295
        17000332000011         332          17       10232.640
        23003330038096        3330          23       164.82917
        23006464000011        6464          23       48946.759
        24000518000011         518          24       8179.5502
        25005421000011        5421          25       98.107897
        34010524000011       10524          34       594.63045
        36000637000011         637          36       35346.295
        41016324000011       16324          41       191445.31
        42000038000011          38          42       36.240910
        42006851000011        6851          42       309.96668
        42011587000011       11587          42       191445.31
        43001267000011        1267          43       36.240910
        43001281000011        1281          43       164.82917
        45000091000011          91          45       36.240910
        47002071012561        2071          47       4040.5696
        49017041000011       17041          49       191445.31
        50000082000011          82          50       2650.1938
        55016582000011       16582          55       36.240910
        59000216000011         216          59       2650.1938
        59000225000011         225          59       1014.1209
        60000104000011         104          60       1014.1209
        61005104000011        5104          61       594.63045
        64019026000011       19026          64       98.107897
        67014790000011       14790          67       1014.1209
        71020148000011       20148          71       20029.151
        72000031000011          31          72       309.96668
        72018407000011       18407          72       164.82917
        73000075004096          75          73       80473.394
        78019628000011       19628          78       8179.5502
        80000021000011          21          80       36.240910
        82000470000136         470          82       191445.31
        86000507000435         507          86       10232.640
        88004353000011        4353          88       98.107897
        89003403000011        3403          89       98.107897
        89003418000210        3418          89       309.96668
        93000181000011         181          93       1014.1209
        97018901008397       18901          97       80473.394
       100000051000011          51         100       1014.1209
       103000129000011         129         103       594.63045
       103000331000215         331         103       10232.640
       104000064000011          64         104       1014.1209
       104000192000011         192         104       4040.5696
       104004624000011        4624         104       80473.394
       105000050037697          50         105       10232.640
       105006792000011        6792         105       594.63045
       108003428000011        3428         108       11.050000
       108003429000011        3429         108       18.100001
       109000156002137         156         109       309.96668
       110000098000011          98         110       2650.1938
       110010711000011       10711         110       2650.1938
       111006745000011        6745         111       1014.1209
       112009398000011        9398         112       10232.640
       114000165000622         165         114       20029.151
       114014938000011       14938         114       98.107897
       115000219000011         219         115       8179.5502
       117011995000011       11995         117       2650.1938
       119000072000011          72         119       164.82917
       121000190000011         190         121       4040.5696
       127009186000011        9186         127       469559.88
       128000001000011           1         128       18.100001
       128000006000011           6         128       164.82917
       129001712000011        1712         129       35346.295
       133000311000011         311         133       4040.5696
       133012128000011       12128         133       469559.88
       135006136004937        6136         135       4040.5696
       136000057000011          57         136       18.100001
       139012479000011       12479         139       80473.394
       142009993000062        9993         142       35346.295
       143005899000011        5899         143       35346.295
       144009948000011        9948         144       36.240910
       144010041000011       10041         144       4040.5696
       146007570000011        7570         146       164.82917
       147014591000011       14591         147       48946.759
       148000040032371          40         148       48946.759
       152000664000011         664         152       10232.640
       152001102000011        1102         152       20029.151
       156009582000408        9582         156       80473.394
       158006413000115        6413         158       18.100001
       160004171000011        4171         160       80473.394
       161000063000011          63         161       309.96668
       163000100000011         100         163       164.82917
       163002436000011        2436         163       48946.759
       164002189000011        2189         164       80473.394
       164013320000011       13320         164       20029.151
       165012624000011       12624         165       8179.5502
       167000546000011         546         167       20029.151
       169000207000011         207         169       8179.5502
       171003923000011        3923         171       36.240910
       172000929000011         929         172       10232.640
       174024035000148       24035         174       35346.295
       179001287000011        1287         179       20029.151
       181000113000011         113         181       594.63045
       181023270000011       23270         181       35346.295
       182000119000011         119         182       164.82917
       184012930000123       12930         184       80473.394
       185000068000011          68         185       36.240910
       186000107000011         107         186       36.240910
       186000129000011         129         186       309.96668
       186014855002824       14855         186       1014.1209
       187000400000011         400         187       10232.640
       190005532000011        5532         190       20029.151
       191000121000011         121         191       98.107897
       192016668017450       16668         192       164.82917
       192019765000011       19765         192       80473.394
       194005126000121        5126         194       164.82917
       195008704000011        8704         195       4040.5696
       197000064000011          64         197       309.96668
       197000075000011          75         197       594.63045
       200000074000011          74         200       98.107897
       201010841000011       10841         201       594.63045
       202000070000011          70         202       1014.1209
       203001558000011        1558         203       191445.31
       203013031000011       13031         203       8179.5502
       204000028000011          28         204       36.240910
       204000029000011          29         204       36.240910
       204011666000011       11666         204       18.100001
       204020812000011       20812         204       469559.88
       205000220000011         220         205       2650.1938
       205000680000011         680         205       10232.640
       208003894000011        3894         208       8179.5502
       211008909022924        8909         211       36.240910
       211025524000011       25524         211       4040.5696
       212000399000011         399         212       8179.5502
       214009877000011        9877         214       4040.5696
       214010613000011       10613         214       20029.151
       216005613000416        5613         216       80473.394
       217003986000011        3986         217       164.82917
       217004176000011        4176         217       8179.5502
       219000260000011         260         219       2650.1938
       220009329004750        9329         220       164.82917
       220019100000011       19100         220       191445.31
       221005458000011        5458         221       594.63045
       223000612000011         612         223       8179.5502
       224019628001124       19628         224       8179.5502
       226000090002421          90         226       469559.88
       227000114000011         114         227       18.100001
       230006498000011        6498         230       48946.759
       233000112000011         112         233       18.100001
       234016398001638       16398         234       594.63045
       237000097003146          97         237       11.050000
       238000073000011          73         238       309.96668
       242000072000011          72         242       36.240910
       243010930014354       10930         243       35346.295
       244004930000011        4930         244       11.050000
       250000013003515          13         250       309.96668
       253011780000011       11780         253       594.63045
       254001386000011        1386         254       35346.295
       254017298000011       17298         254       98.107897
       255000207001433         207         255       48946.759
       257000033000011          33         257       36.240910
       257000034000011          34         257       18.100001
       258000054004130          54         258       594.63045
       260002819000011        2819         260       20029.151
       261007322000011        7322         261       164.82917
       261007326000011        7326         261       164.82917
       263001169000011        1169         263       309.96668
       263003926000056        3926         263       36.240910
       268001418000011        1418         268       1014.1209
       269004160000011        4160         269       11.050000
       269004238000395        4238         269       10232.640
       270001328000011        1328         270       48946.759
       270010082000011       10082         270       20029.151
       271010649000011       10649         271       309.96668
       272010082000011       10082         272       164.82917
       272010096000011       10096         272       594.63045
       275005958000329        5958         275       4040.5696
       275007286000011        7286         275       35346.295
       277000983000108         983         277       48946.759
       277020337000011       20337         277       1014.1209
       277020364000011       20364         277       2650.1938
       278016678016234       16678         278       1014.1209
       278016691000011       16691         278       309.96668
       284000102032250         102         284       35346.295
       288001581000011        1581         288       48946.759
       292002060059447        2060         292       18.100001
       292002075000011        2075         292       594.63045
       297000174000011         174         297       1014.1209
       302007339000011        7339         302       164.82917
       308004933000011        4933         308       35346.295
       309001069000011        1069         309       98.107897
       309009718000011        9718         309       191445.31
       311001693000011        1693         311       18.100001
       312000069002980          69         312       4040.5696
       312000385000011         385         312       4040.5696
       312000977000011         977         312       10232.640
       312022880000011       22880         312       1014.1209
       313017865000011       17865         313       191445.31
       314012998002897       12998         314       10232.640
       316000095000883          95         316       48946.759
       316017656000011       17656         316       191445.31
       324014697000080       14697         324       10232.640
       325000070006923          70         325       309.96668
       328000789000011         789         328       35346.295
       329004026000011        4026         329       18.100001
       329004038000011        4038         329       164.82917
       331001669000011        1669         331       1014.1209
       331004923000011        4923         331       48946.759
       333011424000011       11424         333       35346.295
       334001430000011        1430         334       80473.394
       335029603001792       29603         335       594.63045
       335029649000011       29649         335       8179.5502
       336000029000206          29         336       11.050000
       336000029060398          29         336       80473.394
       340000066000011          66         340       36.240910
       340000257000011         257         340       2650.1938
       340021290000011       21290         340       4040.5696
       345000106000011         106         345       594.63045
       346000175000373         175         346       4040.5696
       348000060000011          60         348       164.82917
       351000151001079         151         351       2650.1938
       351000154000011         154         351       594.63045
       352012994000011       12994         352       2650.1938
       354010703000011       10703         354       1014.1209
       355000110000011         110         355       4040.5696
       358018341000011       18341         358       98.107897
       359000108000011         108         359       98.107897
       359012473000219       12473         359       8179.5502
       361009776000011        9776         361       18.100001
       361009781000011        9781         361       36.240910
       361009786007187        9786         361       594.63045
       362000144000011         144         362       309.96668
       362006377000011        6377         362       80473.394
       365000132000011         132         365       11.050000
       365000197000011         197         365       1014.1209
       366001317000053        1317         366       48946.759
       366004646000011        4646         366       191445.31
       367000142015798         142         367       11.050000
       368011056000011       11056         368       20029.151
       369020756000011       20756         369       469559.88
       372000071002193          71         372       594.63045
       373000141006826         141         373       98.107897
       376000155000261         155         376       10232.640
       376000267000011         267         376       8179.5502
       378000117000011         117         378       164.82917
       378000186000011         186         378       1014.1209
       379000128006531         128         379       309.96668
       383003638000011        3638         383       164.82917
       384008311000011        8311         384       1014.1209
       387000179000011         179         387       2650.1938
       387005769000011        5769         387       191445.31
       387017105000011       17105         387       35346.295
       388001619000011        1619         388       48946.759
       388009803000011        9803         388       164.82917
       388009824000011        9824         388       309.96668
       399000160000011         160         399       309.96668
       399011217000011       11217         399       309.96668
       402020399000011       20399         402       48946.759
       403000064000011          64         403       36.240910
       403001141000011        1141         403       20029.151
       404000064000254          64         404       98.107897
       407000609000011         609         407       594.63045
       407001061000011        1061         407       10232.640
       407001477000119        1477         407       80473.394
       408018571000011       18571         408       309.96668
       408018581000011       18581         408       309.96668
       409000110000921         110         409       4040.5696
       410000066000011          66         410       98.107897
       413000248000011         248         413       4040.5696
       415016725000011       16725         415       20029.151
       416000124000011         124         416       1014.1209
       418000067000011          67         418       98.107897
       425000084000011          84         425       309.96668
       425009727000011        9727         425       191445.31
       427000158000011         158         427       309.96668
       428016653000011       16653         428       36.240910
       429016468000011       16468         429       36.240910
       430008535000011        8535         430       36.240910
       430013216000011       13216         430       80473.394
       431000183000011         183         431       18.100001
       432014652000011       14652         432       1014.1209
       435000170000011         170         435       594.63045
       436017494000011       17494         436       11.050000
       440002127000011        2127         440       48946.759
       445013537000011       13537         445       469559.88
       447000874000011         874         447       20029.151
       447022816003050       22816         447       309.96668
       449006191000011        6191         449       80473.394
       451010197000011       10197         451       2650.1938
       454000745000011         745         454       10232.640
       454001460000050        1460         454       48946.759
       461000197000011         197         461       2650.1938
       461024287000327       24287         461       10232.640
       462001756000062        1756         462       48946.759
       463013588000011       13588         463       469559.88
       466000107019623         107         466       1014.1209
       468001583000011        1583         468       4040.5696
       470003778000011        3778         470       48946.759
       470004702000011        4702         470       80473.394
       471000186012333         186         471       20029.151
       472000082000011          82         472       98.107897
       472000562000011         562         472       10232.640
       473000144000011         144         473       1014.1209
       473015336000011       15336         473       594.63045
       478003904000011        3904         478       98.107897
       479002346000011        2346         479       36.240910
       479002354006796        2354         479       48946.759
       479002355000011        2355         479       164.82917
       480001501000011        1501         480       20029.151
       481000117000011         117         481       594.63045
       483000118000011         118         483       594.63045
       484015130000011       15130         484       18.100001
       484015130000011       15130         484       18.100001
       489001569000011        1569         489       35346.295
       492000145000605         145         492       10232.640
       497003429000011        3429         497       98.107897
       498000154009864         154         498       164.82917
       503000915000011         915         503       10232.640
       506005206000011        5206         506       469559.88
       507000136000011         136         507       309.96668
       508000204000628         204         508       80473.394
       509000164000011         164         509       98.107897
       511002807001424        2807         511       8179.5502
