26
0.0192095	1553.7239990	-1337.8344727	
0.0244913	207.9978638	-95.4822540	
0.0302914	480.7730713	-195.3261414	
0.0386201	623.9468384	-217.3498840
0.0484969	399.0967102	-124.0839539	
0.0608997	489.8086548	-132.8972778	
0.0776443	422.0234680	-84.5018616	
0.0975015	406.5969543	-69.0753479	
0.1224369	414.2383118	-70.3735046	
0.1537493	414.2383118	-63.9109497	
0.1930698	331.2955627	-51.1143188	
0.2461551	301.8450317	-51.2794037	
0.3091079	269.9394226	-41.6477203	
0.3881603	260.0723267	-35.9918671	
0.4874299	211.9069977	-32.6942444	
0.6120871	200.3946991	-34.0442200	
0.7686247	154.4112244	-23.8234100	
0.9799615	133.0420074	-18.4118118	
1.2305802	100.6225052	-13.9252701
1.5452943	80.4748230	-13.6715546	
1.9404932	59.7420616	-10.1493721	
2.4740405	44.3506546	-8.2137146
3.1067600	33.5433464	-6.2122154	
3.9012969	24.4421883	-4.8940659	
4.8990278	15.6339979	-3.3610535	
6.1519299	13.7235441	-2.9503374	
