 14
      9.05075    0.0280250   0.00362107
      9.19748    0.0280250   0.00362107
      9.35337    0.0206960   0.00267410
      9.50010    0.0186286   0.00280228
      9.65599    0.0142855   0.00154080
      9.80272    0.0106085   0.00159595
      9.94944   0.00687971   0.00103491
      10.0962   0.00391796  0.000589375
      10.2429   0.00164775  0.000247868
      10.3896  0.000955995  0.000123523
      10.5455  0.000385013  4.97471e-05
      10.6831  8.73205e-05  1.68058e-05
      10.8390  1.44523e-05  3.96435e-06
      11.0040  3.63394e-06  1.61111e-06



Zwaan 2005 Cold Gas Mass function



   7.43678     0.186461     0.114403
      7.55599     0.127853    0.0672574
      7.70272    0.0802328    0.0409358
      7.85861    0.0857987    0.0302313
      8.02368    0.0624911    0.0231949
      8.14289    0.0448362    0.0131908
      8.31713    0.0478299    0.0101985
      8.46385    0.0462547   0.00695856
      8.61058    0.0483026   0.00726610
      8.75730    0.0492103   0.00635839
      8.90403    0.0348005   0.00449653
      9.05075    0.0280250   0.00362107
      9.19748    0.0280250   0.00362107
      9.35337    0.0206960   0.00267410
      9.50010    0.0186286   0.00280228
      9.65599    0.0142855   0.00154080
      9.80272    0.0106085   0.00159595
      9.94944   0.00687971   0.00103491
      10.0962   0.00391796  0.000589375
      10.2429   0.00164775  0.000247868
      10.3896  0.000955995  0.000123523
      10.5455  0.000385013  4.97471e-05
      10.6831  8.73205e-05  1.68058e-05
      10.8390  1.44523e-05  3.96435e-06
      11.0040  3.63394e-06  1.61111e-06
