10
    -19.5000   0.00727561   0.00209365
     -20.0000   0.00640133   0.00258205
     -20.5000   0.00571396   0.00233670
     -21.0000   0.00481105   0.00194405
     -21.5000   0.00389743   0.00172828
     -22.0000   0.00273662   0.00129980
     -22.5000   0.00167534  0.000938596
     -23.0000  0.000861781  0.000575019
     -23.5000  0.000326429  0.000275066
     -24.0000  8.73241e-05  8.27608e-05
     -24.5000  1.15492e-05  1.10558e-05


old cirasuolo errors
 10
   -19.5000   0.00741499  0.000389940
     -20.0000   0.00750680   0.00147658
     -20.5000   0.00575700   0.00229365
     -21.0000   0.00527676   0.00147834
     -21.5000   0.00449448   0.00113123
     -22.0000   0.00294872   0.00108771
     -22.5000   0.00189496  0.000718979
     -23.0000  0.000982830  0.000453970
     -23.5000  0.000219939  0.000116516
     -24.0000  2.45000e-05  1.55000e-05
     -24.5000  6.00000e-06  4.00000e-06




    
     
MK(AB)-5logh and phi(Mpc-3h-3mag-1)/bin
bin / number counts / error
K-Band z=1.0 - Drory 2003 + Cirasuolo 2010 + Pozzetti2003 + Caputti2006




just - Drory 2003 + Cirasuolo 2010

-19.1159   0.00902467     0.000974921
     -19.6159   0.00723561  0.000185725
     -20.1159   0.00579047  0.000142635
     -20.6159   0.00476220  0.000135385
     -21.1159   0.00398297  0.000153999
     -21.6159   0.00356412  0.000516864
     -22.1159   0.00220036  0.000552487
     -22.6159   0.00132175  0.000317635
     -23.1159  0.000597146  0.000161225
     -23.6159  0.000163953  8.31521e-05
     -24.1159  1.44982e-05  9.37338e-06
     -24.6159  4.40975e-06  3.11829e-06

