9
   9.37500    0.0304564    0.0165208
      9.62500    0.0549386    0.0266862
      9.87500     0.113689    0.0475296
      10.1250     0.221047    0.0904273
      10.3750     0.272901     0.118165
      10.6250     0.267388     0.103207
      10.8750     0.314905     0.128473
      11.1250     0.406142     0.136260
      11.3750     0.481301     0.123284

red fraction Muzzin2013 + Ilbert2013 + Tomczak2013

6
    10.1250     0.121487    0.0460364
      10.3750     0.207501    0.0717748
      10.6250     0.267388    0.0913033
      10.8750     0.314905    0.0845662
      11.1250     0.406142    0.0742323
      11.3750     0.481301    0.0432674
  
red fraction Muzzin2013 + Ilbert2013