13
   8.37500     0.168769    0.0685683
      8.62500     0.154380    0.0433537
      8.87500     0.140524    0.0219211
      9.12500     0.139089    0.0159911
      9.37500     0.174682    0.0211009
      9.62500     0.220117    0.0273671
      9.87500     0.279306    0.0399407
      10.1250     0.373900    0.0435730
      10.3750     0.469498    0.0567023
      10.6250     0.611303    0.0890501
      10.8750     0.666403     0.118203
      11.1250     0.827966     0.141070
      11.3750     0.858159     0.154395
 
red fraction Muzzin2013 + Ilbert2013