 13
      8.37500     0.194257    0.0595144
      8.62500     0.136557    0.0462163
      8.87500     0.179359    0.0407195
      9.12500     0.217271    0.0417069
      9.37500     0.306897    0.0568974
      9.62500     0.386820    0.0647938
      9.87500     0.468728    0.0731562
      10.1250     0.546803    0.0689845
      10.3750     0.609810    0.0694263
      10.6250     0.689693    0.0898226
      10.8750     0.756920    0.0959246
      11.1250     0.867064     0.107981
      11.3750     0.959170     0.106529
 

mass bin / fraction of red galaxies / error

Bell2003 + Baldry 2004 fraction of red galaxies


  8.62500     0.176024    0.0434497
      8.87500     0.134823    0.0213729
      9.12500     0.273268    0.0752633
      9.37500     0.337588    0.0886196
      9.62500     0.345108    0.0677436
      9.87500     0.446717    0.0885770
      10.1250     0.500529    0.0851818
      10.3750     0.558942    0.0829533
      10.6250     0.616933    0.0957365
      10.8750     0.710202     0.142728
      11.1250     0.773141     0.118184
      11.3750     0.881222    0.0382613
      11.6250     0.943143    0.0921022
 



