9
  9.37500  0.000293659  0.000156562
      9.62500  0.000423233  0.000225644
      9.87500  0.000635150  0.000338626
      10.1250   0.00100670  0.000536713
      10.3750   0.00104214  0.000597340
      10.6250  0.000650467  0.000391070
      10.8750  0.000410926  0.000284139
      11.1250  0.000172442  0.000135543
      11.3750  3.70461e-05  3.49456e-05

Muzzin2013 + Ilbert2013 + Tomczak2013

6
  10.1250  0.000490579  0.000412458
      10.3750  0.000727004  0.000504854
      10.6250  0.000650467  0.000391070
      10.8750  0.000410926  0.000284139
      11.1250  0.000172442  0.000135543
      11.3750  3.70461e-05  3.49456e-05
  
Muzzin 2013  + Ilbert2013
