14
   8.12500    0.0682694    0.0160271
      8.37500    0.0371317   0.00871713
      8.62500    0.0410845   0.00964510
      8.87500    0.0348631   0.00818455
      9.12500    0.0283519   0.00665596
      9.37500    0.0213798   0.00333472
      9.62500    0.0157843   0.00221441
      9.87500    0.0118189  0.000970862
      10.1250   0.00864345   0.00105331
      10.3750   0.00626734   0.00126827
      10.6250   0.00389952   0.00117081
      10.8750   0.00168908  0.000601430
      11.1250  0.000318398  0.000113357
      11.3750  2.87008e-05  1.77280e-05

      
      Balrdy 2004 + Bell 2003
        baldry selection: u-r lt (2.06-0.244*tanh((Mag_r+20.07)/1.09))
        
        14
  8.12500    0.0682694    0.0170673
      8.37500    0.0410000   0.00900000
      8.62500    0.0425000   0.00750000
      8.87500    0.0348631   0.00201759
      9.12500    0.0299460   0.00506184
      9.37500    0.0213798   0.00333472
      9.62500    0.0157843   0.00221441
      9.87500    0.0118189  0.000970862
      10.1250   0.00864345   0.00105331
      10.3750   0.00626734   0.00126827
      10.6250   0.00389952   0.00117081
      10.8750   0.00168908  0.000601430
      11.1250  0.000318398  0.000113357
      11.3750  1.85000e-05 -1.15000e-05