13
  8.37500    0.0108715   0.00633552
      8.62500   0.00786943   0.00353118
      8.87500   0.00519474   0.00126329
      9.12500   0.00386887  0.000605650
      9.37500   0.00379078  0.000642305
      9.62500   0.00397891  0.000684435
      9.87500   0.00416421  0.000895529
      10.1250   0.00492670  0.000805059
      10.3750   0.00563349   0.00120211
      10.6250   0.00521040   0.00180119
      10.8750   0.00348073   0.00158411
      11.1250   0.00164310  0.000835361
      11.3750  0.000546982  0.000351909      
Muzzin 2013  + Ilbert2013


    