18
   7.25000     0.206160    0.0823727
      7.50000     0.212605    0.0849478
      7.75000     0.200563    0.0801363
      8.00000     0.148489    0.0593298
      8.25000     0.110683    0.0442243
      8.50000    0.0722465    0.0288666
      8.75000    0.0546873    0.0137022
      9.00000    0.0418812   0.00981661
      9.25000    0.0325495   0.00822854
      9.50000    0.0252171   0.00486863
      9.75000    0.0210288   0.00436372
      10.0000    0.0185282   0.00185282
      10.2500    0.0173574   0.00173574
      10.5000    0.0149567   0.00149567
      10.7500    0.0106162   0.00106162
      11.0000   0.00499574   0.000499574
      11.2500   0.00140553   0.0000420906
      11.5000  0.000137310  0.000102325
      11.7500  1.23598e-05  9.27732e-06
      12.0000  4.32500e-07  1.60186e-07

small errors in the knee

19
   7.25000     0.206160    0.0823727
      7.50000     0.212605    0.0849478
      7.75000     0.200563    0.0801363
      8.00000     0.148489    0.0593298
      8.25000     0.110683    0.0442243
      8.50000    0.0722465    0.0288666
      8.75000    0.0546873    0.0137022
      9.00000    0.0418812   0.00981661
      9.25000    0.0325495   0.00822854
      9.50000    0.0252171   0.00486863
      9.75000    0.0210288   0.00436372
      10.0000    0.0185282   0.00318079
      10.2500    0.0173574   0.00238067
      10.5000    0.0149567   0.00199062
      10.7500    0.0106162   0.00198198
      11.0000   0.00499574   0.00105713
      11.2500   0.00140553  0.000420906
      11.5000  0.000137310  0.000102325
      11.7500  1.23598e-05  9.27732e-06
      12.0000  4.32500e-07  1.60186e-07

 (adjusted on two last bins)
 
Baldry 2008 + Li & White 2009 + Baldry 2012 - z=0 stellar mass function

19
 7.25000     0.206160    0.0823727
      7.50000     0.212605    0.0849478
      7.75000     0.200563    0.0801363
      8.00000     0.148489    0.0593298
      8.25000     0.123324    0.0492750
      8.50000    0.0722465    0.0288666
      8.75000    0.0546873    0.0137022
      9.00000    0.0419225   0.00977536
      9.25000    0.0325495   0.00822854
      9.50000    0.0252171   0.00486863
      9.75000    0.0214788   0.00391372
      10.0000    0.0190603   0.00190603
      10.2500    0.0173574   0.00173574
      10.5000    0.0149567   0.00149567
      10.7500    0.0107412   0.00107412
      11.0000   0.00499574   0.000499574
      11.2500   0.00140553  0.000420906
      11.5000  0.000170075  6.95598e-05
      11.7500  1.23598e-05  9.27732e-06
      12.0000  4.32500e-07  1.60186e-07

small errors in the knee

19
   7.25000     0.206160    0.0823727
      7.50000     0.212605    0.0849478
      7.75000     0.200563    0.0801363
      8.00000     0.148489    0.0593298
      8.25000     0.123324    0.0492750
      8.50000    0.0722465    0.0288666
      8.75000    0.0546873    0.0137022
      9.00000    0.0419225   0.00977536
      9.25000    0.0325495   0.00822854
      9.50000    0.0252171   0.00486863
      9.75000    0.0214788   0.00391372
      10.0000    0.0190603   0.00264865
      10.2500    0.0173574   0.00238067
      10.5000    0.0149567   0.00199062
      10.7500    0.0107412   0.00185697
      11.0000   0.00499574   0.00105713
      11.2500   0.00140553  0.000420906
      11.5000  0.000170075  6.95598e-05
      11.7500  1.23598e-05  9.27732e-06
      12.0000  4.32500e-07  1.60186e-07
   
   (adjusted on two last bins)
 
Baldry 2008 + Li & White 2009 - z=0 stellar mass function
bin / number counts / error

  8.50000    0.0670983   0.00380543
      8.75000    0.0520501   0.00216197
      9.00000    0.0377860   0.00124854
      9.25000    0.0291505  0.000720037
      9.50000    0.0248168   0.00225917
      9.75000    0.0209234   0.00193901
      10.0000    0.0187479   0.00200164
      10.2500    0.0175972   0.00183685
      10.5000    0.0142760  0.000602584
      10.7500   0.00965983  0.000731240
      11.0000   0.00437170  0.000374452
      11.2500   0.00112438  9.03778e-05
      11.5000  0.000127524  4.63647e-05
      11.7500  1.23016e-05  4.47258e-06
      12.0000  4.82863e-07  1.76506e-07

