 -5.38413e-23
 -5.10158e-23
 -4.82461e-23
 -4.55870e-23
 -4.30308e-23
 -4.05830e-23
 -3.82371e-23
 -3.59974e-23
 -3.38568e-23
 -3.18178e-23
 -2.98738e-23
 -2.80264e-23
 -2.62699e-23
 -2.46042e-23
 -2.30242e-23
 -2.15287e-23
 -2.01134e-23
 -1.87761e-23
 -1.75132e-23
 -1.63219e-23
 -1.51989e-23
 -1.41379e-23
 -1.31399e-23
 -1.21961e-23
 -1.13180e-23
 -1.04953e-23
 -9.71763e-24
 -8.98527e-24
 -8.30361e-24
 -7.66449e-24
 -7.06223e-24
 -6.49495e-24
 -5.96634e-24
 -5.46617e-24
 -4.99823e-24
 -4.55698e-24
 -4.14249e-24
 -3.74804e-24
 -3.36996e-24
 -3.00092e-24
 -2.62350e-24
 -2.19253e-24
 -1.61031e-24
 -6.97710e-25
  8.95819e-25
  3.60370e-24
  7.96225e-24
  1.39956e-23
  2.07733e-23
  2.62793e-23
  2.89049e-23
  2.89132e-23
  2.77423e-23
  2.70781e-23
  2.89326e-23
  3.61949e-23
  5.25216e-23
  7.68662e-23
  9.63442e-23
  9.80342e-23
  8.71289e-23
  7.31266e-23
  6.05264e-23
  5.10654e-23
  4.44540e-23
  3.96380e-23
  3.58936e-23
  3.30739e-23
  3.02357e-23
  2.58783e-23
  2.00447e-23
  1.66680e-23
  1.48436e-23
  1.38884e-23
  1.32298e-23
  1.24910e-23
  1.17178e-23
  1.12039e-23
  1.10304e-23
  1.10397e-23
  1.10298e-23
  1.09507e-23
  1.08183e-23
  1.06483e-23
  1.04037e-23
  1.00612e-23
  9.72097e-24
  9.52935e-24
  9.52004e-24
  9.64654e-24
  9.88205e-24
  1.02853e-23
  1.07960e-23
  1.14139e-23
  1.21313e-23
  1.29423e-23
  1.38483e-23
  1.48498e-23
  1.59492e-23
  1.71443e-23
  1.84505e-23
  1.99443e-23
  2.15793e-23
  2.33599e-23
  2.53224e-23
  2.74889e-23
  2.99022e-23
  3.25720e-23
  3.55405e-23
  3.88139e-23
  4.24639e-23
  4.66172e-23
  5.12503e-23
  5.63627e-23
  6.20446e-23
  6.83208e-23
  7.52977e-23
  8.30139e-23
  9.15954e-23
  1.01099e-22
  1.11696e-22
   Cooling for Wiersma, Schaye and Smith (2008).
   Redshift = 5.0 log(T) = 2-8 K, log(dT) = 0.05, log(n_H) = -2 , [Z/Zsol] = 
-1.5
