 -1.92561e-23
 -1.87905e-23
 -1.83005e-23
 -1.78066e-23
 -1.73099e-23
 -1.68107e-23
 -1.63097e-23
 -1.58144e-23
 -1.53128e-23
 -1.48134e-23
 -1.43099e-23
 -1.38080e-23
 -1.33080e-23
 -1.28107e-23
 -1.23168e-23
 -1.18269e-23
 -1.13417e-23
 -1.08620e-23
 -1.03883e-23
 -9.92132e-24
 -9.46162e-24
 -9.00943e-24
 -8.56575e-24
 -8.13092e-24
 -7.70560e-24
 -7.29000e-24
 -6.88467e-24
 -6.48979e-24
 -6.10605e-24
 -5.73327e-24
 -5.37207e-24
 -5.02140e-24
 -4.68259e-24
 -4.35508e-24
 -4.03960e-24
 -3.73526e-24
 -3.44327e-24
 -3.15936e-24
 -2.87492e-24
 -2.55452e-24
 -2.06824e-24
 -1.10170e-24
  1.18557e-24
  6.21900e-24
  1.64724e-23
  3.29506e-23
  5.14466e-23
  6.19870e-23
  6.05270e-23
  5.27625e-23
  4.40312e-23
  3.67452e-23
  3.11927e-23
  2.76058e-23
  2.71896e-23
  3.27242e-23
  4.78930e-23
  7.11766e-23
  8.87672e-23
  8.79419e-23
  7.49857e-23
  6.00857e-23
  4.74384e-23
  3.77344e-23
  3.04493e-23
  2.50024e-23
  2.08592e-23
  1.77130e-23
  1.52435e-23
  1.32570e-23
  1.07982e-23
  9.57231e-24
  8.62666e-24
  7.90154e-24
  7.32541e-24
  6.80731e-24
  6.39865e-24
  6.09329e-24
  5.87111e-24
  5.71669e-24
  5.61016e-24
  5.57423e-24
  5.57404e-24
  5.60549e-24
  5.66183e-24
  5.73990e-24
  5.83943e-24
  5.96344e-24
  6.11087e-24
  6.27914e-24
  6.46987e-24
  6.73212e-24
  7.02231e-24
  7.33582e-24
  7.67233e-24
  8.03144e-24
  8.41325e-24
  8.81747e-24
  9.24469e-24
  9.69453e-24
  1.01770e-23
  1.07669e-23
  1.14035e-23
  1.20780e-23
  1.27944e-23
  1.35529e-23
  1.43581e-23
  1.52096e-23
  1.61128e-23
  1.70668e-23
  1.80939e-23
  1.93106e-23
  2.06297e-23
  2.20356e-23
  2.35402e-23
  2.51438e-23
  2.68596e-23
  2.86891e-23
  3.06470e-23
  3.27366e-23
  3.49974e-23
   Cooling for Wiersma, Schaye and Smith (2008).
   Redshift = 5.0 log(T) = 2-8 K, log(dT) = 0.05, log(n_H) = -1 , [Z/Zsol] = 
-3.0
