 -1.97532e-22
 -1.91168e-22
 -1.85261e-22
 -1.79581e-22
 -1.74160e-22
 -1.69055e-22
 -1.64146e-22
 -1.59387e-22
 -1.54755e-22
 -1.50263e-22
 -1.45870e-22
 -1.41545e-22
 -1.37270e-22
 -1.33002e-22
 -1.28739e-22
 -1.24448e-22
 -1.20247e-22
 -1.16074e-22
 -1.11898e-22
 -1.07659e-22
 -1.03406e-22
 -9.91806e-23
 -9.49296e-23
 -9.06477e-23
 -8.63803e-23
 -8.21030e-23
 -7.77658e-23
 -7.34404e-23
 -6.91228e-23
 -6.47916e-23
 -6.03833e-23
 -5.59212e-23
 -5.13822e-23
 -4.67479e-23
 -4.19744e-23
 -3.70326e-23
 -3.18185e-23
 -2.63437e-23
 -2.05583e-23
 -1.43763e-23
 -7.72492e-24
 -5.19847e-25
  7.32022e-24
  1.58456e-23
  2.51852e-23
  3.54083e-23
  4.66920e-23
  5.91014e-23
  7.28982e-23
  8.81467e-23
  1.05003e-22
  1.23775e-22
  1.44821e-22
  1.68045e-22
  1.94427e-22
  2.23680e-22
  2.57649e-22
  2.96204e-22
  3.40523e-22
  3.91336e-22
  4.47232e-22
  5.06628e-22
  5.69046e-22
  6.35928e-22
  7.09503e-22
  7.92060e-22
  8.85718e-22
  9.90622e-22
  1.10872e-21
  1.24225e-21
  1.39218e-21
  1.56152e-21
  1.75472e-21
  1.97036e-21
  2.21083e-21
  2.47954e-21
  2.77427e-21
  3.10462e-21
  3.47267e-21
  3.88793e-21
  4.35396e-21
  4.88003e-21
  5.47004e-21
  6.13543e-21
  6.88023e-21
  7.71796e-21
  8.65686e-21
  9.71205e-21
  1.08949e-20
  1.22234e-20
  1.37132e-20
  1.53855e-20
  1.72618e-20
  1.93666e-20
  2.17295e-20
  2.43789e-20
  2.73544e-20
  3.06889e-20
  3.44355e-20
  3.86320e-20
  4.33493e-20
  4.86304e-20
  5.45701e-20
  6.12169e-20
  6.86964e-20
  7.70621e-20
  8.64805e-20
  9.70098e-20
  1.08870e-19
  1.22122e-19
  1.37056e-19
  1.53740e-19
  1.72540e-19
  1.93550e-19
  2.17212e-19
  2.43668e-19
  2.73449e-19
  3.06764e-19
  3.44246e-19
  3.86197e-19
  4.33372e-19
   Cooling for Wiersma, Schaye and Smith (2008).
   Redshift = 8.0 log(T) = 2-8 K, log(dT) = 0.05, log(n_H) = -5 , [Z/Zsol] = 0.0
