 -6.35321e-23
 -5.96062e-23
 -5.58651e-23
 -5.23369e-23
 -4.89984e-23
 -4.58557e-23
 -4.28857e-23
 -4.00768e-23
 -3.74376e-23
 -3.49812e-23
 -3.26604e-23
 -3.04651e-23
 -2.84086e-23
 -2.64914e-23
 -2.46847e-23
 -2.29830e-23
 -2.13924e-23
 -1.98944e-23
 -1.85034e-23
 -1.71997e-23
 -1.59780e-23
 -1.48291e-23
 -1.37501e-23
 -1.27424e-23
 -1.18059e-23
 -1.09148e-23
 -1.00924e-23
 -9.31842e-24
 -8.58768e-24
 -7.90801e-24
 -7.26438e-24
 -6.66268e-24
 -6.09209e-24
 -5.55284e-24
 -5.04985e-24
 -4.56771e-24
 -4.11475e-24
 -3.67900e-24
 -3.26299e-24
 -2.86415e-24
 -2.47044e-24
 -2.06784e-24
 -1.62564e-24
 -1.08381e-24
 -3.29359e-25
  7.89183e-25
  2.49738e-24
  4.96839e-24
  8.28329e-24
  1.20858e-23
  1.57057e-23
  1.83513e-23
  1.98902e-23
  2.10834e-23
  2.38225e-23
  3.11867e-23
  4.70158e-23
  7.06099e-23
  8.95988e-23
  9.11364e-23
  8.01890e-23
  6.67263e-23
  5.52613e-23
  4.66864e-23
  4.05862e-23
  3.64301e-23
  3.37139e-23
  3.21585e-23
  3.14620e-23
  3.14752e-23
  3.12612e-23
  3.25493e-23
  3.44080e-23
  3.68398e-23
  3.97894e-23
  4.32439e-23
  4.72748e-23
  5.19698e-23
  5.73374e-23
  6.34752e-23
  7.04069e-23
  7.82902e-23
  8.71528e-23
  9.71513e-23
  1.08368e-22
  1.20990e-22
  1.35143e-22
  1.51056e-22
  1.68900e-22
  1.88940e-22
  2.11414e-22
  2.36686e-22
  2.65036e-22
  2.96828e-22
  3.32498e-22
  3.72475e-22
  4.17350e-22
  4.67619e-22
  5.24073e-22
  5.87282e-22
  6.58316e-22
  7.37895e-22
  8.27373e-22
  9.27463e-22
  1.04005e-21
  1.16593e-21
  1.30760e-21
  1.46593e-21
  1.64422e-21
  1.84337e-21
  2.06776e-21
  2.31851e-21
  2.60100e-21
  2.91663e-21
  3.27203e-21
  3.66933e-21
  4.11645e-21
  4.61655e-21
  5.17911e-21
  5.80865e-21
  6.51648e-21
   Cooling for Wiersma, Schaye and Smith (2008).
   Redshift = 9.0 log(T) = 2-8 K, log(dT) = 0.05, log(n_H) = -3 , [Z/Zsol] = 
-3.0
