 -1.79877e-22
 -1.69723e-22
 -1.60015e-22
 -1.50875e-22
 -1.41999e-22
 -1.33697e-22
 -1.25791e-22
 -1.18169e-22
 -1.11037e-22
 -1.04240e-22
 -9.77729e-23
 -9.16905e-23
 -8.59055e-23
 -8.04670e-23
 -7.53024e-23
 -7.04123e-23
 -6.58694e-23
 -6.15252e-23
 -5.74505e-23
 -5.36467e-23
 -5.00291e-23
 -4.66287e-23
 -4.34815e-23
 -4.04820e-23
 -3.76698e-23
 -3.50307e-23
 -3.25931e-23
 -3.02729e-23
 -2.81021e-23
 -2.60667e-23
 -2.41641e-23
 -2.24024e-23
 -2.07336e-23
 -1.91694e-23
 -1.77089e-23
 -1.63398e-23
 -1.50622e-23
 -1.38641e-23
 -1.27527e-23
 -1.17095e-23
 -1.07295e-23
 -9.80785e-24
 -8.94594e-24
 -8.13667e-24
 -7.37882e-24
 -6.66598e-24
 -5.99621e-24
 -5.36393e-24
 -4.76664e-24
 -4.19955e-24
 -3.65941e-24
 -3.13741e-24
 -2.63440e-24
 -2.14500e-24
 -1.66016e-24
 -1.16505e-24
 -6.33106e-25
 -3.09162e-26
  6.82593e-25
  1.55234e-24
  2.60672e-24
  3.85735e-24
  5.23909e-24
  6.63695e-24
  7.89953e-24
  8.87666e-24
  9.51060e-24
  9.80475e-24
  9.85470e-24
  9.75203e-24
  9.42254e-24
  9.27987e-24
  9.18642e-24
  9.16963e-24
  9.23445e-24
  9.33927e-24
  9.55300e-24
  9.88181e-24
  1.03181e-23
  1.08684e-23
  1.15294e-23
  1.23429e-23
  1.32815e-23
  1.43584e-23
  1.55785e-23
  1.69596e-23
  1.85117e-23
  2.02564e-23
  2.22097e-23
  2.43976e-23
  2.68472e-23
  2.96395e-23
  3.27636e-23
  3.62525e-23
  4.01504e-23
  4.45005e-23
  4.93627e-23
  5.47866e-23
  6.08531e-23
  6.76191e-23
  7.52019e-23
  8.37411e-23
  9.33185e-23
  1.03998e-22
  1.15972e-22
  1.29322e-22
  1.44301e-22
  1.60997e-22
  1.79747e-22
  2.00641e-22
  2.24139e-22
  2.50460e-22
  2.80066e-22
  3.13084e-22
  3.50191e-22
  3.91601e-22
  4.38125e-22
  4.90081e-22
  5.48436e-22
  6.13646e-22
  6.86887e-22
   Cooling for Wiersma, Schaye and Smith (2008).
   Redshift = 0.0 log(T) = 2-8 K, log(dT) = 0.05, log(n_H) = -6 , [Z/Zsol] = 
-Inf
