 -1.06564e-22
 -1.01335e-22
 -9.64578e-23
 -9.18282e-23
 -8.74359e-23
 -8.33145e-23
 -7.93442e-23
 -7.56215e-23
 -7.20748e-23
 -6.86365e-23
 -6.53924e-23
 -6.22649e-23
 -5.92487e-23
 -5.63207e-23
 -5.34711e-23
 -5.07038e-23
 -4.79995e-23
 -4.53386e-23
 -4.27067e-23
 -4.00832e-23
 -3.74550e-23
 -3.48199e-23
 -3.21631e-23
 -2.94617e-23
 -2.66950e-23
 -2.38520e-23
 -2.09044e-23
 -1.78381e-23
 -1.46284e-23
 -1.12537e-23
 -7.67738e-24
 -3.87986e-24
  1.88769e-25
  4.54988e-24
  9.25837e-24
  1.43405e-23
  1.98923e-23
  2.59298e-23
  3.25356e-23
  3.97553e-23
  4.77541e-23
  5.65568e-23
  6.63183e-23
  7.71021e-23
  8.90559e-23
  1.02293e-22
  1.17107e-22
  1.33600e-22
  1.52039e-22
  1.72596e-22
  1.95550e-22
  2.21127e-22
  2.50031e-22
  2.82228e-22
  3.18743e-22
  3.60297e-22
  4.07459e-22
  4.62368e-22
  5.25542e-22
  5.97187e-22
  6.75133e-22
  7.58047e-22
  8.46876e-22
  9.43390e-22
  1.05238e-21
  1.17449e-21
  1.31209e-21
  1.46788e-21
  1.64291e-21
  1.84061e-21
  2.06168e-21
  2.31163e-21
  2.59126e-21
  2.90662e-21
  3.25914e-21
  3.65651e-21
  4.10070e-21
  4.60114e-21
  5.16073e-21
  5.79078e-21
  6.49558e-21
  7.28871e-21
  8.17637e-21
  9.17468e-21
  1.02925e-20
  1.15490e-20
  1.29567e-20
  1.45382e-20
  1.63108e-20
  1.83012e-20
  2.05333e-20
  2.30386e-20
  2.58493e-20
  2.90025e-20
  3.25418e-20
  3.65103e-20
  4.09671e-20
  4.59618e-20
  5.15738e-20
  5.78602e-20
  6.49270e-20
  7.28388e-20
  8.17374e-20
  9.16953e-20
  1.02901e-19
  1.15433e-19
  1.29543e-19
  1.45317e-19
  1.63083e-19
  1.82936e-19
  2.05308e-19
  2.30302e-19
  2.58465e-19
  2.89939e-19
  3.25385e-19
  3.65018e-19
  4.09631e-19
  4.59539e-19
  5.15690e-19
  5.78535e-19
  6.49205e-19
   Cooling for Wiersma, Schaye and Smith (2008).
   Redshift = 9.0 log(T) = 2-8 K, log(dT) = 0.05, log(n_H) = -5 , [Z/Zsol] = 
-3.0
