  2.28812e-34
  2.70436e-34
  3.17534e-34
  3.70833e-34
  4.30444e-34
  4.97669e-34
  5.72708e-34
  6.56392e-34
  7.48629e-34
  8.49189e-34
  9.59324e-34
  1.07984e-33
  1.21077e-33
  1.35331e-33
  1.50809e-33
  1.67627e-33
  1.79820e-33
  2.03121e-33
  2.25583e-33
  2.23978e-33
  3.35509e-33
  5.53772e-33
  8.91597e-33
  4.43333e-33
  4.15989e-33
  2.33028e-32
  5.39568e-32
  6.95305e-33
  1.30984e-32
  3.74467e-32
  2.95595e-32
  1.35423e-32
  2.60173e-31
  1.50260e-30
  1.22383e-30
  2.18103e-30
  1.41299e-29
  5.93313e-29
  2.60379e-28
  1.17772e-27
  1.20736e-26
  1.89481e-25
  2.95449e-24
  2.36632e-23
  8.54179e-23
  1.29911e-22
  1.21855e-22
  9.76390e-23
  7.69060e-23
  6.27202e-23
  5.22701e-23
  4.34630e-23
  3.66009e-23
  3.26132e-23
  3.25687e-23
  3.89981e-23
  5.54266e-23
  8.02357e-23
  9.93366e-23
  9.98652e-23
  8.80706e-23
  7.36085e-23
  6.07628e-23
  5.11881e-23
  4.45306e-23
  3.96720e-23
  3.58894e-23
  3.30686e-23
  3.02395e-23
  2.58240e-23
  1.98798e-23
  1.64182e-23
  1.45352e-23
  1.35329e-23
  1.28295e-23
  1.20398e-23
  1.12031e-23
  1.06166e-23
  1.03661e-23
  1.02922e-23
  1.01894e-23
  1.00057e-23
  9.75627e-24
  9.45571e-24
  9.06569e-24
  8.55907e-24
  8.03381e-24
  7.63433e-24
  7.39403e-24
  7.26359e-24
  7.20588e-24
  7.27052e-24
  7.41260e-24
  7.61647e-24
  7.86948e-24
  8.16030e-24
  8.48206e-24
  8.82896e-24
  9.19298e-24
  9.56429e-24
  9.94410e-24
  1.04011e-23
  1.08700e-23
  1.13457e-23
  1.18397e-23
  1.23638e-23
  1.29280e-23
  1.35306e-23
  1.41707e-23
  1.48425e-23
  1.55607e-23
  1.64385e-23
  1.73807e-23
  1.83686e-23
  1.94052e-23
  2.04875e-23
  2.16178e-23
  2.27937e-23
  2.40177e-23
  2.52848e-23
  2.66208e-23
   Cooling for Wiersma, Schaye and Smith (2008), NO COMPTON.
   z > 11 (photodis) log(T) = 2-8 K, log(dT) = 0.05, log(n_H) = -1 , [Z/Zsol] = 
-1.5
