  2.28005e-35
  2.70366e-35
  3.17504e-35
  3.70837e-35
  4.30743e-35
  4.98091e-35
  5.73209e-35
  6.57039e-35
  7.49734e-35
  8.49210e-35
  9.59980e-35
  1.07899e-34
  1.20917e-34
  1.35344e-34
  1.50898e-34
  1.67267e-34
  1.78723e-34
  2.02390e-34
  2.24432e-34
  2.35970e-34
  2.59937e-34
  3.14794e-34
  3.40224e-34
  3.31077e-34
  3.79295e-34
  4.85250e-34
  5.03901e-34
  4.59497e-34
  5.69641e-34
  7.69959e-34
  7.59418e-34
  6.74652e-34
  3.01384e-33
  2.88010e-32
  1.77071e-31
  8.98738e-31
  4.78350e-30
  2.28210e-29
  1.18438e-28
  7.15840e-28
  1.03226e-26
  1.73266e-25
  2.83498e-24
  2.34475e-23
  8.51886e-23
  1.29532e-22
  1.21346e-22
  9.70097e-23
  7.61200e-23
  6.17151e-23
  5.09685e-23
  4.17884e-23
  3.44643e-23
  2.99137e-23
  2.91868e-23
  3.48081e-23
  5.02910e-23
  7.40315e-23
  9.20298e-23
  9.15258e-23
  7.88593e-23
  6.40654e-23
  5.13512e-23
  4.16819e-23
  3.45794e-23
  2.93041e-23
  2.52655e-23
  2.22134e-23
  1.96367e-23
  1.69343e-23
  1.34487e-23
  1.15633e-23
  1.03395e-23
  9.52997e-24
  8.91317e-24
  8.31155e-24
  7.77296e-24
  7.38031e-24
  7.14461e-24
  7.00802e-24
  6.89606e-24
  6.80936e-24
  6.72770e-24
  6.65233e-24
  6.56715e-24
  6.46175e-24
  6.36463e-24
  6.32015e-24
  6.33722e-24
  6.39929e-24
  6.49635e-24
  6.67734e-24
  6.89799e-24
  7.15011e-24
  7.42934e-24
  7.73166e-24
  8.05459e-24
  8.39575e-24
  8.75249e-24
  9.12108e-24
  9.50802e-24
  9.98568e-24
  1.04907e-23
  1.10146e-23
  1.15620e-23
  1.21356e-23
  1.27396e-23
  1.33721e-23
  1.40337e-23
  1.47211e-23
  1.54505e-23
  1.63364e-23
  1.72843e-23
  1.82761e-23
  1.93153e-23
  2.03989e-23
  2.15299e-23
  2.27054e-23
  2.39277e-23
  2.51941e-23
  2.65292e-23
   Cooling for Wiersma, Schaye and Smith (2008), NO COMPTON.
   z > 11 (photodis) log(T) = 2-8 K, log(dT) = 0.05, log(n_H) = 0 , [Z/Zsol] = 
-2.0
