 -1.77533e-22
 -1.66023e-22
 -1.55226e-22
 -1.45156e-22
 -1.35732e-22
 -1.26962e-22
 -1.18771e-22
 -1.11148e-22
 -1.04022e-22
 -9.73739e-23
 -9.11440e-23
 -8.53152e-23
 -7.98471e-23
 -7.47262e-23
 -6.99222e-23
 -6.54229e-23
 -6.12043e-23
 -5.72520e-23
 -5.35464e-23
 -5.00717e-23
 -4.68119e-23
 -4.37490e-23
 -4.08703e-23
 -3.81587e-23
 -3.56036e-23
 -3.31890e-23
 -3.09062e-23
 -2.87417e-23
 -2.66866e-23
 -2.47317e-23
 -2.28679e-23
 -2.10803e-23
 -1.93620e-23
 -1.76992e-23
 -1.60851e-23
 -1.45076e-23
 -1.29597e-23
 -1.14313e-23
 -9.91520e-24
 -8.40266e-24
 -6.88475e-24
 -5.35120e-24
 -3.79340e-24
 -2.20251e-24
 -5.64224e-25
  1.13309e-24
  2.90874e-24
  4.77795e-24
  6.76508e-24
  8.88911e-24
  1.11796e-23
  1.36650e-23
  1.63747e-23
  1.93384e-23
  2.25951e-23
  2.61846e-23
  3.01528e-23
  3.45524e-23
  3.94370e-23
  4.48765e-23
  5.09330e-23
  5.77082e-23
  6.52627e-23
  7.37163e-23
  8.31471e-23
  9.37115e-23
  1.05496e-22
  1.18712e-22
  1.33454e-22
  1.50003e-22
  1.68452e-22
  1.89216e-22
  2.12381e-22
  2.38446e-22
  2.67534e-22
  3.00278e-22
  3.36829e-22
  3.77977e-22
  4.23968e-22
  4.75718e-22
  5.33606e-22
  5.98740e-22
  6.71626e-22
  7.53572e-22
  8.45311e-22
  9.48414e-22
  1.06390e-21
  1.19363e-21
  1.33902e-21
  1.50226e-21
  1.68530e-21
  1.89078e-21
  2.12129e-21
  2.37987e-21
  2.67009e-21
  2.99548e-21
  3.36089e-21
  3.77037e-21
  4.23043e-21
  4.74573e-21
  5.32500e-21
  5.97357e-21
  6.70301e-21
  7.51925e-21
  8.43769e-21
  9.46489e-21
  1.06213e-20
  1.19140e-20
  1.33701e-20
  1.49970e-20
  1.68303e-20
  1.88786e-20
  2.11865e-20
  2.37657e-20
  2.66703e-20
  2.99180e-20
  3.35736e-20
  3.76630e-20
  4.22638e-20
  4.74132e-20
  5.32035e-20
   Cooling for Wiersma, Schaye and Smith (2008).
   Redshift = 2.0 log(T) = 2-8 K, log(dT) = 0.05, log(n_H) = -6 , [Z/Zsol] = 
-1.5
