 -7.51702e-23
 -7.03198e-23
 -6.57688e-23
 -6.15773e-23
 -5.75837e-23
 -5.38891e-23
 -5.04051e-23
 -4.71370e-23
 -4.40809e-23
 -4.12665e-23
 -3.85934e-23
 -3.60905e-23
 -3.37810e-23
 -3.15956e-23
 -2.95382e-23
 -2.76458e-23
 -2.58551e-23
 -2.41675e-23
 -2.26134e-23
 -2.11403e-23
 -1.97481e-23
 -1.84568e-23
 -1.72334e-23
 -1.60701e-23
 -1.49866e-23
 -1.39385e-23
 -1.29463e-23
 -1.19954e-23
 -1.10791e-23
 -1.01962e-23
 -9.33187e-24
 -8.48513e-24
 -7.64198e-24
 -6.80145e-24
 -5.94404e-24
 -5.06362e-24
 -4.14320e-24
 -3.17051e-24
 -2.12488e-24
 -9.92302e-25
  2.43783e-25
  1.59834e-24
  3.11129e-24
  4.81828e-24
  6.77996e-24
  9.05696e-24
  1.17360e-23
  1.48948e-23
  1.86902e-23
  2.32283e-23
  2.86575e-23
  3.50763e-23
  4.27240e-23
  5.19063e-23
  6.34677e-23
  7.89955e-23
  1.01032e-22
  1.30687e-22
  1.63026e-22
  1.87401e-22
  2.00673e-22
  2.08543e-22
  2.16202e-22
  2.25813e-22
  2.36963e-22
  2.48041e-22
  2.58077e-22
  2.66613e-22
  2.74055e-22
  2.78529e-22
  2.83404e-22
  2.97540e-22
  3.20449e-22
  3.49553e-22
  3.82503e-22
  4.19070e-22
  4.60557e-22
  5.09709e-22
  5.66122e-22
  6.29784e-22
  7.00500e-22
  7.78570e-22
  8.65417e-22
  9.62042e-22
  1.06915e-21
  1.18917e-21
  1.32442e-21
  1.47891e-21
  1.65342e-21
  1.85074e-21
  2.07271e-21
  2.32252e-21
  2.60338e-21
  2.91885e-21
  3.27329e-21
  3.67108e-21
  4.11783e-21
  4.61868e-21
  5.18152e-21
  5.81205e-21
  6.52086e-21
  7.31444e-21
  8.20686e-21
  9.20540e-21
  1.03303e-20
  1.15892e-20
  1.30044e-20
  1.45866e-20
  1.63687e-20
  1.83601e-20
  2.06042e-20
  2.31114e-20
  2.59366e-20
  2.90937e-20
  3.26493e-20
  3.66248e-20
  4.10998e-20
  4.61058e-20
  5.17379e-20
  5.80414e-20
  6.51297e-20
   Cooling for Wiersma, Schaye and Smith (2008).
   Redshift = 9.0 log(T) = 2-8 K, log(dT) = 0.05, log(n_H) = -4 , [Z/Zsol] = 
****
