  2.28601e-32
  2.70751e-32
  3.18105e-32
  3.71630e-32
  4.31751e-32
  4.99342e-32
  5.74793e-32
  6.58973e-32
  7.51803e-32
  8.53049e-32
  9.64044e-32
  1.08551e-31
  1.21759e-31
  1.36143e-31
  1.51778e-31
  1.68783e-31
  1.88179e-31
  2.09135e-31
  2.28704e-31
  2.46604e-31
  2.78417e-31
  2.98839e-31
  3.29348e-31
  3.75909e-31
  4.08124e-31
  4.60756e-31
  4.91573e-31
  5.65956e-31
  6.00375e-31
  6.93633e-31
  7.29537e-31
  8.36555e-31
  8.92757e-31
  7.71469e-31
  1.20755e-30
  6.85843e-30
  4.17641e-29
  1.71384e-28
  7.36311e-28
  2.71234e-27
  1.64325e-26
  2.06410e-25
  3.06403e-24
  2.41200e-23
  8.64596e-23
  1.31644e-22
  1.24144e-22
  1.00448e-22
  8.03421e-23
  6.69938e-23
  5.76310e-23
  5.01680e-23
  4.49576e-23
  4.29505e-23
  4.52762e-23
  5.44857e-23
  7.41651e-23
  1.02700e-22
  1.25713e-22
  1.30018e-22
  1.21534e-22
  1.08703e-22
  9.60648e-23
  8.74672e-23
  8.29939e-23
  8.02819e-23
  7.83026e-23
  7.72679e-23
  7.48946e-23
  6.64139e-23
  5.41960e-23
  4.74594e-23
  4.54330e-23
  4.59692e-23
  4.74136e-23
  4.87231e-23
  4.99526e-23
  5.21485e-23
  5.56295e-23
  6.00007e-23
  6.48429e-23
  6.97466e-23
  7.51179e-23
  8.09381e-23
  8.71868e-23
  9.39863e-23
  1.01718e-22
  1.11020e-22
  1.22098e-22
  1.35007e-22
  1.49744e-22
  1.66549e-22
  1.85621e-22
  2.07165e-22
  2.31444e-22
  2.58805e-22
  2.89501e-22
  3.23982e-22
  3.62690e-22
  4.06123e-22
  4.54843e-22
  5.09547e-22
  5.70865e-22
  6.39604e-22
  7.16683e-22
  8.03116e-22
  9.00082e-22
  1.00885e-21
  1.13087e-21
  1.26774e-21
  1.42128e-21
  1.59364e-21
  1.78699e-21
  2.00387e-21
  2.24714e-21
  2.52001e-21
  2.82611e-21
  3.16946e-21
  3.55460e-21
  3.98664e-21
  4.47131e-21
   Cooling for Wiersma, Schaye and Smith (2008).
   z > 11 (photodis) log(T) = 2-8 K, log(dT) = 0.05, log(n_H) = -4 , [Z/Zsol] = 
-1.0
