 -4.87778e-22
 -4.69238e-22
 -4.51705e-22
 -4.34872e-22
 -4.19135e-22
 -4.04767e-22
 -3.91278e-22
 -3.78395e-22
 -3.65903e-22
 -3.53487e-22
 -3.41166e-22
 -3.28996e-22
 -3.17048e-22
 -3.05299e-22
 -2.93825e-22
 -2.82480e-22
 -2.71418e-22
 -2.60816e-22
 -2.50714e-22
 -2.40694e-22
 -2.31311e-22
 -2.22113e-22
 -2.13039e-22
 -2.04510e-22
 -1.95968e-22
 -1.87941e-22
 -1.80024e-22
 -1.72542e-22
 -1.65215e-22
 -1.58324e-22
 -1.51653e-22
 -1.45274e-22
 -1.39415e-22
 -1.33650e-22
 -1.28276e-22
 -1.23120e-22
 -1.18073e-22
 -1.13221e-22
 -1.08604e-22
 -1.03972e-22
 -9.94681e-23
 -9.50340e-23
 -9.07236e-23
 -8.64044e-23
 -8.20647e-23
 -7.76865e-23
 -7.32219e-23
 -6.86454e-23
 -6.39530e-23
 -5.92371e-23
 -5.45138e-23
 -4.98894e-23
 -4.55178e-23
 -4.14730e-23
 -3.78416e-23
 -3.45608e-23
 -3.15313e-23
 -2.85885e-23
 -2.55703e-23
 -2.23361e-23
 -1.87960e-23
 -1.50229e-23
 -1.12693e-23
 -8.12352e-24
 -5.70808e-24
 -4.34386e-24
 -3.68564e-24
 -3.49329e-24
 -3.54433e-24
 -3.69840e-24
 -3.93068e-24
 -4.08068e-24
 -4.16303e-24
 -4.15476e-24
 -4.04517e-24
 -3.57724e-24
 -3.34570e-24
 -3.02384e-24
 -2.54332e-24
 -2.07206e-24
 -1.55091e-24
 -9.59854e-25
  8.37810e-27
  6.14369e-25
  1.21608e-24
  1.80701e-24
  2.38461e-24
  2.94929e-24
  3.50501e-24
  4.05865e-24
  4.62178e-24
  5.25528e-24
  5.91851e-24
  6.61051e-24
  7.33376e-24
  8.09128e-24
  8.85236e-24
  9.70490e-24
  1.06050e-23
  1.15547e-23
  1.25609e-23
  1.37939e-23
  1.51447e-23
  1.66107e-23
  1.82119e-23
  1.99405e-23
  2.18486e-23
  2.39267e-23
  2.62043e-23
  2.86880e-23
  3.14349e-23
  3.45779e-23
  3.80575e-23
  4.18752e-23
  4.60838e-23
  5.06972e-23
  5.57848e-23
  6.13691e-23
  6.75317e-23
  7.43031e-23
  8.18107e-23
   Cooling for Wiersma, Schaye and Smith (2008), NO COMPTON.
   11 < z < 9.89 (highz) log(T) = 2-8 K, log(dT) = 0.05, log(n_H) = -6
 , [Z/Zsol] = 0.0
