 -1.58722e-22
 -1.48530e-22
 -1.38923e-22
 -1.30029e-22
 -1.21527e-22
 -1.13561e-22
 -1.06168e-22
 -9.91340e-23
 -9.25237e-23
 -8.63902e-23
 -8.06032e-23
 -7.51582e-23
 -7.00520e-23
 -6.52789e-23
 -6.08614e-23
 -5.66703e-23
 -5.27469e-23
 -4.90782e-23
 -4.56466e-23
 -4.24414e-23
 -3.94523e-23
 -3.66705e-23
 -3.40478e-23
 -3.15956e-23
 -2.93057e-23
 -2.71641e-23
 -2.51646e-23
 -2.32940e-23
 -2.15478e-23
 -1.99151e-23
 -1.83888e-23
 -1.69574e-23
 -1.56342e-23
 -1.43782e-23
 -1.32035e-23
 -1.20995e-23
 -1.10652e-23
 -1.00906e-23
 -9.17509e-24
 -8.30983e-24
 -7.49345e-24
 -6.71622e-24
 -5.97847e-24
 -5.27411e-24
 -4.60067e-24
 -3.95251e-24
 -3.32645e-24
 -2.71728e-24
 -2.12117e-24
 -1.53322e-24
 -9.48530e-25
 -3.57707e-25
  2.39856e-25
  8.49331e-25
  1.47787e-24
  2.13512e-24
  2.83404e-24
  3.59172e-24
  4.42772e-24
  5.36501e-24
  6.42247e-24
  7.62660e-24
  8.96964e-24
  1.04449e-23
  1.20247e-23
  1.36774e-23
  1.53674e-23
  1.70753e-23
  1.88024e-23
  2.05759e-23
  2.23332e-23
  2.43559e-23
  2.65785e-23
  2.90662e-23
  3.18508e-23
  3.49584e-23
  3.84706e-23
  4.24691e-23
  4.69762e-23
  5.20856e-23
  5.78307e-23
  6.43531e-23
  7.16726e-23
  7.99190e-23
  8.91619e-23
  9.95571e-23
  1.11204e-22
  1.24288e-22
  1.38949e-22
  1.55404e-22
  1.73852e-22
  1.94599e-22
  2.17866e-22
  2.43951e-22
  2.73212e-22
  3.06000e-22
  3.42799e-22
  3.84015e-22
  4.30296e-22
  4.82108e-22
  5.40330e-22
  6.05562e-22
  6.78904e-22
  7.60937e-22
  8.53204e-22
  9.56359e-22
  1.07244e-21
  1.20217e-21
  1.34823e-21
  1.51138e-21
  1.69519e-21
  1.90062e-21
  2.13203e-21
  2.39058e-21
  2.68169e-21
  3.00711e-21
  3.37332e-21
  3.78291e-21
  4.24363e-21
  4.75918e-21
  5.33884e-21
   Cooling for Wiersma, Schaye and Smith (2008).
   Redshift = 2.0 log(T) = 2-8 K, log(dT) = 0.05, log(n_H) = -5 , [Z/Zsol] = 
-3.0
