 -1.07879e-24
 -1.07329e-24
 -1.06747e-24
 -1.06141e-24
 -1.05512e-24
 -1.04858e-24
 -1.04178e-24
 -1.03472e-24
 -1.02740e-24
 -1.01979e-24
 -1.01190e-24
 -1.00371e-24
 -9.95209e-25
 -9.86386e-25
 -9.77233e-25
 -9.67727e-25
 -9.57859e-25
 -9.47604e-25
 -9.36947e-25
 -9.25858e-25
 -9.14314e-25
 -9.02241e-25
 -8.89674e-25
 -8.76569e-25
 -8.62884e-25
 -8.48598e-25
 -8.33643e-25
 -8.18010e-25
 -8.01634e-25
 -7.84490e-25
 -7.66466e-25
 -7.47436e-25
 -7.27341e-25
 -7.06106e-25
 -6.83536e-25
 -6.59417e-25
 -6.33774e-25
 -5.98522e-25
 -5.20773e-25
 -2.75305e-25
  6.53881e-25
  3.62714e-24
  1.26646e-23
  3.52059e-23
  7.95245e-23
  1.18887e-22
  1.17625e-22
  9.65423e-23
  7.59994e-23
  6.11187e-23
  5.02812e-23
  4.14003e-23
  3.43111e-23
  2.98716e-23
  2.91532e-23
  3.47790e-23
  5.02116e-23
  7.38340e-23
  9.18102e-23
  9.12227e-23
  7.86977e-23
  6.40002e-23
  5.13337e-23
  4.16807e-23
  3.45748e-23
  2.93026e-23
  2.52643e-23
  2.22123e-23
  1.96357e-23
  1.69335e-23
  1.34481e-23
  1.15628e-23
  1.03392e-23
  9.52967e-24
  8.91289e-24
  8.31129e-24
  7.77271e-24
  7.38008e-24
  7.14439e-24
  7.00781e-24
  6.89585e-24
  6.80916e-24
  6.72749e-24
  6.65213e-24
  6.56694e-24
  6.46154e-24
  6.36442e-24
  6.31993e-24
  6.33700e-24
  6.39906e-24
  6.49612e-24
  6.67710e-24
  6.89775e-24
  7.14987e-24
  7.42908e-24
  7.73140e-24
  8.05432e-24
  8.39547e-24
  8.75219e-24
  9.12078e-24
  9.50770e-24
  9.98535e-24
  1.04903e-23
  1.10142e-23
  1.15616e-23
  1.21352e-23
  1.27392e-23
  1.33716e-23
  1.40332e-23
  1.47207e-23
  1.54500e-23
  1.63359e-23
  1.72838e-23
  1.82756e-23
  1.93147e-23
  2.03984e-23
  2.15293e-23
  2.27048e-23
  2.39271e-23
  2.51935e-23
  2.65286e-23
   Cooling for Wiersma, Schaye and Smith (2008), NO COMPTON.
   11 < z < 9.89 (highz) log(T) = 2-8 K, log(dT) = 0.05, log(n_H) = 0
 , [Z/Zsol] = -2.0
