 -1.60920e-22
 -1.50678e-22
 -1.41022e-22
 -1.32086e-22
 -1.23545e-22
 -1.15542e-22
 -1.08118e-22
 -1.01050e-22
 -9.44060e-23
 -8.82376e-23
 -8.24121e-23
 -7.69242e-23
 -7.17727e-23
 -6.69511e-23
 -6.24854e-23
 -5.82399e-23
 -5.42635e-23
 -5.05416e-23
 -4.70573e-23
 -4.38008e-23
 -4.07591e-23
 -3.79292e-23
 -3.52607e-23
 -3.27656e-23
 -3.04362e-23
 -2.82580e-23
 -2.62249e-23
 -2.43239e-23
 -2.25500e-23
 -2.08911e-23
 -1.93408e-23
 -1.78868e-23
 -1.65429e-23
 -1.52661e-23
 -1.40712e-23
 -1.29472e-23
 -1.18931e-23
 -1.08989e-23
 -9.96365e-24
 -9.07885e-24
 -8.24289e-24
 -7.44585e-24
 -6.68768e-24
 -5.96273e-24
 -5.26812e-24
 -4.59801e-24
 -3.94889e-24
 -3.31522e-24
 -2.69276e-24
 -2.07650e-24
 -1.46066e-24
 -8.36931e-25
 -2.05015e-25
  4.42321e-25
  1.10804e-24
  1.80356e-24
  2.54233e-24
  3.33998e-24
  4.21760e-24
  5.19848e-24
  6.30005e-24
  7.55221e-24
  8.94425e-24
  1.04701e-23
  1.21058e-23
  1.38108e-23
  1.55554e-23
  1.73154e-23
  1.91098e-23
  2.09573e-23
  2.28242e-23
  2.49723e-23
  2.74519e-23
  3.01523e-23
  3.31565e-23
  3.63629e-23
  3.98776e-23
  4.38030e-23
  4.81612e-23
  5.30958e-23
  5.86740e-23
  6.50606e-23
  7.22703e-23
  8.04327e-23
  8.96096e-23
  9.99530e-23
  1.11560e-22
  1.24615e-22
  1.39252e-22
  1.55691e-22
  1.74125e-22
  1.94862e-22
  2.18124e-22
  2.44206e-22
  2.73470e-22
  3.06267e-22
  3.43082e-22
  3.84316e-22
  4.30618e-22
  4.82449e-22
  5.40685e-22
  6.05925e-22
  6.79266e-22
  7.61298e-22
  8.53564e-22
  9.56722e-22
  1.07282e-21
  1.20256e-21
  1.34864e-21
  1.51183e-21
  1.69567e-21
  1.90113e-21
  2.13260e-21
  2.39120e-21
  2.68238e-21
  3.00786e-21
  3.37416e-21
  3.78384e-21
  4.24466e-21
  4.76033e-21
  5.34011e-21
   Cooling for Wiersma, Schaye and Smith (2008).
   Redshift = 2.0 log(T) = 2-8 K, log(dT) = 0.05, log(n_H) = -5 , [Z/Zsol] = 
-1.5
