 -8.81198e-23
 -8.30107e-23
 -7.82849e-23
 -7.37948e-23
 -6.96461e-23
 -6.57018e-23
 -6.20494e-23
 -5.85988e-23
 -5.53694e-23
 -5.23472e-23
 -4.94993e-23
 -4.68361e-23
 -4.43305e-23
 -4.19716e-23
 -3.97359e-23
 -3.76449e-23
 -3.56801e-23
 -3.38267e-23
 -3.20768e-23
 -3.04172e-23
 -2.88409e-23
 -2.73534e-23
 -2.59509e-23
 -2.46199e-23
 -2.33537e-23
 -2.21425e-23
 -2.09837e-23
 -1.98816e-23
 -1.88378e-23
 -1.78393e-23
 -1.68820e-23
 -1.59624e-23
 -1.50842e-23
 -1.42369e-23
 -1.34127e-23
 -1.26079e-23
 -1.18212e-23
 -1.10427e-23
 -1.02626e-23
 -9.47750e-24
 -8.68427e-24
 -7.86794e-24
 -7.01003e-24
 -6.09171e-24
 -5.07328e-24
 -3.92202e-24
 -2.58401e-24
 -1.02038e-24
  8.46310e-25
  3.05519e-24
  5.72716e-24
  8.88910e-24
  1.26423e-23
  1.71410e-23
  2.26508e-23
  2.96041e-23
  3.87302e-23
  5.08210e-23
  6.60197e-23
  8.26147e-23
  9.68740e-23
  1.05923e-22
  1.10159e-22
  1.10826e-22
  1.08902e-22
  1.04689e-22
  9.95706e-23
  9.45481e-23
  9.06452e-23
  8.73123e-23
  8.41778e-23
  8.34505e-23
  8.43759e-23
  8.61516e-23
  8.87095e-23
  9.24019e-23
  9.76966e-23
  1.04844e-22
  1.13115e-22
  1.22007e-22
  1.31415e-22
  1.40468e-22
  1.49750e-22
  1.58815e-22
  1.68029e-22
  1.78781e-22
  1.92295e-22
  2.09549e-22
  2.30357e-22
  2.54788e-22
  2.82784e-22
  3.14769e-22
  3.51072e-22
  3.92077e-22
  4.38344e-22
  4.90540e-22
  5.49153e-22
  6.14969e-22
  6.89118e-22
  7.72083e-22
  8.65318e-22
  9.69704e-22
  1.08696e-21
  1.21806e-21
  1.36553e-21
  1.53046e-21
  1.71618e-21
  1.92383e-21
  2.15774e-21
  2.41911e-21
  2.71366e-21
  3.04284e-21
  3.41373e-21
  3.82816e-21
  4.29486e-21
  4.81661e-21
  5.40383e-21
  6.06067e-21
  6.79957e-21
  7.62647e-21
  8.55624e-21
   Cooling for Wiersma, Schaye and Smith (2008).
   Redshift = 5.0 log(T) = 2-8 K, log(dT) = 0.05, log(n_H) = -4 , [Z/Zsol] = 
****
