  2.28462e-33
  2.70901e-33
  3.18127e-33
  3.71559e-33
  4.31579e-33
  4.99055e-33
  5.74318e-33
  6.58313e-33
  7.51194e-33
  8.50877e-33
  9.61882e-33
  1.08115e-32
  1.21161e-32
  1.35621e-32
  1.51211e-32
  1.67618e-32
  1.79101e-32
  2.02823e-32
  2.24913e-32
  2.36454e-32
  2.60438e-32
  3.15354e-32
  3.40762e-32
  3.31510e-32
  3.79676e-32
  4.85583e-32
  5.04077e-32
  4.59486e-32
  5.69383e-32
  7.69296e-32
  7.58430e-32
  6.72975e-32
  2.98677e-31
  2.83163e-30
  1.68973e-29
  8.13533e-29
  3.90831e-28
  1.63723e-27
  6.43296e-27
  2.06710e-26
  5.98472e-26
  3.03718e-25
  3.48671e-24
  2.67627e-23
  9.59688e-23
  1.48366e-22
  1.45213e-22
  1.26026e-22
  1.12259e-22
  1.07742e-22
  1.10281e-22
  1.18021e-22
  1.31833e-22
  1.52994e-22
  1.83323e-22
  2.25600e-22
  2.83849e-22
  3.56120e-22
  4.24573e-22
  4.71813e-22
  4.99671e-22
  5.00453e-22
  4.81950e-22
  4.76743e-22
  4.90086e-22
  5.03938e-22
  5.11644e-22
  5.19197e-22
  5.05075e-22
  4.23947e-22
  3.07897e-22
  2.33843e-22
  2.02440e-22
  1.92802e-22
  1.88223e-22
  1.79009e-22
  1.64822e-22
  1.55553e-22
  1.54640e-22
  1.57374e-22
  1.57682e-22
  1.53155e-22
  1.45391e-22
  1.35006e-22
  1.20963e-22
  1.02488e-22
  8.27884e-23
  6.64900e-23
  5.47232e-23
  4.59715e-23
  3.89819e-23
  3.38358e-23
  3.04586e-23
  2.85018e-23
  2.75807e-23
  2.73560e-23
  2.76256e-23
  2.82293e-23
  2.89195e-23
  2.94121e-23
  2.94727e-23
  2.90035e-23
  2.78577e-23
  2.61717e-23
  2.42748e-23
  2.25822e-23
  2.13821e-23
  2.06569e-23
  2.03471e-23
  2.03275e-23
  2.05526e-23
  2.10774e-23
  2.17729e-23
  2.25872e-23
  2.35109e-23
  2.45247e-23
  2.56246e-23
  2.67975e-23
  2.80394e-23
  2.93358e-23
  3.07097e-23
   Cooling for Wiersma, Schaye and Smith (2008), NO COMPTON.
   z > 11 (photodis) log(T) = 2-8 K, log(dT) = 0.05, log(n_H) = 0 , [Z/Zsol] = 
0.0
