 -4.10919e-23
 -3.84563e-23
 -3.58690e-23
 -3.33561e-23
 -3.09105e-23
 -2.84833e-23
 -2.61506e-23
 -2.39308e-23
 -2.17953e-23
 -1.97525e-23
 -1.77549e-23
 -1.58896e-23
 -1.41192e-23
 -1.24465e-23
 -1.08668e-23
 -9.37809e-24
 -7.97980e-24
 -6.67121e-24
 -5.45112e-24
 -4.31771e-24
 -3.27565e-24
 -1.89817e-24
 -1.00272e-24
 -1.91757e-25
  5.32730e-25
  1.17506e-24
  1.74068e-24
  2.23967e-24
  2.68124e-24
  3.07950e-24
  3.44996e-24
  3.81782e-24
  4.20464e-24
  4.64965e-24
  5.23726e-24
  5.95528e-24
  6.91124e-24
  8.25117e-24
  1.01678e-23
  1.27957e-23
  1.63995e-23
  2.10666e-23
  2.72842e-23
  3.53799e-23
  4.60449e-23
  5.98846e-23
  7.79756e-23
  1.01174e-22
  1.30879e-22
  1.67312e-22
  2.10743e-22
  2.62525e-22
  3.26152e-22
  4.04990e-22
  5.01913e-22
  6.18982e-22
  7.60827e-22
  9.26605e-22
  1.10136e-21
  1.25990e-21
  1.38093e-21
  1.42113e-21
  1.39869e-21
  1.40755e-21
  1.46646e-21
  1.52540e-21
  1.56343e-21
  1.59456e-21
  1.55250e-21
  1.30075e-21
  9.44119e-22
  7.16144e-22
  6.20220e-22
  5.91340e-22
  5.78585e-22
  5.50382e-22
  5.06622e-22
  4.78358e-22
  4.76087e-22
  4.85032e-22
  4.86443e-22
  4.72176e-22
  4.47595e-22
  4.14566e-22
  3.69959e-22
  3.11615e-22
  2.49306e-22
  1.97364e-22
  1.59538e-22
  1.30834e-22
  1.07216e-22
  8.87684e-23
  7.54733e-23
  6.73028e-23
  6.16353e-23
  5.79403e-23
  5.56713e-23
  5.57545e-23
  5.58354e-23
  5.59816e-23
  5.58870e-23
  5.57257e-23
  5.40387e-23
  5.08061e-23
  4.61126e-23
  4.15176e-23
  3.80096e-23
  3.54836e-23
  3.35211e-23
  3.22294e-23
  3.15106e-23
  3.11478e-23
  3.14130e-23
  3.19392e-23
  3.26994e-23
  3.36460e-23
  3.47639e-23
  3.59954e-23
  3.73775e-23
  3.88406e-23
  4.04042e-23
   Cooling for Wiersma, Schaye and Smith (2008).
   Redshift = 0.0 log(T) = 2-8 K, log(dT) = 0.05, log(n_H) = -3 , [Z/Zsol] = 
0.50
