 -3.54099e-23
 -3.40775e-23
 -3.26965e-23
 -3.13337e-23
 -2.99919e-23
 -2.86731e-23
 -2.73787e-23
 -2.61127e-23
 -2.48744e-23
 -2.36667e-23
 -2.24885e-23
 -2.13439e-23
 -2.02321e-23
 -1.91550e-23
 -1.81124e-23
 -1.71054e-23
 -1.61339e-23
 -1.51985e-23
 -1.42992e-23
 -1.34356e-23
 -1.26077e-23
 -1.18039e-23
 -1.10447e-23
 -1.03196e-23
 -9.62874e-24
 -8.97050e-24
 -8.34464e-24
 -7.74933e-24
 -7.18443e-24
 -6.64755e-24
 -6.13840e-24
 -5.65328e-24
 -5.19249e-24
 -4.75239e-24
 -4.33116e-24
 -3.92579e-24
 -3.53303e-24
 -3.14430e-24
 -2.74754e-24
 -2.32632e-24
 -1.81958e-24
 -1.11947e-24
  9.21448e-26
  2.33705e-24
  6.60967e-24
  1.38901e-23
  2.46272e-23
  3.63091e-23
  4.42663e-23
  4.61983e-23
  4.40415e-23
  4.08102e-23
  3.85001e-23
  3.82790e-23
  4.15367e-23
  5.10893e-23
  7.06306e-23
  9.87663e-23
  1.21421e-22
  1.25438e-22
  1.16581e-22
  1.03313e-22
  9.01840e-23
  8.09674e-23
  7.57284e-23
  7.22202e-23
  6.92841e-23
  6.71755e-23
  6.35094e-23
  5.37148e-23
  4.00901e-23
  3.17087e-23
  2.77686e-23
  2.61641e-23
  2.51853e-23
  2.37989e-23
  2.20252e-23
  2.08336e-23
  2.05400e-23
  2.06651e-23
  2.05929e-23
  2.01031e-23
  1.93240e-23
  1.83111e-23
  1.69560e-23
  1.51799e-23
  1.33009e-23
  1.17772e-23
  1.07160e-23
  9.96217e-24
  9.41505e-24
  9.14239e-24
  9.03562e-24
  9.08899e-24
  9.26025e-24
  9.51491e-24
  9.83317e-24
  1.01983e-23
  1.05855e-23
  1.09655e-23
  1.13228e-23
  1.17144e-23
  1.20694e-23
  1.23925e-23
  1.27178e-23
  1.30856e-23
  1.35245e-23
  1.40330e-23
  1.46056e-23
  1.52282e-23
  1.59112e-23
  1.67639e-23
  1.76887e-23
  1.86644e-23
  1.96934e-23
  2.07712e-23
  2.19001e-23
  2.30765e-23
  2.43017e-23
  2.55720e-23
  2.69120e-23
   Cooling for Wiersma, Schaye and Smith (2008), NO COMPTON.
   11 < z < 9.89 (highz) log(T) = 2-8 K, log(dT) = 0.05, log(n_H) = -2
 , [Z/Zsol] = -1.0
