 -2.55055e-22
 -2.42507e-22
 -2.30284e-22
 -2.18223e-22
 -2.06400e-22
 -1.94900e-22
 -1.83603e-22
 -1.72482e-22
 -1.61502e-22
 -1.50589e-22
 -1.39757e-22
 -1.29032e-22
 -1.18341e-22
 -1.07624e-22
 -9.68365e-23
 -8.59033e-23
 -7.47899e-23
 -6.34536e-23
 -5.18221e-23
 -3.97524e-23
 -2.72295e-23
 -1.41072e-23
 -2.80878e-25
  1.43750e-23
  2.99856e-23
  4.67523e-23
  6.47819e-23
  8.43606e-23
  1.05596e-22
  1.28866e-22
  1.54311e-22
  1.82198e-22
  2.13231e-22
  2.47231e-22
  2.85150e-22
  3.27122e-22
  3.73789e-22
  4.25550e-22
  4.83982e-22
  5.48418e-22
  6.20657e-22
  7.01124e-22
  7.91863e-22
  8.92971e-22
  1.00612e-21
  1.13252e-21
  1.27445e-21
  1.43312e-21
  1.61130e-21
  1.81248e-21
  2.03661e-21
  2.28760e-21
  2.56931e-21
  2.88504e-21
  3.23936e-21
  3.63676e-21
  4.08261e-21
  4.58312e-21
  5.14448e-21
  5.77511e-21
  6.48849e-21
  7.28367e-21
  8.17415e-21
  9.17434e-21
  1.02932e-20
  1.15507e-20
  1.29572e-20
  1.45394e-20
  1.63091e-20
  1.83013e-20
  2.05287e-20
  2.30376e-20
  2.58415e-20
  2.90012e-20
  3.25312e-20
  3.65093e-20
  4.09547e-20
  4.59619e-20
  5.15600e-20
  5.78622e-20
  6.49117e-20
  7.28438e-20
  8.17211e-20
  9.17046e-20
  1.02883e-19
  1.15449e-19
  1.29525e-19
  1.45340e-19
  1.63066e-19
  1.82970e-19
  2.05291e-19
  2.30343e-19
  2.58450e-19
  2.89981e-19
  3.25375e-19
  3.65059e-19
  4.09627e-19
  4.59574e-19
  5.15695e-19
  5.78559e-19
  6.49228e-19
  7.28347e-19
  8.17334e-19
  9.16914e-19
  1.02897e-18
  1.15430e-18
  1.29540e-18
  1.45314e-18
  1.63081e-18
  1.82934e-18
  2.05307e-18
  2.30302e-18
  2.58466e-18
  2.89941e-18
  3.25389e-18
  3.65024e-18
  4.09638e-18
  4.59548e-18
  5.15701e-18
  5.78550e-18
  6.49223e-18
   Cooling for Wiersma, Schaye and Smith (2008).
   Redshift = 9.0 log(T) = 2-8 K, log(dT) = 0.05, log(n_H) = -6 , [Z/Zsol] = 
-2.0
