 -5.56792e-23
 -5.22649e-23
 -4.90594e-23
 -4.60832e-23
 -4.32882e-23
 -4.06742e-23
 -3.82201e-23
 -3.59124e-23
 -3.37440e-23
 -3.17425e-23
 -2.98372e-23
 -2.80782e-23
 -2.64328e-23
 -2.48680e-23
 -2.34260e-23
 -2.20695e-23
 -2.07900e-23
 -1.96053e-23
 -1.84809e-23
 -1.74355e-23
 -1.64587e-23
 -1.55258e-23
 -1.46645e-23
 -1.38507e-23
 -1.30855e-23
 -1.23629e-23
 -1.16791e-23
 -1.10344e-23
 -1.04289e-23
 -9.85537e-24
 -9.31255e-24
 -8.79521e-24
 -8.30118e-24
 -7.83064e-24
 -7.38557e-24
 -6.95974e-24
 -6.55294e-24
 -6.16039e-24
 -5.78590e-24
 -5.42468e-24
 -5.07377e-24
 -4.72870e-24
 -4.38528e-24
 -4.02842e-24
 -3.63204e-24
 -3.16288e-24
 -2.56546e-24
 -1.78283e-24
 -7.48058e-25
  5.67034e-25
  2.15368e-24
  3.91651e-24
  5.72933e-24
  7.59044e-24
  9.83986e-24
  1.33919e-23
  1.97464e-23
  3.02698e-23
  4.35689e-23
  5.37579e-23
  5.56456e-23
  5.04355e-23
  4.26536e-23
  3.51569e-23
  2.88378e-23
  2.38519e-23
  1.99473e-23
  1.69269e-23
  1.45513e-23
  1.27072e-23
  1.04245e-23
  9.28974e-24
  8.38698e-24
  7.67910e-24
  7.11274e-24
  6.60719e-24
  6.21480e-24
  5.91981e-24
  5.69894e-24
  5.54156e-24
  5.43400e-24
  5.40144e-24
  5.40743e-24
  5.44722e-24
  5.51514e-24
  5.60873e-24
  5.72450e-24
  5.86081e-24
  6.01542e-24
  6.18719e-24
  6.37895e-24
  6.63966e-24
  6.92566e-24
  7.23258e-24
  7.56034e-24
  7.90875e-24
  8.27796e-24
  8.66768e-24
  9.07854e-24
  9.51024e-24
  9.97278e-24
  1.05410e-23
  1.11537e-23
  1.18018e-23
  1.24884e-23
  1.32130e-23
  1.39794e-23
  1.47867e-23
  1.56395e-23
  1.65368e-23
  1.74996e-23
  1.86443e-23
  1.98822e-23
  2.11971e-23
  2.25990e-23
  2.40878e-23
  2.56741e-23
  2.73587e-23
  2.91534e-23
  3.10602e-23
  3.31155e-23
   Cooling for Wiersma, Schaye and Smith (2008).
   Redshift = 0.0 log(T) = 2-8 K, log(dT) = 0.05, log(n_H) = -4 , [Z/Zsol] = 
-Inf
