  7.23400e-32
  8.56003e-32
  1.00514e-31
  1.17383e-31
  1.36329e-31
  1.57630e-31
  1.81398e-31
  2.07917e-31
  2.37132e-31
  2.68991e-31
  3.03903e-31
  3.42087e-31
  3.83593e-31
  4.28757e-31
  4.77818e-31
  5.31127e-31
  5.92438e-31
  6.34310e-31
  7.14026e-31
  7.66461e-31
  8.45754e-31
  9.87375e-31
  1.08692e-30
  1.22846e-30
  1.27225e-30
  1.03993e-30
  1.56833e-30
  1.73608e-30
  1.86484e-30
  1.67813e-30
  2.42046e-30
  9.26590e-30
  4.03422e-30
  1.03038e-30
  1.15546e-29
  6.49769e-29
  3.99469e-28
  1.61007e-27
  6.63805e-27
  2.12057e-26
  6.14544e-26
  3.29638e-25
  3.69477e-24
  2.71269e-23
  9.58938e-23
  1.48076e-22
  1.45036e-22
  1.25933e-22
  1.12197e-22
  1.07697e-22
  1.10259e-22
  1.18020e-22
  1.31849e-22
  1.53005e-22
  1.83337e-22
  2.25606e-22
  2.83854e-22
  3.56145e-22
  4.24608e-22
  4.71827e-22
  4.99650e-22
  5.00417e-22
  4.81917e-22
  4.76719e-22
  4.90067e-22
  5.03910e-22
  5.11590e-22
  5.19138e-22
  5.05060e-22
  4.23922e-22
  3.07859e-22
  2.33778e-22
  2.02322e-22
  1.92590e-22
  1.88208e-22
  1.78989e-22
  1.64792e-22
  1.55507e-22
  1.54564e-22
  1.57273e-22
  1.57634e-22
  1.53086e-22
  1.45296e-22
  1.34866e-22
  1.20803e-22
  1.02407e-22
  8.27545e-23
  6.63880e-23
  5.45012e-23
  4.55140e-23
  3.81486e-23
  3.24655e-23
  2.84297e-23
  2.60285e-23
  2.44318e-23
  2.34705e-23
  2.29714e-23
  2.32268e-23
  2.34918e-23
  2.37871e-23
  2.40218e-23
  2.43017e-23
  2.41227e-23
  2.34714e-23
  2.23752e-23
  2.13262e-23
  2.06381e-23
  2.02765e-23
  2.01099e-23
  2.01707e-23
  2.04394e-23
  2.09261e-23
  2.16521e-23
  2.24894e-23
  2.34315e-23
  2.44616e-23
  2.55765e-23
  2.67563e-23
  2.80138e-23
  2.93252e-23
  3.07132e-23
   Cooling for Wiersma, Schaye and Smith (2008), NO COMPTON.
   z > 11 (photodis) log(T) = 2-8 K, log(dT) = 0.05, log(n_H) = -3 , [Z/Zsol] = 
0.0
