 -6.11923e-23
 -5.75795e-23
 -5.41019e-23
 -5.08062e-23
 -4.76752e-23
 -4.47134e-23
 -4.19057e-23
 -3.92547e-23
 -3.67465e-23
 -3.43819e-23
 -3.21488e-23
 -3.00454e-23
 -2.80611e-23
 -2.61863e-23
 -2.44309e-23
 -2.27941e-23
 -2.12478e-23
 -1.97882e-23
 -1.84252e-23
 -1.71527e-23
 -1.59542e-23
 -1.48260e-23
 -1.37748e-23
 -1.27918e-23
 -1.18642e-23
 -1.09995e-23
 -1.01948e-23
 -9.44059e-24
 -8.73549e-24
 -8.07412e-24
 -7.45402e-24
 -6.87293e-24
 -6.33239e-24
 -5.82593e-24
 -5.34783e-24
 -4.90403e-24
 -4.48549e-24
 -4.09187e-24
 -3.72296e-24
 -3.36796e-24
 -3.02515e-24
 -2.66780e-24
 -2.24720e-24
 -1.68144e-24
 -7.96022e-25
  6.28073e-25
  2.92145e-24
  6.27776e-24
  1.06273e-23
  1.52228e-23
  1.89108e-23
  2.09077e-23
  2.13750e-23
  2.14739e-23
  2.29973e-23
  2.86496e-23
  4.17181e-23
  6.22620e-23
  8.07284e-23
  8.45005e-23
  7.55115e-23
  6.25678e-23
  5.06694e-23
  4.13406e-23
  3.43852e-23
  2.91861e-23
  2.51946e-23
  2.21606e-23
  1.95881e-23
  1.69055e-23
  1.34594e-23
  1.15997e-23
  1.03921e-23
  9.59374e-24
  8.98654e-24
  8.39545e-24
  7.87029e-24
  7.49301e-24
  7.27312e-24
  7.15323e-24
  7.05982e-24
  6.99394e-24
  6.93556e-24
  6.88606e-24
  6.82963e-24
  6.75667e-24
  6.69615e-24
  6.69269e-24
  6.75512e-24
  6.86735e-24
  7.02228e-24
  7.27122e-24
  7.56457e-24
  7.89845e-24
  8.26930e-24
  8.67422e-24
  9.11236e-24
  9.58261e-24
  1.00844e-23
  1.06154e-23
  1.11850e-23
  1.18671e-23
  1.26020e-23
  1.33833e-23
  1.42202e-23
  1.51177e-23
  1.60861e-23
  1.71261e-23
  1.82468e-23
  1.94471e-23
  2.07546e-23
  2.22863e-23
  2.39618e-23
  2.57669e-23
  2.77220e-23
  2.98299e-23
  3.21137e-23
  3.45790e-23
  3.72522e-23
  4.01427e-23
  4.33041e-23
   Cooling for Wiersma, Schaye and Smith (2008).
   Redshift = 3.0 log(T) = 2-8 K, log(dT) = 0.05, log(n_H) = -2 , [Z/Zsol] = 
-2.0
