 -6.37042e-23
 -5.97285e-23
 -5.59322e-23
 -5.23428e-23
 -4.89383e-23
 -4.57167e-23
 -4.26788e-23
 -3.97785e-23
 -3.70537e-23
 -3.45282e-23
 -3.21301e-23
 -2.98521e-23
 -2.77223e-23
 -2.57447e-23
 -2.38789e-23
 -2.21190e-23
 -2.04808e-23
 -1.89471e-23
 -1.75196e-23
 -1.61926e-23
 -1.49584e-23
 -1.37905e-23
 -1.27117e-23
 -1.17108e-23
 -1.07884e-23
 -9.92189e-24
 -9.12596e-24
 -8.38907e-24
 -7.69807e-24
 -7.06136e-24
 -6.46310e-24
 -5.90667e-24
 -5.37906e-24
 -4.87715e-24
 -4.39551e-24
 -3.92491e-24
 -3.46003e-24
 -2.98169e-24
 -2.47730e-24
 -1.93460e-24
 -1.32903e-24
 -6.32340e-25
  2.21489e-25
  1.31313e-24
  2.81608e-24
  4.93230e-24
  7.95796e-24
  1.21422e-23
  1.77091e-23
  2.44177e-23
  3.17741e-23
  3.90626e-23
  4.63643e-23
  5.44991e-23
  6.55719e-23
  8.26520e-23
  1.09737e-22
  1.46105e-22
  1.79078e-22
  1.94626e-22
  1.95522e-22
  1.87504e-22
  1.75786e-22
  1.68831e-22
  1.68277e-22
  1.69532e-22
  1.69796e-22
  1.69263e-22
  1.61958e-22
  1.36203e-22
  1.00848e-22
  7.85078e-23
  6.87427e-23
  6.53869e-23
  6.35486e-23
  6.02248e-23
  5.56288e-23
  5.27331e-23
  5.24070e-23
  5.31661e-23
  5.31877e-23
  5.17399e-23
  4.92993e-23
  4.60132e-23
  4.15722e-23
  3.57994e-23
  2.96940e-23
  2.46620e-23
  2.10492e-23
  1.83499e-23
  1.61726e-23
  1.45669e-23
  1.34879e-23
  1.29305e-23
  1.26345e-23
  1.25482e-23
  1.26173e-23
  1.29336e-23
  1.32618e-23
  1.36083e-23
  1.39474e-23
  1.43698e-23
  1.46726e-23
  1.48407e-23
  1.48867e-23
  1.49652e-23
  1.51758e-23
  1.55059e-23
  1.59147e-23
  1.64112e-23
  1.70006e-23
  1.77650e-23
  1.86468e-23
  1.95934e-23
  2.06052e-23
  2.16753e-23
  2.28045e-23
  2.39850e-23
  2.52221e-23
  2.65068e-23
  2.78633e-23
   Cooling for Wiersma, Schaye and Smith (2008), NO COMPTON.
   11 < z < 9.89 (highz) log(T) = 2-8 K, log(dT) = 0.05, log(n_H) = -3
 , [Z/Zsol] = ****
