 -1.80428e-22
 -1.70259e-22
 -1.60538e-22
 -1.51388e-22
 -1.42503e-22
 -1.34193e-22
 -1.26279e-22
 -1.18647e-22
 -1.11508e-22
 -1.04701e-22
 -9.82234e-23
 -9.21299e-23
 -8.63319e-23
 -8.08811e-23
 -7.57023e-23
 -7.07974e-23
 -6.62398e-23
 -6.18805e-23
 -5.77911e-23
 -5.39720e-23
 -5.03394e-23
 -4.69244e-23
 -4.37638e-23
 -4.07519e-23
 -3.79277e-23
 -3.52775e-23
 -3.28306e-23
 -3.05016e-23
 -2.83227e-23
 -2.62804e-23
 -2.43716e-23
 -2.26044e-23
 -2.09305e-23
 -1.93613e-23
 -1.78964e-23
 -1.65229e-23
 -1.52411e-23
 -1.40389e-23
 -1.29234e-23
 -1.18761e-23
 -1.08918e-23
 -9.96589e-24
 -9.09953e-24
 -8.28560e-24
 -7.52277e-24
 -6.80450e-24
 -6.12866e-24
 -5.48944e-24
 -4.88407e-24
 -4.30759e-24
 -3.75662e-24
 -3.22244e-24
 -2.70644e-24
 -2.20228e-24
 -1.69970e-24
 -1.18896e-24
 -6.41342e-25
 -1.84205e-26
  7.11748e-25
  1.59688e-24
  2.66890e-24
  3.93942e-24
  5.33781e-24
  6.75097e-24
  8.03386e-24
  9.02651e-24
  9.67275e-24
  9.98322e-24
  1.00442e-23
  9.95272e-24
  9.62989e-24
  9.49141e-24
  9.39938e-24
  9.39427e-24
  9.45917e-24
  9.56187e-24
  9.77528e-24
  1.01058e-23
  1.05454e-23
  1.10987e-23
  1.17641e-23
  1.25796e-23
  1.35166e-23
  1.45855e-23
  1.57924e-23
  1.71573e-23
  1.86922e-23
  2.04201e-23
  2.23550e-23
  2.45274e-23
  2.69620e-23
  2.97427e-23
  3.28571e-23
  3.63383e-23
  4.02306e-23
  4.45773e-23
  4.94336e-23
  5.48584e-23
  6.09276e-23
  6.76982e-23
  7.52828e-23
  8.38227e-23
  9.33978e-23
  1.04073e-22
  1.16042e-22
  1.29386e-22
  1.44361e-22
  1.61055e-22
  1.79802e-22
  2.00696e-22
  2.24194e-22
  2.50515e-22
  2.80123e-22
  3.13143e-22
  3.50252e-22
  3.91666e-22
  4.38195e-22
  4.90155e-22
  5.48515e-22
  6.13731e-22
  6.86978e-22
   Cooling for Wiersma, Schaye and Smith (2008).
   Redshift = 0.0 log(T) = 2-8 K, log(dT) = 0.05, log(n_H) = -6 , [Z/Zsol] = 
-2.0
