 -1.18932e-22
 -1.13469e-22
 -1.08359e-22
 -1.03492e-22
 -9.88559e-23
 -9.44891e-23
 -9.03066e-23
 -8.62951e-23
 -8.24491e-23
 -7.87878e-23
 -7.52736e-23
 -7.18922e-23
 -6.86262e-23
 -6.54492e-23
 -6.23565e-23
 -5.93625e-23
 -5.64498e-23
 -5.35967e-23
 -5.07917e-23
 -4.80128e-23
 -4.52721e-23
 -4.25570e-23
 -3.98426e-23
 -3.71213e-23
 -3.43944e-23
 -3.16460e-23
 -2.88511e-23
 -2.60024e-23
 -2.30910e-23
 -2.00981e-23
 -1.69943e-23
 -1.37699e-23
 -1.03973e-23
 -6.85903e-24
 -3.11315e-24
  8.58087e-25
  5.10178e-24
  9.63732e-24
  1.45465e-23
  1.98452e-23
  2.56195e-23
  3.19031e-23
  3.87799e-23
  4.63029e-23
  5.46298e-23
  6.37967e-23
  7.39613e-23
  8.51881e-23
  9.77269e-23
  1.11593e-22
  1.27113e-22
  1.44372e-22
  1.63755e-22
  1.85378e-22
  2.09867e-22
  2.37464e-22
  2.69359e-22
  3.05872e-22
  3.48404e-22
  3.96680e-22
  4.50091e-22
  5.07079e-22
  5.67215e-22
  6.31662e-22
  7.02903e-22
  7.83094e-22
  8.74252e-22
  9.76831e-22
  1.09226e-21
  1.22282e-21
  1.36884e-21
  1.53418e-21
  1.71925e-21
  1.92805e-21
  2.16151e-21
  2.42471e-21
  2.71896e-21
  3.05052e-21
  3.42130e-21
  3.83879e-21
  4.30585e-21
  4.83146e-21
  5.41974e-21
  6.08136e-21
  6.82219e-21
  7.65494e-21
  8.58786e-21
  9.63598e-21
  1.08107e-20
  1.21299e-20
  1.36092e-20
  1.52696e-20
  1.71324e-20
  1.92221e-20
  2.15678e-20
  2.41979e-20
  2.71516e-20
  3.04618e-20
  3.41811e-20
  3.83472e-20
  4.30306e-20
  4.82741e-20
  5.41715e-20
  6.07709e-20
  6.81970e-20
  7.65028e-20
  8.58537e-20
  9.63074e-20
  1.08082e-19
  1.21239e-19
  1.36065e-19
  1.52629e-19
  1.71294e-19
  1.92152e-19
  2.15643e-19
  2.41909e-19
  2.71475e-19
  3.04550e-19
  3.41763e-19
  3.83412e-19
  4.30246e-19
   Cooling for Wiersma, Schaye and Smith (2008).
   Redshift = 8.0 log(T) = 2-8 K, log(dT) = 0.05, log(n_H) = -5 , [Z/Zsol] = 
-3.0
