 -1.34449e-21
 -1.29266e-21
 -1.24390e-21
 -1.19931e-21
 -1.15922e-21
 -1.12588e-21
 -1.09767e-21
 -1.07463e-21
 -1.05531e-21
 -1.03796e-21
 -1.02117e-21
 -1.00369e-21
 -9.84371e-22
 -9.63845e-22
 -9.41957e-22
 -9.18903e-22
 -8.95554e-22
 -8.71929e-22
 -8.48227e-22
 -8.24444e-22
 -8.00931e-22
 -7.76675e-22
 -7.51856e-22
 -7.26210e-22
 -6.99524e-22
 -6.71542e-22
 -6.42002e-22
 -6.11191e-22
 -5.78808e-22
 -5.45642e-22
 -5.11724e-22
 -4.77351e-22
 -4.42663e-22
 -4.08258e-22
 -3.74784e-22
 -3.42521e-22
 -3.12027e-22
 -2.83422e-22
 -2.56821e-22
 -2.32064e-22
 -2.09089e-22
 -1.87543e-22
 -1.67212e-22
 -1.47716e-22
 -1.28773e-22
 -1.10054e-22
 -9.12756e-23
 -7.21732e-23
 -5.24788e-23
 -3.19685e-23
 -1.03752e-23
  1.25286e-23
  3.70229e-23
  6.33691e-23
  9.18744e-23
  1.22874e-22
  1.56741e-22
  1.93673e-22
  2.34545e-22
  2.79694e-22
  3.29625e-22
  3.85064e-22
  4.46580e-22
  5.15348e-22
  5.92058e-22
  6.77101e-22
  7.71698e-22
  8.77484e-22
  9.95344e-22
  1.12731e-21
  1.27431e-21
  1.43940e-21
  1.62346e-21
  1.83434e-21
  2.06686e-21
  2.32857e-21
  2.61971e-21
  2.94726e-21
  3.31384e-21
  3.72513e-21
  4.18464e-21
  4.70113e-21
  5.27870e-21
  5.92758e-21
  6.65368e-21
  7.46944e-21
  8.38297e-21
  9.40901e-21
  1.05588e-20
  1.18497e-20
  1.32971e-20
  1.49215e-20
  1.67439e-20
  1.87881e-20
  2.10827e-20
  2.36553e-20
  2.65444e-20
  2.97820e-20
  3.34197e-20
  3.74944e-20
  4.20748e-20
  4.72030e-20
  5.29707e-20
  5.94248e-20
  6.66874e-20
  7.48102e-20
  8.39550e-20
  9.41782e-20
  1.05693e-19
  1.18560e-19
  1.33059e-19
  1.49258e-19
  1.67511e-19
  1.87909e-19
  2.10882e-19
  2.36568e-19
  2.65481e-19
  2.97826e-19
  3.34217e-19
  3.74946e-19
  4.20747e-19
   Cooling for Wiersma, Schaye and Smith (2008).
   Redshift = 4.0 log(T) = 2-8 K, log(dT) = 0.05, log(n_H) = -6 , [Z/Zsol] = 
0.50
