 -9.02206e-23
 -8.46337e-23
 -7.95069e-23
 -7.43425e-23
 -6.95870e-23
 -6.51841e-23
 -6.08886e-23
 -5.69656e-23
 -5.31271e-23
 -4.97105e-23
 -4.65433e-23
 -4.33519e-23
 -4.05070e-23
 -3.78869e-23
 -3.52903e-23
 -3.29892e-23
 -3.08756e-23
 -2.88363e-23
 -2.70543e-23
 -2.53752e-23
 -2.38389e-23
 -2.24949e-23
 -2.12034e-23
 -2.00623e-23
 -1.90296e-23
 -1.80909e-23
 -1.72174e-23
 -1.64566e-23
 -1.57492e-23
 -1.51376e-23
 -1.45571e-23
 -1.40481e-23
 -1.35373e-23
 -1.30285e-23
 -1.24659e-23
 -1.17872e-23
 -1.09383e-23
 -9.84745e-24
 -8.41688e-24
 -6.56953e-24
 -4.26555e-24
 -1.45406e-24
  2.07308e-24
  6.54829e-24
  1.22956e-23
  1.96376e-23
  2.90733e-23
  4.09600e-23
  5.61545e-23
  7.53366e-23
  9.95674e-23
  1.29372e-22
  1.66157e-22
  2.10273e-22
  2.63071e-22
  3.25949e-22
  4.02358e-22
  4.93333e-22
  5.94751e-22
  6.95179e-22
  7.87072e-22
  8.71749e-22
  9.49714e-22
  1.02181e-21
  1.08261e-21
  1.11443e-21
  1.11001e-21
  1.06455e-21
  9.81199e-22
  8.41481e-22
  6.86018e-22
  5.85355e-22
  5.41223e-22
  5.21930e-22
  5.02752e-22
  4.74191e-22
  4.46898e-22
  4.37701e-22
  4.42600e-22
  4.49950e-22
  4.52409e-22
  4.38540e-22
  4.17423e-22
  3.82950e-22
  3.33341e-22
  2.73592e-22
  2.14411e-22
  1.68765e-22
  1.35758e-22
  1.12056e-22
  9.27214e-23
  7.72907e-23
  6.59420e-23
  5.73601e-23
  5.10906e-23
  4.80175e-23
  4.49669e-23
  4.33665e-23
  4.28133e-23
  4.30318e-23
  4.33795e-23
  4.34885e-23
  4.23998e-23
  4.04156e-23
  3.78966e-23
  3.52388e-23
  3.29521e-23
  3.12532e-23
  3.01605e-23
  2.94945e-23
  2.92471e-23
  2.95012e-23
  3.00130e-23
  3.07475e-23
  3.16857e-23
  3.27628e-23
  3.40203e-23
  3.53978e-23
  3.68777e-23
  3.84213e-23
  4.00485e-23
   Cooling for Wiersma, Schaye and Smith (2008), NO COMPTON.
   11 < z < 9.89 (highz) log(T) = 2-8 K, log(dT) = 0.05, log(n_H) = -4
 , [Z/Zsol] = 0.50
