 -7.12661e-24
 -7.02170e-24
 -6.90593e-24
 -6.78607e-24
 -6.66251e-24
 -6.53228e-24
 -6.39717e-24
 -6.26072e-24
 -6.12113e-24
 -5.97860e-24
 -5.83325e-24
 -5.68593e-24
 -5.53680e-24
 -5.38607e-24
 -5.23398e-24
 -5.08070e-24
 -4.92629e-24
 -4.77085e-24
 -4.61450e-24
 -4.45729e-24
 -4.29930e-24
 -4.13481e-24
 -3.97481e-24
 -3.81417e-24
 -3.65274e-24
 -3.49029e-24
 -3.32623e-24
 -3.16000e-24
 -2.99321e-24
 -2.81965e-24
 -2.64067e-24
 -2.45454e-24
 -2.25963e-24
 -2.05198e-24
 -1.82806e-24
 -1.58214e-24
 -1.30171e-24
 -9.65615e-25
 -5.19427e-25
  1.38741e-25
  1.36742e-24
  3.92376e-24
  9.99439e-24
  2.30861e-23
  4.77376e-23
  7.92462e-23
  9.80887e-23
  9.60348e-23
  8.43196e-23
  7.33899e-23
  6.65096e-23
  6.35053e-23
  6.36792e-23
  6.75799e-23
  7.66149e-23
  9.35829e-23
  1.22295e-22
  1.60945e-22
  1.94566e-22
  2.08935e-22
  2.08904e-22
  1.98979e-22
  1.84498e-22
  1.76224e-22
  1.75450e-22
  1.76096e-22
  1.75696e-22
  1.75924e-22
  1.69773e-22
  1.42814e-22
  1.04518e-22
  8.03145e-23
  6.97580e-23
  6.62183e-23
  6.43759e-23
  6.11102e-23
  5.63502e-23
  5.32127e-23
  5.27676e-23
  5.35192e-23
  5.35370e-23
  5.20770e-23
  4.96193e-23
  4.63548e-23
  4.19525e-23
  3.61649e-23
  3.00046e-23
  2.49327e-23
  2.13050e-23
  1.86410e-23
  1.65463e-23
  1.50798e-23
  1.41878e-23
  1.37569e-23
  1.36652e-23
  1.38049e-23
  1.41117e-23
  1.45344e-23
  1.49948e-23
  1.54022e-23
  1.56888e-23
  1.58743e-23
  1.58693e-23
  1.57105e-23
  1.55028e-23
  1.53764e-23
  1.54235e-23
  1.56374e-23
  1.60000e-23
  1.64704e-23
  1.70456e-23
  1.78219e-23
  1.86941e-23
  1.96336e-23
  2.06400e-23
  2.17054e-23
  2.28304e-23
  2.40093e-23
  2.52424e-23
  2.65233e-23
  2.78763e-23
   Cooling for Wiersma, Schaye and Smith (2008).
   Redshift = 2.0 log(T) = 2-8 K, log(dT) = 0.05, log(n_H) = 0 , [Z/Zsol] = ****
