 -1.72293e-22
 -1.60954e-22
 -1.50316e-22
 -1.40389e-22
 -1.31087e-22
 -1.22414e-22
 -1.14296e-22
 -1.06728e-22
 -9.96445e-23
 -9.30347e-23
 -8.68465e-23
 -8.10662e-23
 -7.56542e-23
 -7.05968e-23
 -6.58625e-23
 -6.14373e-23
 -5.72959e-23
 -5.34229e-23
 -4.97980e-23
 -4.64052e-23
 -4.32282e-23
 -4.02496e-23
 -3.74571e-23
 -3.48342e-23
 -3.23705e-23
 -3.00501e-23
 -2.78645e-23
 -2.57991e-23
 -2.38464e-23
 -2.19934e-23
 -2.02330e-23
 -1.85501e-23
 -1.69392e-23
 -1.53870e-23
 -1.38871e-23
 -1.24270e-23
 -1.09997e-23
 -9.59374e-24
 -8.20088e-24
 -6.81085e-24
 -5.41308e-24
 -3.99556e-24
 -2.54766e-24
 -1.05940e-24
  4.85079e-25
  2.09758e-24
  3.79782e-24
  5.60012e-24
  7.52837e-24
  9.60032e-24
  1.18448e-23
  1.42890e-23
  1.69617e-23
  1.98916e-23
  2.31175e-23
  2.66784e-23
  3.06199e-23
  3.49943e-23
  3.98549e-23
  4.52715e-23
  5.13059e-23
  5.80599e-23
  6.55934e-23
  7.40271e-23
  8.34375e-23
  9.39836e-23
  1.05750e-22
  1.18949e-22
  1.33674e-22
  1.50208e-22
  1.68642e-22
  1.89392e-22
  2.12542e-22
  2.38591e-22
  2.67662e-22
  3.00379e-22
  3.36912e-22
  3.78040e-22
  4.24006e-22
  4.75735e-22
  5.33590e-22
  5.98702e-22
  6.71560e-22
  7.53483e-22
  8.45198e-22
  9.48277e-22
  1.06374e-21
  1.19344e-21
  1.33880e-21
  1.50202e-21
  1.68503e-21
  1.89047e-21
  2.12095e-21
  2.37948e-21
  2.66966e-21
  2.99499e-21
  3.36034e-21
  3.76975e-21
  4.22974e-21
  4.74496e-21
  5.32413e-21
  5.97260e-21
  6.70192e-21
  7.51803e-21
  8.43632e-21
  9.46336e-21
  1.06196e-20
  1.19121e-20
  1.33679e-20
  1.49946e-20
  1.68276e-20
  1.88755e-20
  2.11831e-20
  2.37619e-20
  2.66660e-20
  2.99132e-20
  3.35682e-20
  3.76570e-20
  4.22571e-20
  4.74056e-20
  5.31950e-20
   Cooling for Wiersma, Schaye and Smith (2008).
   Redshift = 2.0 log(T) = 2-8 K, log(dT) = 0.05, log(n_H) = -6 , [Z/Zsol] = 
-2.0
