 -1.02391e-22
 -9.68554e-23
 -9.16386e-23
 -8.66682e-23
 -8.19602e-23
 -7.75425e-23
 -7.33545e-23
 -6.93916e-23
 -6.56074e-23
 -6.20379e-23
 -5.86391e-23
 -5.53983e-23
 -5.23219e-23
 -4.94112e-23
 -4.66349e-23
 -4.39846e-23
 -4.14670e-23
 -3.90832e-23
 -3.68085e-23
 -3.46407e-23
 -3.25700e-23
 -3.06069e-23
 -2.87484e-23
 -2.69807e-23
 -2.53017e-23
 -2.37010e-23
 -2.21743e-23
 -2.07274e-23
 -1.93628e-23
 -1.80673e-23
 -1.68414e-23
 -1.56759e-23
 -1.45668e-23
 -1.35176e-23
 -1.25331e-23
 -1.15872e-23
 -1.07050e-23
 -9.86614e-24
 -9.06508e-24
 -8.31132e-24
 -7.59064e-24
 -6.90812e-24
 -6.25097e-24
 -5.62387e-24
 -5.01153e-24
 -4.41496e-24
 -3.81530e-24
 -3.20734e-24
 -2.57924e-24
 -1.91658e-24
 -1.20301e-24
 -4.26947e-25
  4.25308e-25
  1.38373e-24
  2.50477e-24
  3.89174e-24
  5.69468e-24
  8.13863e-24
  1.14408e-23
  1.56872e-23
  2.05428e-23
  2.51049e-23
  2.83209e-23
  2.96333e-23
  2.92636e-23
  2.78485e-23
  2.60604e-23
  2.42585e-23
  2.26735e-23
  2.13380e-23
  1.97795e-23
  1.91835e-23
  1.89522e-23
  1.89922e-23
  1.92504e-23
  1.96976e-23
  2.04484e-23
  2.15395e-23
  2.28882e-23
  2.44447e-23
  2.61892e-23
  2.80810e-23
  3.01621e-23
  3.23999e-23
  3.48243e-23
  3.75751e-23
  4.07907e-23
  4.46140e-23
  4.90573e-23
  5.41555e-23
  5.99343e-23
  6.65176e-23
  7.39453e-23
  8.22971e-23
  9.16830e-23
  1.02223e-22
  1.14040e-22
  1.27276e-22
  1.42130e-22
  1.58748e-22
  1.77407e-22
  1.98343e-22
  2.21851e-22
  2.48112e-22
  2.77619e-22
  3.10580e-22
  3.47647e-22
  3.89045e-22
  4.35626e-22
  4.87626e-22
  5.46181e-22
  6.11673e-22
  6.85420e-22
  7.67769e-22
  8.60436e-22
  9.63971e-22
  1.08043e-21
  1.21061e-21
  1.35699e-21
  1.52071e-21
  1.70473e-21
   Cooling for Wiersma, Schaye and Smith (2008).
   Redshift = 3.0 log(T) = 2-8 K, log(dT) = 0.05, log(n_H) = -4 , [Z/Zsol] = 
-1.5
