 -1.61269e-22
 -1.52727e-22
 -1.44592e-22
 -1.36836e-22
 -1.29439e-22
 -1.22441e-22
 -1.15769e-22
 -1.09402e-22
 -1.03326e-22
 -9.75375e-23
 -9.20186e-23
 -8.67834e-23
 -8.17905e-23
 -7.70601e-23
 -7.25159e-23
 -6.82417e-23
 -6.41553e-23
 -6.02715e-23
 -5.66242e-23
 -5.31060e-23
 -4.98217e-23
 -4.66640e-23
 -4.37056e-23
 -4.08927e-23
 -3.82244e-23
 -3.57251e-23
 -3.33342e-23
 -3.10892e-23
 -2.89537e-23
 -2.69317e-23
 -2.50202e-23
 -2.31861e-23
 -2.14484e-23
 -1.97850e-23
 -1.81816e-23
 -1.66332e-23
 -1.51349e-23
 -1.36807e-23
 -1.22586e-23
 -1.08467e-23
 -9.44698e-24
 -8.04437e-24
 -6.62967e-24
 -5.19313e-24
 -3.72515e-24
 -2.20702e-24
 -6.26133e-25
  1.03052e-24
  2.78379e-24
  4.64740e-24
  6.64903e-24
  8.80606e-24
  1.11426e-23
  1.36936e-23
  1.65014e-23
  1.96078e-23
  2.31011e-23
  2.70734e-23
  3.16493e-23
  3.69407e-23
  4.30200e-23
  4.99225e-23
  5.75188e-23
  6.56216e-23
  7.40444e-23
  8.27340e-23
  9.18301e-23
  1.01632e-22
  1.12456e-22
  1.24619e-22
  1.38187e-22
  1.53762e-22
  1.71521e-22
  1.91384e-22
  2.13561e-22
  2.38301e-22
  2.65905e-22
  2.97094e-22
  3.32076e-22
  3.71611e-22
  4.15960e-22
  4.66000e-22
  5.22076e-22
  5.85202e-22
  6.55930e-22
  7.35468e-22
  8.24597e-22
  9.24750e-22
  1.03701e-21
  1.16307e-21
  1.30452e-21
  1.46324e-21
  1.64131e-21
  1.84107e-21
  2.06528e-21
  2.31667e-21
  2.59897e-21
  2.91531e-21
  3.27070e-21
  3.66875e-21
  4.11618e-21
  4.61713e-21
  5.18054e-21
  5.81097e-21
  6.52036e-21
  7.31375e-21
  8.20694e-21
  9.20543e-21
  1.03300e-20
  1.15866e-20
  1.30026e-20
  1.45847e-20
  1.63673e-20
  1.83594e-20
  2.06028e-20
  2.31112e-20
  2.59346e-20
  2.90931e-20
  3.26466e-20
  3.66236e-20
  4.10957e-20
   Cooling for Wiersma, Schaye and Smith (2008).
   Redshift = 4.0 log(T) = 2-8 K, log(dT) = 0.05, log(n_H) = -5 , [Z/Zsol] = 
-1.0
