 -1.50710e-22
 -1.42183e-22
 -1.34047e-22
 -1.26364e-22
 -1.19040e-22
 -1.12081e-22
 -1.05418e-22
 -9.91217e-23
 -9.31371e-23
 -8.74429e-23
 -8.20959e-23
 -7.69751e-23
 -7.21610e-23
 -6.76112e-23
 -6.32865e-23
 -5.92364e-23
 -5.53742e-23
 -5.17595e-23
 -4.83476e-23
 -4.51378e-23
 -4.21122e-23
 -3.92664e-23
 -3.65803e-23
 -3.40662e-23
 -3.17091e-23
 -2.94793e-23
 -2.73986e-23
 -2.54525e-23
 -2.36141e-23
 -2.18892e-23
 -2.02867e-23
 -1.87790e-23
 -1.73609e-23
 -1.60304e-23
 -1.47906e-23
 -1.36275e-23
 -1.25367e-23
 -1.15177e-23
 -1.05603e-23
 -9.66114e-24
 -8.81993e-24
 -8.03134e-24
 -7.28751e-24
 -6.58730e-24
 -5.92944e-24
 -5.30838e-24
 -4.72215e-24
 -4.16750e-24
 -3.63802e-24
 -3.13138e-24
 -2.64419e-24
 -2.16777e-24
 -1.70331e-24
 -1.24234e-24
 -7.74202e-25
 -2.78053e-25
  2.78728e-25
  9.43160e-25
  1.76994e-24
  2.81683e-24
  4.11342e-24
  5.65316e-24
  7.32235e-24
  8.93470e-24
  1.02835e-23
  1.12042e-23
  1.16890e-23
  1.18076e-23
  1.17105e-23
  1.15195e-23
  1.11463e-23
  1.10377e-23
  1.10285e-23
  1.11428e-23
  1.13780e-23
  1.16914e-23
  1.21512e-23
  1.27669e-23
  1.35304e-23
  1.44539e-23
  1.55357e-23
  1.68251e-23
  1.82982e-23
  1.99775e-23
  2.18732e-23
  2.40146e-23
  2.64189e-23
  2.91218e-23
  3.21492e-23
  3.55437e-23
  3.93465e-23
  4.36579e-23
  4.84865e-23
  5.38876e-23
  5.99321e-23
  6.66892e-23
  7.42546e-23
  8.27081e-23
  9.21787e-23
  1.02758e-22
  1.14627e-22
  1.27966e-22
  1.42941e-22
  1.59661e-22
  1.78433e-22
  1.99385e-22
  2.22923e-22
  2.49188e-22
  2.78715e-22
  3.11653e-22
  3.48723e-22
  3.90206e-22
  4.36897e-22
  4.89007e-22
  5.47617e-22
  6.13071e-22
  6.86659e-22
  7.68892e-22
  8.61309e-22
  9.64645e-22
  1.08076e-21
   Cooling for Wiersma, Schaye and Smith (2008).
   Redshift = 1.0 log(T) = 2-8 K, log(dT) = 0.05, log(n_H) = -5 , [Z/Zsol] = 
-Inf
