 -1.90455e-22
 -1.78170e-22
 -1.66619e-22
 -1.55819e-22
 -1.45685e-22
 -1.36216e-22
 -1.27409e-22
 -1.19144e-22
 -1.11384e-22
 -1.04108e-22
 -9.72838e-23
 -9.08988e-23
 -8.49106e-23
 -7.93085e-23
 -7.40676e-23
 -6.91874e-23
 -6.45867e-23
 -6.02845e-23
 -5.62593e-23
 -5.24944e-23
 -4.89731e-23
 -4.56923e-23
 -4.26121e-23
 -3.97239e-23
 -3.70218e-23
 -3.44912e-23
 -3.21239e-23
 -2.99055e-23
 -2.78301e-23
 -2.58843e-23
 -2.40623e-23
 -2.23512e-23
 -2.07475e-23
 -1.92375e-23
 -1.78189e-23
 -1.64784e-23
 -1.52141e-23
 -1.40142e-23
 -1.28806e-23
 -1.17992e-23
 -1.07644e-23
 -9.76928e-24
 -8.81284e-24
 -7.88729e-24
 -6.98814e-24
 -6.10801e-24
 -5.24124e-24
 -4.38067e-24
 -3.51972e-24
 -2.65194e-24
 -1.77019e-24
 -8.63807e-25
  6.92527e-26
  1.03497e-24
  2.03892e-24
  3.09117e-24
  4.20350e-24
  5.39221e-24
  6.67349e-24
  8.06919e-24
  9.60018e-24
  1.12993e-23
  1.31761e-23
  1.52451e-23
  1.75218e-23
  2.00151e-23
  2.27321e-23
  2.57000e-23
  2.89233e-23
  3.24470e-23
  3.62717e-23
  4.05310e-23
  4.52238e-23
  5.04547e-23
  5.62614e-23
  6.27523e-23
  6.99928e-23
  7.81494e-23
  8.72746e-23
  9.75531e-23
  1.09057e-22
  1.22039e-22
  1.36588e-22
  1.52931e-22
  1.71229e-22
  1.91791e-22
  2.14821e-22
  2.40685e-22
  2.69665e-22
  3.02195e-22
  3.38664e-22
  3.79635e-22
  4.25590e-22
  4.77124e-22
  5.34950e-22
  5.99763e-22
  6.72519e-22
  7.54035e-22
  8.45594e-22
  9.48121e-22
  1.06335e-21
  1.19241e-21
  1.33754e-21
  1.49990e-21
  1.68257e-21
  1.88683e-21
  2.11675e-21
  2.37373e-21
  2.66312e-21
  2.98644e-21
  3.35074e-21
  3.75780e-21
  4.21643e-21
  4.72890e-21
  5.30598e-21
  5.95115e-21
  6.67728e-21
  7.48951e-21
  8.40324e-21
  9.42581e-21
  1.05756e-20
   Cooling for Wiersma, Schaye and Smith (2008).
   Redshift = 1.0 log(T) = 2-8 K, log(dT) = 0.05, log(n_H) = -6 , [Z/Zsol] = 
-1.5
