 -2.25448e-22
 -2.11749e-22
 -1.98859e-22
 -1.86760e-22
 -1.75220e-22
 -1.64415e-22
 -1.54264e-22
 -1.44643e-22
 -1.35551e-22
 -1.27014e-22
 -1.18920e-22
 -1.11290e-22
 -1.04014e-22
 -9.71226e-23
 -9.06345e-23
 -8.44299e-23
 -7.85012e-23
 -7.28302e-23
 -6.73957e-23
 -6.21705e-23
 -5.71337e-23
 -5.22735e-23
 -4.74933e-23
 -4.27948e-23
 -3.81504e-23
 -3.35256e-23
 -2.88844e-23
 -2.41926e-23
 -1.94089e-23
 -1.44995e-23
 -9.41334e-24
 -4.11338e-24
  1.46642e-24
  7.36486e-24
  1.36618e-23
  2.03967e-23
  2.76801e-23
  3.55534e-23
  4.41604e-23
  5.35483e-23
  6.38936e-23
  7.52620e-23
  8.78638e-23
  1.01785e-22
  1.17282e-22
  1.34471e-22
  1.53660e-22
  1.75012e-22
  1.98889e-22
  2.25522e-22
  2.55338e-22
  2.88657e-22
  3.25984e-22
  3.67750e-22
  4.14554e-22
  4.66991e-22
  5.25766e-22
  5.91692e-22
  6.65594e-22
  7.48572e-22
  8.41574e-22
  9.46074e-22
  1.06313e-21
  1.19466e-21
  1.34185e-21
  1.50724e-21
  1.69216e-21
  1.90002e-21
  2.13231e-21
  2.39459e-21
  2.68669e-21
  3.01563e-21
  3.38317e-21
  3.79730e-21
  4.25997e-21
  4.78132e-21
  5.36394e-21
  6.02022e-21
  6.75397e-21
  7.58003e-21
  8.50407e-21
  9.54384e-21
  1.07075e-20
  1.20162e-20
  1.34816e-20
  1.51287e-20
  1.69740e-20
  1.90471e-20
  2.13706e-20
  2.39799e-20
  2.69058e-20
  3.01898e-20
  3.38742e-20
  3.80074e-20
  4.26470e-20
  4.78490e-20
  5.36912e-20
  6.02385e-20
  6.75949e-20
  7.58353e-20
  8.50987e-20
  9.54699e-20
  1.07135e-19
  1.20188e-19
  1.34876e-19
  1.51305e-19
  1.69800e-19
  1.90477e-19
  2.13767e-19
  2.39790e-19
  2.69116e-19
  3.01880e-19
  3.38798e-19
  3.80055e-19
  4.26520e-19
  4.78473e-19
  5.36954e-19
  6.02376e-19
  6.75981e-19
  7.58362e-19
  8.51001e-19
   Cooling for Wiersma, Schaye and Smith (2008).
   Redshift = 5.0 log(T) = 2-8 K, log(dT) = 0.05, log(n_H) = -6 , [Z/Zsol] = 
-2.0
