 -4.49055e-22
 -4.38802e-22
 -4.29020e-22
 -4.19612e-22
 -4.10648e-22
 -4.02233e-22
 -3.94140e-22
 -3.85925e-22
 -3.77889e-22
 -3.69729e-22
 -3.61526e-22
 -3.53212e-22
 -3.44738e-22
 -3.36033e-22
 -3.27237e-22
 -3.18144e-22
 -3.09101e-22
 -2.99971e-22
 -2.90841e-22
 -2.81601e-22
 -2.72294e-22
 -2.63183e-22
 -2.54211e-22
 -2.45377e-22
 -2.36670e-22
 -2.28164e-22
 -2.19828e-22
 -2.11907e-22
 -2.04372e-22
 -1.97122e-22
 -1.89985e-22
 -1.83237e-22
 -1.76609e-22
 -1.70319e-22
 -1.64202e-22
 -1.58118e-22
 -1.52212e-22
 -1.46165e-22
 -1.40249e-22
 -1.34148e-22
 -1.27977e-22
 -1.21565e-22
 -1.14929e-22
 -1.07937e-22
 -1.00729e-22
 -9.31064e-23
 -8.50238e-23
 -7.65912e-23
 -6.75559e-23
 -5.79209e-23
 -4.75801e-23
 -3.64567e-23
 -2.45330e-23
 -1.17055e-23
  2.05939e-24
  1.73262e-23
  3.43005e-23
  5.27947e-23
  7.38971e-23
  9.83033e-23
  1.24566e-22
  1.53379e-22
  1.84629e-22
  2.15571e-22
  2.48535e-22
  2.84265e-22
  3.23880e-22
  3.67928e-22
  4.17694e-22
  4.73262e-22
  5.36575e-22
  6.06221e-22
  6.88581e-22
  7.72534e-22
  8.62798e-22
  9.58042e-22
  1.06159e-21
  1.17907e-21
  1.31172e-21
  1.46316e-21
  1.63421e-21
  1.82810e-21
  2.04610e-21
  2.29214e-21
  2.56835e-21
  2.88308e-21
  3.23438e-21
  3.62734e-21
  4.06794e-21
  4.56283e-21
  5.11788e-21
  5.74098e-21
  6.44016e-21
  7.22463e-21
  8.10530e-21
  9.09283e-21
  1.02019e-20
  1.14577e-20
  1.28548e-20
  1.44190e-20
  1.61769e-20
  1.81447e-20
  2.03579e-20
  2.28347e-20
  2.56221e-20
  2.87400e-20
  3.22505e-20
  3.61752e-20
  4.05960e-20
  4.55358e-20
  5.11025e-20
  5.73219e-20
  6.43300e-20
  7.21617e-20
  8.09821e-20
  9.08443e-20
  1.01945e-19
  1.14364e-19
  1.28336e-19
  1.43974e-19
  1.61558e-19
   Cooling for Wiersma, Schaye and Smith (2008).
   Redshift = 6.0 log(T) = 2-8 K, log(dT) = 0.05, log(n_H) = -5 , [Z/Zsol] = 
0.50
