 -1.06964e-22
 -1.01730e-22
 -9.68484e-23
 -9.22144e-23
 -8.78178e-23
 -8.36922e-23
 -7.97180e-23
 -7.59912e-23
 -7.24404e-23
 -6.89974e-23
 -6.57491e-23
 -6.26172e-23
 -5.95964e-23
 -5.66634e-23
 -5.38085e-23
 -5.10352e-23
 -4.83252e-23
 -4.56585e-23
 -4.30207e-23
 -4.03910e-23
 -3.77559e-23
 -3.51141e-23
 -3.24504e-23
 -2.97420e-23
 -2.69682e-23
 -2.41178e-23
 -2.11626e-23
 -1.80890e-23
 -1.48722e-23
 -1.14906e-23
 -7.90760e-24
 -4.10365e-24
 -2.88352e-26
  4.33824e-24
  9.05234e-24
  1.41398e-23
  1.96969e-23
  2.57397e-23
  3.23504e-23
  3.95750e-23
  4.75793e-23
  5.63878e-23
  6.61549e-23
  7.69450e-23
  8.89064e-23
  1.02152e-22
  1.16975e-22
  1.33479e-22
  1.51930e-22
  1.72502e-22
  1.95474e-22
  2.21071e-22
  2.49999e-22
  2.82222e-22
  3.18768e-22
  3.60355e-22
  4.07559e-22
  4.62508e-22
  5.25725e-22
  5.97416e-22
  6.75403e-22
  7.58359e-22
  8.47223e-22
  9.43777e-22
  1.05279e-21
  1.17492e-21
  1.31255e-21
  1.46835e-21
  1.64340e-21
  1.84112e-21
  2.06221e-21
  2.31217e-21
  2.59186e-21
  2.90729e-21
  3.25990e-21
  3.65738e-21
  4.10166e-21
  4.60219e-21
  5.16183e-21
  5.79190e-21
  6.49670e-21
  7.28977e-21
  8.17737e-21
  9.17563e-21
  1.02934e-20
  1.15500e-20
  1.29577e-20
  1.45392e-20
  1.63119e-20
  1.83025e-20
  2.05347e-20
  2.30401e-20
  2.58510e-20
  2.90043e-20
  3.25439e-20
  3.65126e-20
  4.09697e-20
  4.59647e-20
  5.15771e-20
  5.78642e-20
  6.49316e-20
  7.28440e-20
  8.17433e-20
  9.17018e-20
  1.02908e-19
  1.15441e-19
  1.29552e-19
  1.45327e-19
  1.63095e-19
  1.82949e-19
  2.05322e-19
  2.30318e-19
  2.58483e-19
  2.89959e-19
  3.25408e-19
  3.65044e-19
  4.09660e-19
  4.59572e-19
  5.15726e-19
  5.78576e-19
  6.49251e-19
   Cooling for Wiersma, Schaye and Smith (2008).
   Redshift = 9.0 log(T) = 2-8 K, log(dT) = 0.05, log(n_H) = -5 , [Z/Zsol] = 
-2.0
