 -7.52745e-23
 -7.04874e-23
 -6.60018e-23
 -6.18837e-23
 -5.79627e-23
 -5.43070e-23
 -5.09304e-23
 -4.77354e-23
 -4.47453e-23
 -4.19967e-23
 -3.93836e-23
 -3.69442e-23
 -3.46937e-23
 -3.25589e-23
 -3.05617e-23
 -2.87162e-23
 -2.69641e-23
 -2.53265e-23
 -2.38051e-23
 -2.23595e-23
 -2.10178e-23
 -1.97380e-23
 -1.85386e-23
 -1.74073e-23
 -1.63346e-23
 -1.53167e-23
 -1.43479e-23
 -1.34237e-23
 -1.25352e-23
 -1.16821e-23
 -1.08578e-23
 -1.00491e-23
 -9.26405e-24
 -8.48986e-24
 -7.71809e-24
 -6.95150e-24
 -6.17928e-24
 -5.39656e-24
 -4.59534e-24
 -3.77152e-24
 -2.91515e-24
 -2.01755e-24
 -1.06686e-24
 -5.22907e-26
  1.04693e-24
  2.25416e-24
  3.60157e-24
  5.12364e-24
  6.87151e-24
  8.87447e-24
  1.11746e-23
  1.38202e-23
  1.69108e-23
  2.06853e-23
  2.57816e-23
  3.35278e-23
  4.59237e-23
  6.41866e-23
  8.49507e-23
  9.93238e-23
  1.03133e-22
  1.00674e-22
  9.74536e-23
  9.60691e-23
  9.69479e-23
  1.00227e-22
  1.05627e-22
  1.13091e-22
  1.22559e-22
  1.33919e-22
  1.46450e-22
  1.61945e-22
  1.79630e-22
  1.99867e-22
  2.22697e-22
  2.48556e-22
  2.77626e-22
  3.10519e-22
  3.47403e-22
  3.89016e-22
  4.35628e-22
  4.88158e-22
  5.46987e-22
  6.13175e-22
  6.87306e-22
  7.70650e-22
  8.64033e-22
  9.68960e-22
  1.08657e-21
  1.21864e-21
  1.36675e-21
  1.53302e-21
  1.71957e-21
  1.92882e-21
  2.16369e-21
  2.42702e-21
  2.72274e-21
  3.05412e-21
  3.42644e-21
  3.84346e-21
  4.31223e-21
  4.83711e-21
  5.42743e-21
  6.08798e-21
  6.83124e-21
  7.66251e-21
  8.59833e-21
  9.64447e-21
  1.08227e-20
  1.21393e-20
  1.36229e-20
  1.52804e-20
  1.71480e-20
  1.92351e-20
  2.15856e-20
  2.42137e-20
  2.71718e-20
  3.04810e-20
  3.42040e-20
  3.83708e-20
  4.30563e-20
   Cooling for Wiersma, Schaye and Smith (2008).
   Redshift = 8.0 log(T) = 2-8 K, log(dT) = 0.05, log(n_H) = -4 , [Z/Zsol] = 
-3.0
