 -1.40130e-33
 -1.40130e-33
 -1.40130e-33
 -1.40130e-33
 -2.80260e-33
 -2.80260e-33
 -2.80260e-33
 -2.80260e-33
 -2.80260e-33
 -2.81310e-33
 -4.20390e-33
 -4.20390e-33
 -4.20390e-33
 -4.20390e-33
 -4.20390e-33
 -4.20390e-33
 -5.60519e-33
 -5.60519e-33
 -5.60519e-33
 -4.20390e-33
 -5.60519e-33
 -5.60519e-33
 -5.60519e-33
 -7.00649e-33
 -7.00649e-33
 -7.00649e-33
 -7.00649e-33
 -7.00649e-33
 -7.87181e-33
 -6.86097e-33
 -7.57384e-33
 -6.90053e-33
 -6.40131e-33
 -7.07462e-33
  1.85165e-33
  7.59503e-32
  8.45556e-31
  6.33316e-30
  5.46967e-29
  5.30334e-28
  1.05710e-26
  1.87269e-25
  2.96200e-24
  2.36549e-23
  8.50636e-23
  1.29230e-22
  1.21058e-22
  9.67034e-23
  7.57517e-23
  6.12534e-23
  5.03817e-23
  4.10359e-23
  3.35001e-23
  2.86931e-23
  2.76594e-23
  3.29213e-23
  4.79881e-23
  7.12513e-23
  8.87433e-23
  8.77499e-23
  7.46641e-23
  5.97084e-23
  4.70521e-23
  3.73400e-23
  3.00357e-23
  2.45733e-23
  2.04237e-23
  1.72735e-23
  1.48236e-23
  1.29251e-23
  1.05897e-23
  9.44806e-24
  8.54572e-24
  7.84406e-24
  7.28822e-24
  6.79720e-24
  6.42286e-24
  6.14959e-24
  5.95398e-24
  5.82580e-24
  5.75146e-24
  5.75671e-24
  5.80534e-24
  5.89340e-24
  6.01557e-24
  6.17034e-24
  6.35479e-24
  6.56839e-24
  6.80974e-24
  7.07901e-24
  7.38018e-24
  7.76372e-24
  8.18760e-24
  8.64924e-24
  9.15074e-24
  9.69401e-24
  1.02821e-23
  1.09172e-23
  1.16037e-23
  1.23443e-23
  1.31541e-23
  1.41111e-23
  1.51611e-23
  1.62986e-23
  1.75360e-23
  1.88767e-23
  2.03366e-23
  2.19194e-23
  2.36457e-23
  2.55191e-23
  2.75819e-23
  2.99555e-23
  3.25781e-23
  3.54405e-23
  3.85854e-23
  4.20231e-23
  4.58032e-23
  4.99422e-23
  5.44982e-23
  5.94958e-23
  6.50267e-23
   Cooling for Wiersma, Schaye and Smith (2008), NO COMPTON.
   z > 11 (photodis) log(T) = 2-8 K, log(dT) = 0.05, log(n_H) = -6 , [Z/Zsol] = 
-Inf
