 -3.67657e-22
 -3.59343e-22
 -3.51709e-22
 -3.44272e-22
 -3.37152e-22
 -3.30449e-22
 -3.23967e-22
 -3.17591e-22
 -3.11257e-22
 -3.04966e-22
 -2.98672e-22
 -2.92304e-22
 -2.85846e-22
 -2.79215e-22
 -2.72420e-22
 -2.65323e-22
 -2.58331e-22
 -2.51304e-22
 -2.44160e-22
 -2.36761e-22
 -2.29233e-22
 -2.21739e-22
 -2.14162e-22
 -2.06503e-22
 -1.98901e-22
 -1.91314e-22
 -1.83639e-22
 -1.76117e-22
 -1.68756e-22
 -1.61528e-22
 -1.54296e-22
 -1.47155e-22
 -1.40092e-22
 -1.33085e-22
 -1.26087e-22
 -1.19045e-22
 -1.11730e-22
 -1.04223e-22
 -9.65406e-23
 -8.84468e-23
 -7.98971e-23
 -7.06975e-23
 -6.07724e-23
 -5.00777e-23
 -3.85458e-23
 -2.60368e-23
 -1.23309e-23
  2.63808e-24
  1.91580e-23
  3.73988e-23
  5.71451e-23
  7.91936e-23
  1.03841e-22
  1.30529e-22
  1.61008e-22
  1.93847e-22
  2.32302e-22
  2.75279e-22
  3.23465e-22
  3.79767e-22
  4.41043e-22
  5.05652e-22
  5.73010e-22
  6.45163e-22
  7.23788e-22
  8.11467e-22
  9.10537e-22
  1.02047e-21
  1.14436e-21
  1.28432e-21
  1.44271e-21
  1.62072e-21
  1.83148e-21
  2.06193e-21
  2.31758e-21
  2.59824e-21
  2.89398e-21
  3.22172e-21
  3.58388e-21
  3.99429e-21
  4.45810e-21
  4.98516e-21
  5.57891e-21
  6.25247e-21
  7.00585e-21
  7.85435e-21
  8.80621e-21
  9.87669e-21
  1.10772e-20
  1.24258e-20
  1.39384e-20
  1.56364e-20
  1.75418e-20
  1.96795e-20
  2.20794e-20
  2.47706e-20
  2.77932e-20
  3.11806e-20
  3.49862e-20
  3.92484e-20
  4.40390e-20
  4.94017e-20
  5.54329e-20
  6.21822e-20
  6.97773e-20
  7.82726e-20
  8.78373e-20
  9.85302e-20
  1.10575e-19
  1.24033e-19
  1.39200e-19
  1.56144e-19
  1.75237e-19
  1.96575e-19
  2.20606e-19
  2.47475e-19
  2.77720e-19
  3.11555e-19
  3.49622e-19
  3.92227e-19
  4.40138e-19
   Cooling for Wiersma, Schaye and Smith (2008).
   Redshift = 8.0 log(T) = 2-8 K, log(dT) = 0.05, log(n_H) = -5 , [Z/Zsol] = 
0.50
