 -7.84283e-23
 -7.34702e-23
 -6.87937e-23
 -6.44267e-23
 -6.03087e-23
 -5.64391e-23
 -5.27939e-23
 -4.93547e-23
 -4.61182e-23
 -4.31182e-23
 -4.02958e-23
 -3.76372e-23
 -3.51359e-23
 -3.27757e-23
 -3.05519e-23
 -2.84714e-23
 -2.65260e-23
 -2.46954e-23
 -2.29777e-23
 -2.13496e-23
 -1.98258e-23
 -1.84072e-23
 -1.70744e-23
 -1.58158e-23
 -1.46430e-23
 -1.35489e-23
 -1.25063e-23
 -1.15252e-23
 -1.06213e-23
 -9.77866e-24
 -8.97985e-24
 -8.22621e-24
 -7.52892e-24
 -6.86397e-24
 -6.20564e-24
 -5.55316e-24
 -4.89844e-24
 -4.21088e-24
 -3.44364e-24
 -2.57777e-24
 -1.61484e-24
 -5.12730e-25
  8.28635e-25
  2.51237e-24
  4.73437e-24
  7.67694e-24
  1.16300e-23
  1.68531e-23
  2.37902e-23
  3.28488e-23
  4.46022e-23
  5.94634e-23
  7.79320e-23
  1.00260e-22
  1.26741e-22
  1.57465e-22
  1.92897e-22
  2.33105e-22
  2.76994e-22
  3.20709e-22
  3.57507e-22
  3.82101e-22
  3.98212e-22
  4.14840e-22
  4.35638e-22
  4.55474e-22
  4.68417e-22
  4.70692e-22
  4.46490e-22
  3.72695e-22
  2.79809e-22
  2.21115e-22
  1.95942e-22
  1.87749e-22
  1.82903e-22
  1.73292e-22
  1.60402e-22
  1.52979e-22
  1.52992e-22
  1.55840e-22
  1.56157e-22
  1.51800e-22
  1.44262e-22
  1.33898e-22
  1.19770e-22
  1.01450e-22
  8.21759e-23
  6.63033e-23
  5.48587e-23
  4.62576e-23
  3.92779e-23
  3.39694e-23
  3.02815e-23
  2.82167e-23
  2.69626e-23
  2.63690e-23
  2.62632e-23
  2.69613e-23
  2.77028e-23
  2.85248e-23
  2.93372e-23
  3.02716e-23
  3.08246e-23
  3.09922e-23
  3.08228e-23
  3.08135e-23
  3.12959e-23
  3.22410e-23
  3.35442e-23
  3.52455e-23
  3.73614e-23
  3.99110e-23
  4.29604e-23
  4.63935e-23
  5.02588e-23
  5.45570e-23
  5.93504e-23
  6.46450e-23
  7.05318e-23
  7.70242e-23
  8.42382e-23
   Cooling for Wiersma, Schaye and Smith (2008).
   Redshift = 2.0 log(T) = 2-8 K, log(dT) = 0.05, log(n_H) = -3 , [Z/Zsol] = 0.0
