 -3.93264e-23
 -3.76236e-23
 -3.58758e-23
 -3.41513e-23
 -3.24522e-23
 -3.07726e-23
 -2.91257e-23
 -2.75266e-23
 -2.59663e-23
 -2.44495e-23
 -2.29665e-23
 -2.15401e-23
 -2.01627e-23
 -1.88375e-23
 -1.75626e-23
 -1.63406e-23
 -1.51702e-23
 -1.40527e-23
 -1.29876e-23
 -1.19754e-23
 -1.10151e-23
 -9.99371e-24
 -9.12119e-24
 -8.29879e-24
 -7.52699e-24
 -6.80346e-24
 -6.12633e-24
 -5.49085e-24
 -4.89444e-24
 -4.33119e-24
 -3.79622e-24
 -3.28026e-24
 -2.77553e-24
 -2.26679e-24
 -1.73028e-24
 -1.16086e-24
 -5.22375e-25
  2.35935e-25
  1.19043e-24
  2.40292e-24
  4.00142e-24
  6.05819e-24
  8.99328e-24
  1.32743e-23
  1.97650e-23
  2.92482e-23
  4.23883e-23
  5.80679e-23
  7.32789e-23
  8.55723e-23
  9.60526e-23
  1.08086e-22
  1.24409e-22
  1.47373e-22
  1.78820e-22
  2.21611e-22
  2.79383e-22
  3.50595e-22
  4.18476e-22
  4.65868e-22
  4.93877e-22
  4.95459e-22
  4.78200e-22
  4.73582e-22
  4.86914e-22
  5.01042e-22
  5.09056e-22
  5.16066e-22
  5.01228e-22
  4.20967e-22
  3.06903e-22
  2.34228e-22
  2.03514e-22
  1.94215e-22
  1.89830e-22
  1.80849e-22
  1.67073e-22
  1.58295e-22
  1.57833e-22
  1.61000e-22
  1.61796e-22
  1.57810e-22
  1.50651e-22
  1.40922e-22
  1.27599e-22
  1.09945e-22
  9.11940e-23
  7.59623e-23
  6.53239e-23
  5.77658e-23
  5.22777e-23
  4.91190e-23
  4.76189e-23
  4.77890e-23
  4.92411e-23
  5.16655e-23
  5.49083e-23
  5.88427e-23
  6.32741e-23
  6.79564e-23
  7.27693e-23
  7.75776e-23
  8.23672e-23
  8.73237e-23
  9.29024e-23
  9.95718e-23
  1.07772e-22
  1.17563e-22
  1.29099e-22
  1.42315e-22
  1.57457e-22
  1.74649e-22
  1.94128e-22
  2.15935e-22
  2.40505e-22
  2.67960e-22
  2.98824e-22
  3.33296e-22
  3.72002e-22
  4.15229e-22
  4.63753e-22
   Cooling for Wiersma, Schaye and Smith (2008).
   Redshift = 8.0 log(T) = 2-8 K, log(dT) = 0.05, log(n_H) = -2 , [Z/Zsol] = 0.0
