 -1.86910e-22
 -1.74742e-22
 -1.63299e-22
 -1.52593e-22
 -1.42540e-22
 -1.33140e-22
 -1.24389e-22
 -1.16172e-22
 -1.08456e-22
 -1.01224e-22
 -9.44465e-23
 -8.81107e-23
 -8.21757e-23
 -7.66290e-23
 -7.14452e-23
 -6.66228e-23
 -6.20822e-23
 -5.78397e-23
 -5.38740e-23
 -5.01682e-23
 -4.67057e-23
 -4.34831e-23
 -4.04616e-23
 -3.76324e-23
 -3.49894e-23
 -3.25169e-23
 -3.02072e-23
 -2.80449e-23
 -2.60246e-23
 -2.41317e-23
 -2.23617e-23
 -2.06999e-23
 -1.91441e-23
 -1.76809e-23
 -1.63081e-23
 -1.50131e-23
 -1.37941e-23
 -1.26394e-23
 -1.15508e-23
 -1.05143e-23
 -9.52470e-24
 -8.57438e-24
 -7.66237e-24
 -6.78116e-24
 -5.92660e-24
 -5.09169e-24
 -4.27128e-24
 -3.45874e-24
 -2.64800e-24
 -1.83269e-24
 -1.00556e-24
 -1.55444e-25
  7.20679e-25
  1.62976e-24
  2.58024e-24
  3.58273e-24
  4.64988e-24
  5.79764e-24
  7.04269e-24
  8.40624e-24
  9.90763e-24
  1.15794e-23
  1.34283e-23
  1.54732e-23
  1.77236e-23
  2.01955e-23
  2.28926e-23
  2.58407e-23
  2.90465e-23
  3.25551e-23
  3.63658e-23
  4.06152e-23
  4.52992e-23
  5.05228e-23
  5.63222e-23
  6.28011e-23
  7.00347e-23
  7.81843e-23
  8.73015e-23
  9.75723e-23
  1.09068e-22
  1.22041e-22
  1.36569e-22
  1.52903e-22
  1.71191e-22
  1.91745e-22
  2.14765e-22
  2.40621e-22
  2.69591e-22
  3.02112e-22
  3.38571e-22
  3.79531e-22
  4.25474e-22
  4.76995e-22
  5.34807e-22
  5.99605e-22
  6.72349e-22
  7.53850e-22
  8.45393e-22
  9.47905e-22
  1.06312e-21
  1.19216e-21
  1.33727e-21
  1.49961e-21
  1.68225e-21
  1.88648e-21
  2.11636e-21
  2.37330e-21
  2.66265e-21
  2.98592e-21
  3.35016e-21
  3.75716e-21
  4.21571e-21
  4.72810e-21
  5.30509e-21
  5.95015e-21
  6.67617e-21
  7.48827e-21
  8.40186e-21
  9.42426e-21
  1.05739e-20
   Cooling for Wiersma, Schaye and Smith (2008).
   Redshift = 1.0 log(T) = 2-8 K, log(dT) = 0.05, log(n_H) = -6 , [Z/Zsol] = 
-2.0
