 -2.34894e-22
 -2.23369e-22
 -2.12354e-22
 -2.02229e-22
 -1.92417e-22
 -1.83249e-22
 -1.74534e-22
 -1.65984e-22
 -1.58080e-22
 -1.50289e-22
 -1.42822e-22
 -1.35625e-22
 -1.28545e-22
 -1.21871e-22
 -1.15294e-22
 -1.08924e-22
 -1.02910e-22
 -9.70563e-23
 -9.15056e-23
 -8.61732e-23
 -8.10572e-23
 -7.61970e-23
 -7.17132e-23
 -6.74700e-23
 -6.34654e-23
 -5.97111e-23
 -5.63374e-23
 -5.31425e-23
 -5.01605e-23
 -4.74422e-23
 -4.49123e-23
 -4.26079e-23
 -4.04231e-23
 -3.83627e-23
 -3.64514e-23
 -3.46499e-23
 -3.29519e-23
 -3.13382e-23
 -2.98206e-23
 -2.83706e-23
 -2.69608e-23
 -2.56118e-23
 -2.43053e-23
 -2.30301e-23
 -2.17745e-23
 -2.05185e-23
 -1.92412e-23
 -1.79155e-23
 -1.65102e-23
 -1.50042e-23
 -1.33808e-23
 -1.16404e-23
 -9.83880e-24
 -7.87318e-24
 -5.61412e-24
 -3.55551e-24
 -1.45673e-24
  1.21865e-24
  3.59817e-24
  6.00583e-24
  8.82440e-24
  1.20638e-23
  1.51116e-23
  1.80393e-23
  2.13332e-23
  2.38623e-23
  2.57255e-23
  2.76513e-23
  2.88003e-23
  2.98201e-23
  3.01579e-23
  3.04336e-23
  3.04818e-23
  3.16333e-23
  3.17061e-23
  3.15992e-23
  3.17802e-23
  3.22840e-23
  3.30541e-23
  3.38975e-23
  3.49970e-23
  3.60190e-23
  3.67916e-23
  3.70652e-23
  3.69714e-23
  3.67252e-23
  3.65610e-23
  3.66259e-23
  3.67461e-23
  3.73807e-23
  3.83333e-23
  3.99592e-23
  4.21122e-23
  4.48333e-23
  4.81687e-23
  5.21768e-23
  5.64615e-23
  6.19593e-23
  6.83109e-23
  7.55257e-23
  8.32930e-23
  9.18951e-23
  1.01248e-22
  1.11485e-22
  1.22930e-22
  1.35737e-22
  1.50314e-22
  1.66722e-22
  1.85293e-22
  2.06092e-22
  2.29592e-22
  2.55992e-22
  2.85707e-22
  3.18958e-22
  3.56359e-22
  3.98120e-22
  4.45054e-22
  4.97476e-22
  5.56354e-22
  6.22140e-22
  6.96017e-22
   Cooling for Wiersma, Schaye and Smith (2008).
   Redshift = 0.0 log(T) = 2-8 K, log(dT) = 0.05, log(n_H) = -6 , [Z/Zsol] = 0.0
