 -8.10889e-24
 -7.99568e-24
 -7.87095e-24
 -7.74334e-24
 -7.61309e-24
 -7.48004e-24
 -7.34437e-24
 -7.20598e-24
 -7.06502e-24
 -6.92143e-24
 -6.77535e-24
 -6.62671e-24
 -6.47569e-24
 -6.32230e-24
 -6.16669e-24
 -6.00890e-24
 -5.84907e-24
 -5.68729e-24
 -5.52370e-24
 -5.35841e-24
 -5.19154e-24
 -5.02310e-24
 -4.85337e-24
 -4.68253e-24
 -4.51073e-24
 -4.33818e-24
 -4.16825e-24
 -3.99467e-24
 -3.82068e-24
 -3.64676e-24
 -3.47306e-24
 -3.29937e-24
 -3.12628e-24
 -2.95405e-24
 -2.78295e-24
 -2.61306e-24
 -2.44537e-24
 -2.27393e-24
 -2.07918e-24
 -1.78661e-24
 -1.10677e-24
  6.73962e-25
  5.50512e-24
  1.66144e-23
  3.84231e-23
  6.74257e-23
  8.60066e-23
  8.42084e-23
  7.13275e-23
  5.78228e-23
  4.71024e-23
  3.89595e-23
  3.25403e-23
  2.82855e-23
  2.74571e-23
  3.28076e-23
  4.78988e-23
  7.11657e-23
  8.86672e-23
  8.76913e-23
  7.46170e-23
  5.96642e-23
  4.70063e-23
  3.72900e-23
  2.99799e-23
  2.45106e-23
  2.03530e-23
  1.71936e-23
  1.47333e-23
  1.28231e-23
  1.04745e-23
  9.31806e-24
  8.39910e-24
  7.67870e-24
  7.10192e-24
  6.58729e-24
  6.18656e-24
  5.88357e-24
  5.65472e-24
  5.48913e-24
  5.37293e-24
  5.33109e-24
  5.32702e-24
  5.35580e-24
  5.41160e-24
  5.49177e-24
  5.59264e-24
  5.71235e-24
  5.84845e-24
  5.99955e-24
  6.16820e-24
  6.40300e-24
  6.66000e-24
  6.93444e-24
  7.22579e-24
  7.53344e-24
  7.85692e-24
  8.19543e-24
  8.54880e-24
  8.91616e-24
  9.30639e-24
  9.79363e-24
  1.03153e-23
  1.08616e-23
  1.14337e-23
  1.20302e-23
  1.26524e-23
  1.32986e-23
  1.39701e-23
  1.46647e-23
  1.53992e-23
  1.62888e-23
  1.72393e-23
  1.82329e-23
  1.92733e-23
  2.03577e-23
  2.14890e-23
  2.26647e-23
  2.38868e-23
  2.51530e-23
  2.64878e-23
   Cooling for Wiersma, Schaye and Smith (2008), NO COMPTON.
   11 < z < 9.89 (highz) log(T) = 2-8 K, log(dT) = 0.05, log(n_H) = -1
 , [Z/Zsol] = -Inf
