 -4.38502e-24
 -4.34138e-24
 -4.29426e-24
 -4.24573e-24
 -4.19587e-24
 -4.14456e-24
 -4.09186e-24
 -4.03768e-24
 -3.98206e-24
 -3.92491e-24
 -3.86629e-24
 -3.80608e-24
 -3.74433e-24
 -3.68100e-24
 -3.61610e-24
 -3.54959e-24
 -3.48148e-24
 -3.41174e-24
 -3.34037e-24
 -3.26736e-24
 -3.19270e-24
 -3.11629e-24
 -3.03820e-24
 -2.95846e-24
 -2.87705e-24
 -2.79400e-24
 -2.70925e-24
 -2.62290e-24
 -2.53495e-24
 -2.44548e-24
 -2.35442e-24
 -2.26158e-24
 -2.16719e-24
 -2.07140e-24
 -1.97419e-24
 -1.87564e-24
 -1.77653e-24
 -1.66912e-24
 -1.52652e-24
 -1.24315e-24
 -4.01524e-25
  2.04802e-24
  9.03266e-24
  2.53212e-23
  5.64027e-23
  9.15459e-23
  1.03501e-22
  9.21853e-23
  7.44659e-23
  5.93731e-23
  4.82848e-23
  3.97844e-23
  3.29567e-23
  2.84678e-23
  2.75250e-23
  3.28003e-23
  4.78758e-23
  7.11174e-23
  8.86144e-23
  8.76521e-23
  7.45942e-23
  5.96514e-23
  4.69993e-23
  3.72865e-23
  2.99782e-23
  2.45100e-23
  2.03531e-23
  1.71941e-23
  1.47341e-23
  1.28241e-23
  1.04758e-23
  9.31949e-24
  8.40074e-24
  7.68055e-24
  7.10400e-24
  6.58963e-24
  6.18918e-24
  5.88651e-24
  5.65801e-24
  5.49282e-24
  5.37707e-24
  5.33573e-24
  5.33222e-24
  5.36163e-24
  5.41814e-24
  5.49909e-24
  5.60086e-24
  5.72156e-24
  5.85878e-24
  6.01113e-24
  6.18119e-24
  6.41757e-24
  6.67635e-24
  6.95277e-24
  7.24636e-24
  7.55652e-24
  7.88280e-24
  8.22447e-24
  8.58139e-24
  8.95270e-24
  9.34740e-24
  9.83963e-24
  1.03669e-23
  1.09195e-23
  1.14986e-23
  1.21031e-23
  1.27342e-23
  1.33904e-23
  1.40730e-23
  1.47802e-23
  1.55288e-23
  1.64342e-23
  1.74024e-23
  1.84160e-23
  1.94787e-23
  2.05882e-23
  2.17477e-23
  2.29549e-23
  2.42125e-23
  2.55184e-23
  2.68978e-23
   Cooling for Wiersma, Schaye and Smith (2008).
   Redshift = 4.0 log(T) = 2-8 K, log(dT) = 0.05, log(n_H) = 0 , [Z/Zsol] = -Inf
