  7.30098e-34
  8.62250e-34
  1.01088e-33
  1.17899e-33
  1.36779e-33
  1.58004e-33
  1.81686e-33
  2.08108e-33
  2.37213e-33
  2.68945e-33
  3.03715e-33
  3.41738e-33
  3.83062e-33
  4.28019e-33
  4.76848e-33
  5.29894e-33
  5.90885e-33
  6.32494e-33
  7.11765e-33
  7.63927e-33
  8.42829e-33
  9.83773e-33
  1.08291e-32
  1.22397e-32
  1.26777e-32
  1.03664e-32
  1.56317e-32
  1.73072e-32
  1.85955e-32
  1.67401e-32
  2.41499e-32
  9.24612e-32
  4.03004e-32
  1.06927e-32
  1.22877e-31
  7.30684e-31
  4.84850e-30
  2.24324e-29
  1.20780e-28
  7.38080e-28
  1.10838e-26
  1.88690e-25
  2.96901e-24
  2.36880e-23
  8.51721e-23
  1.29421e-22
  1.21298e-22
  9.69944e-23
  7.61135e-23
  6.17142e-23
  5.09755e-23
  4.17993e-23
  3.44757e-23
  2.99267e-23
  2.92046e-23
  3.48345e-23
  5.03304e-23
  7.40809e-23
  9.20790e-23
  9.15637e-23
  7.88827e-23
  6.40795e-23
  5.13595e-23
  4.16867e-23
  3.45823e-23
  2.93057e-23
  2.52661e-23
  2.22136e-23
  1.96371e-23
  1.69345e-23
  1.34487e-23
  1.15629e-23
  1.03386e-23
  9.52808e-24
  8.91325e-24
  8.31159e-24
  7.77292e-24
  7.38013e-24
  7.14416e-24
  7.00735e-24
  6.89597e-24
  6.80911e-24
  6.72723e-24
  6.65148e-24
  6.56616e-24
  6.46163e-24
  6.36506e-24
  6.31999e-24
  6.33597e-24
  6.39579e-24
  6.48923e-24
  6.66500e-24
  6.87923e-24
  7.12709e-24
  7.39977e-24
  7.69496e-24
  8.01047e-24
  8.34844e-24
  8.70125e-24
  9.06824e-24
  9.45734e-24
  9.94296e-24
  1.04581e-23
  1.09930e-23
  1.15491e-23
  1.21299e-23
  1.27398e-23
  1.33768e-23
  1.40409e-23
  1.47304e-23
  1.54615e-23
  1.63485e-23
  1.72983e-23
  1.82922e-23
  1.93336e-23
  2.04198e-23
  2.15535e-23
  2.27321e-23
  2.39578e-23
  2.52280e-23
  2.65674e-23
   Cooling for Wiersma, Schaye and Smith (2008), NO COMPTON.
   z > 11 (photodis) log(T) = 2-8 K, log(dT) = 0.05, log(n_H) = -3 , [Z/Zsol] = 
-2.0
