 -1.45228e-24
 -1.39180e-24
 -1.32095e-24
 -1.24228e-24
 -1.15645e-24
 -1.06301e-24
 -9.63948e-25
 -8.60442e-25
 -7.53769e-25
 -6.45395e-25
 -5.36064e-25
 -4.28460e-25
 -3.23232e-25
 -2.21365e-25
 -1.23550e-25
 -3.05168e-26
  5.75999e-26
  1.40381e-25
  2.17847e-25
  2.89961e-25
  3.56776e-25
  4.30049e-25
  4.87813e-25
  5.41028e-25
  5.90032e-25
  6.35443e-25
  6.78138e-25
  7.19628e-25
  7.61931e-25
  8.08728e-25
  8.66636e-25
  9.44590e-25
  1.05555e-24
  1.23220e-24
  1.50142e-24
  1.91217e-24
  2.56358e-24
  3.57315e-24
  5.19873e-24
  7.75389e-24
  1.21619e-23
  2.00282e-23
  3.58848e-23
  6.72653e-23
  1.22825e-22
  1.77980e-22
  1.94305e-22
  1.91738e-22
  1.94295e-22
  2.09687e-22
  2.39767e-22
  2.84221e-22
  3.44259e-22
  4.21619e-22
  5.19786e-22
  6.42184e-22
  7.93835e-22
  9.72037e-22
  1.15066e-21
  1.30218e-21
  1.41855e-21
  1.45338e-21
  1.42228e-21
  1.42683e-21
  1.48483e-21
  1.54046e-21
  1.57383e-21
  1.60452e-21
  1.56514e-21
  1.31276e-21
  9.50924e-22
  7.19293e-22
  6.21995e-22
  5.93082e-22
  5.79850e-22
  5.51827e-22
  5.07834e-22
  4.79189e-22
  4.76799e-22
  4.85808e-22
  4.87034e-22
  4.72813e-22
  4.48277e-22
  4.15375e-22
  3.70853e-22
  3.12259e-22
  2.49753e-22
  1.97963e-22
  1.60467e-22
  1.32475e-22
  1.10018e-22
  9.32482e-23
  8.20254e-23
  7.52576e-23
  7.17299e-23
  7.03714e-23
  7.05434e-23
  7.17414e-23
  7.31840e-23
  7.39739e-23
  7.33523e-23
  7.08487e-23
  6.61349e-23
  5.96645e-23
  5.24763e-23
  4.58871e-23
  4.08065e-23
  3.71829e-23
  3.48268e-23
  3.33469e-23
  3.25655e-23
  3.24074e-23
  3.26711e-23
  3.32310e-23
  3.40526e-23
  3.50818e-23
  3.63027e-23
  3.76813e-23
  3.92040e-23
  4.08322e-23
  4.25903e-23
   Cooling for Wiersma, Schaye and Smith (2008).
   Redshift = 7.0 log(T) = 2-8 K, log(dT) = 0.05, log(n_H) = 0 , [Z/Zsol] = 0.50
