 -8.46873e-25
 -8.03291e-25
 -7.50571e-25
 -6.91736e-25
 -6.27279e-25
 -5.56992e-25
 -4.82264e-25
 -4.03955e-25
 -3.23199e-25
 -2.41119e-25
 -1.58406e-25
 -7.70994e-26
  2.28454e-27
  7.89562e-26
  1.52224e-25
  2.21656e-25
  2.87065e-25
  3.48133e-25
  4.04943e-25
  4.57435e-25
  5.05762e-25
  5.57164e-25
  5.98270e-25
  6.35884e-25
  6.70246e-25
  7.01895e-25
  7.31496e-25
  7.60387e-25
  7.90072e-25
  8.23380e-25
  8.65637e-25
  9.23879e-25
  1.00825e-24
  1.14568e-24
  1.35763e-24
  1.68476e-24
  2.20925e-24
  3.03011e-24
  4.36916e-24
  6.51080e-24
  1.03290e-23
  1.74655e-23
  3.27352e-23
  6.48685e-23
  1.25152e-22
  1.83347e-22
  1.96455e-22
  1.91711e-22
  1.93360e-22
  2.09269e-22
  2.39548e-22
  2.84039e-22
  3.44096e-22
  4.21694e-22
  5.19646e-22
  6.41977e-22
  7.93043e-22
  9.70313e-22
  1.14870e-21
  1.29906e-21
  1.41646e-21
  1.45230e-21
  1.42193e-21
  1.42686e-21
  1.48481e-21
  1.54051e-21
  1.57388e-21
  1.60460e-21
  1.56525e-21
  1.31285e-21
  9.50978e-22
  7.19324e-22
  6.22047e-22
  5.93132e-22
  5.79901e-22
  5.51880e-22
  5.07886e-22
  4.79238e-22
  4.76850e-22
  4.85862e-22
  4.87092e-22
  4.72875e-22
  4.48343e-22
  4.15448e-22
  3.70933e-22
  3.12348e-22
  2.49850e-22
  1.98069e-22
  1.60583e-22
  1.32602e-22
  1.10158e-22
  9.34036e-23
  8.21979e-23
  7.54493e-23
  7.19435e-23
  7.06093e-23
  7.08087e-23
  7.20375e-23
  7.35145e-23
  7.43430e-23
  7.37659e-23
  7.13110e-23
  6.66521e-23
  6.02429e-23
  5.31235e-23
  4.66110e-23
  4.16167e-23
  3.80895e-23
  3.58419e-23
  3.44830e-23
  3.38380e-23
  3.38324e-23
  3.42677e-23
  3.50193e-23
  3.60566e-23
  3.73268e-23
  3.88188e-23
  4.05004e-23
  4.23638e-23
  4.43730e-23
  4.65594e-23
   Cooling for Wiersma, Schaye and Smith (2008).
   Redshift = 9.0 log(T) = 2-8 K, log(dT) = 0.05, log(n_H) = 0 , [Z/Zsol] = 0.50
