 -1.43733e-22
 -1.37986e-22
 -1.32625e-22
 -1.27501e-22
 -1.22618e-22
 -1.18018e-22
 -1.13606e-22
 -1.09359e-22
 -1.05265e-22
 -1.01341e-22
 -9.75499e-23
 -9.38707e-23
 -9.02863e-23
 -8.67649e-23
 -8.33031e-23
 -7.98999e-23
 -7.65805e-23
 -7.33112e-23
 -7.00735e-23
 -6.68339e-23
 -6.36158e-23
 -6.04242e-23
 -5.72249e-23
 -5.40112e-23
 -5.07982e-23
 -4.75674e-23
 -4.42858e-23
 -4.09712e-23
 -3.76160e-23
 -3.42009e-23
 -3.06854e-23
 -2.70705e-23
 -2.33298e-23
 -1.94457e-23
 -1.53756e-23
 -1.10981e-23
 -6.54817e-24
 -1.71626e-24
  3.46941e-24
  9.04686e-24
  1.50979e-23
  2.16723e-23
  2.88530e-23
  3.66923e-23
  4.53388e-23
  5.48389e-23
  6.53567e-23
  7.69566e-23
  8.98924e-23
  1.04195e-22
  1.20136e-22
  1.37872e-22
  1.57780e-22
  1.79909e-22
  2.04995e-22
  2.33114e-22
  2.65664e-22
  3.02821e-22
  3.45917e-22
  3.94994e-22
  4.49189e-22
  5.06936e-22
  5.67793e-22
  6.33008e-22
  7.04986e-22
  7.85923e-22
  8.77870e-22
  9.81182e-22
  1.09745e-21
  1.22895e-21
  1.37621e-21
  1.54281e-21
  1.73044e-21
  1.94140e-21
  2.17707e-21
  2.44201e-21
  2.73641e-21
  3.06759e-21
  3.43751e-21
  3.85430e-21
  4.32103e-21
  4.84679e-21
  5.43561e-21
  6.09842e-21
  6.84050e-21
  7.67482e-21
  8.60963e-21
  9.65998e-21
  1.08373e-20
  1.21594e-20
  1.36420e-20
  1.53062e-20
  1.71732e-20
  1.92677e-20
  2.16188e-20
  2.42550e-20
  2.72156e-20
  3.05334e-20
  3.42613e-20
  3.84371e-20
  4.31312e-20
  4.83865e-20
  5.42973e-20
  6.09116e-20
  6.83546e-20
  7.66793e-20
  8.60515e-20
  9.65290e-20
  1.08330e-19
  1.21517e-19
  1.36378e-19
  1.52980e-19
  1.71687e-19
  1.92593e-19
  2.16138e-19
  2.42464e-19
  2.72098e-19
  3.05249e-19
  3.42546e-19
  3.84291e-19
  4.31233e-19
   Cooling for Wiersma, Schaye and Smith (2008).
   Redshift = 8.0 log(T) = 2-8 K, log(dT) = 0.05, log(n_H) = -5 , [Z/Zsol] = 
****
