 -7.36765e-23
 -6.89082e-23
 -6.44437e-23
 -6.03365e-23
 -5.64318e-23
 -5.28226e-23
 -4.94354e-23
 -4.62578e-23
 -4.32897e-23
 -4.05560e-23
 -3.79648e-23
 -3.55471e-23
 -3.33200e-23
 -3.12134e-23
 -2.92447e-23
 -2.74342e-23
 -2.57199e-23
 -2.41202e-23
 -2.26482e-23
 -2.12543e-23
 -1.99537e-23
 -1.87529e-23
 -1.76218e-23
 -1.65621e-23
 -1.55859e-23
 -1.46600e-23
 -1.37988e-23
 -1.29954e-23
 -1.22382e-23
 -1.15378e-23
 -1.08730e-23
 -1.02551e-23
 -9.66821e-24
 -9.12219e-24
 -8.60418e-24
 -8.11395e-24
 -7.65262e-24
 -7.20776e-24
 -6.78836e-24
 -6.38483e-24
 -5.99283e-24
 -5.60879e-24
 -5.23012e-24
 -4.84540e-24
 -4.43891e-24
 -3.98978e-24
 -3.46537e-24
 -2.83483e-24
 -2.05356e-24
 -1.08791e-24
  9.73340e-26
  1.52553e-24
  3.27698e-24
  5.61613e-24
  9.28773e-24
  1.58400e-23
  2.76052e-23
  4.55923e-23
  6.46031e-23
  7.40295e-23
  7.12899e-23
  6.25313e-23
  5.32598e-23
  4.55413e-23
  3.94703e-23
  3.46907e-23
  3.07220e-23
  2.72620e-23
  2.40917e-23
  2.08611e-23
  1.70848e-23
  1.49588e-23
  1.36268e-23
  1.27349e-23
  1.19831e-23
  1.11965e-23
  1.05337e-23
  1.01473e-23
  9.97423e-24
  9.88762e-24
  9.80046e-24
  9.62324e-24
  9.41067e-24
  9.09685e-24
  8.65829e-24
  8.14237e-24
  7.65263e-24
  7.31688e-24
  7.12383e-24
  7.03877e-24
  7.01490e-24
  7.09577e-24
  7.23965e-24
  7.42872e-24
  7.65796e-24
  7.93564e-24
  8.22960e-24
  8.55339e-24
  8.90286e-24
  9.27446e-24
  9.67066e-24
  1.01613e-23
  1.06748e-23
  1.12047e-23
  1.17559e-23
  1.23309e-23
  1.29365e-23
  1.35731e-23
  1.42424e-23
  1.49407e-23
  1.56849e-23
  1.65899e-23
  1.75605e-23
  1.85788e-23
  1.96488e-23
  2.07674e-23
  2.19385e-23
  2.31591e-23
  2.44321e-23
  2.57550e-23
  2.71533e-23
   Cooling for Wiersma, Schaye and Smith (2008), NO COMPTON.
   11 < z < 9.89 (highz) log(T) = 2-8 K, log(dT) = 0.05, log(n_H) = -4
 , [Z/Zsol] = -1.5
