 -1.07946e-24
 -1.07406e-24
 -1.06838e-24
 -1.06247e-24
 -1.05635e-24
 -1.04999e-24
 -1.04339e-24
 -1.03653e-24
 -1.02942e-24
 -1.02202e-24
 -1.01435e-24
 -1.00636e-24
 -9.98061e-25
 -9.89430e-25
 -9.80460e-25
 -9.71125e-25
 -9.61415e-25
 -9.51306e-25
 -9.40780e-25
 -9.29809e-25
 -9.18369e-25
 -9.06409e-25
 -8.93923e-25
 -8.80887e-25
 -8.67261e-25
 -8.53025e-25
 -8.38111e-25
 -8.22517e-25
 -8.06178e-25
 -7.89080e-25
 -7.71125e-25
 -7.52207e-25
 -7.32295e-25
 -7.11391e-25
 -6.89361e-25
 -6.66107e-25
 -6.41886e-25
 -6.08874e-25
 -5.34724e-25
 -2.94663e-25
  6.26282e-25
  3.58767e-24
  1.26073e-23
  3.51212e-23
  7.93942e-23
  1.18703e-22
  1.17400e-22
  9.62706e-23
  7.56644e-23
  6.06957e-23
  4.97408e-23
  4.07076e-23
  3.34267e-23
  2.87530e-23
  2.77528e-23
  3.30454e-23
  4.80907e-23
  7.12744e-23
  8.87927e-23
  8.77743e-23
  7.48783e-23
  6.00365e-23
  4.74206e-23
  3.77260e-23
  3.04344e-23
  2.49880e-23
  2.08429e-23
  1.76946e-23
  1.52229e-23
  1.32336e-23
  1.07715e-23
  9.54218e-24
  8.59280e-24
  7.86353e-24
  7.28277e-24
  6.75947e-24
  6.34497e-24
  6.03302e-24
  5.80350e-24
  5.64081e-24
  5.52504e-24
  5.47871e-24
  5.46689e-24
  5.48525e-24
  5.52695e-24
  5.58855e-24
  5.66962e-24
  5.77290e-24
  5.89709e-24
  6.03928e-24
  6.20076e-24
  6.43017e-24
  6.68352e-24
  6.95571e-24
  7.24584e-24
  7.55294e-24
  7.87634e-24
  8.21511e-24
  8.56879e-24
  8.93625e-24
  9.32613e-24
  9.81239e-24
  1.03324e-23
  1.08764e-23
  1.14460e-23
  1.20402e-23
  1.26605e-23
  1.33053e-23
  1.39757e-23
  1.46696e-23
  1.54035e-23
  1.62927e-23
  1.72429e-23
  1.82363e-23
  1.92764e-23
  2.03607e-23
  2.14919e-23
  2.26675e-23
  2.38895e-23
  2.51556e-23
  2.64904e-23
   Cooling for Wiersma, Schaye and Smith (2008), NO COMPTON.
   11 < z < 9.89 (highz) log(T) = 2-8 K, log(dT) = 0.05, log(n_H) = 0
 , [Z/Zsol] = -3.0
