 -1.38996e-21
 -1.33900e-21
 -1.29115e-21
 -1.24643e-21
 -1.20673e-21
 -1.17223e-21
 -1.14260e-21
 -1.11674e-21
 -1.09311e-21
 -1.06990e-21
 -1.04631e-21
 -1.02140e-21
 -9.95354e-22
 -9.67348e-22
 -9.39476e-22
 -9.10819e-22
 -8.81629e-22
 -8.52717e-22
 -8.23142e-22
 -7.94191e-22
 -7.64038e-22
 -7.34630e-22
 -7.03589e-22
 -6.72630e-22
 -6.40296e-22
 -6.07341e-22
 -5.73057e-22
 -5.37248e-22
 -5.00446e-22
 -4.61902e-22
 -4.21143e-22
 -3.79141e-22
 -3.33872e-22
 -2.85655e-22
 -2.34896e-22
 -1.80589e-22
 -1.22109e-22
 -6.07717e-23
  3.34974e-24
  7.23703e-23
  1.44387e-22
  2.20212e-22
  3.00711e-22
  3.86165e-22
  4.78566e-22
  5.77828e-22
  6.86005e-22
  8.04211e-22
  9.34462e-22
  1.07831e-21
  1.23814e-21
  1.41943e-21
  1.61395e-21
  1.83347e-21
  2.07913e-21
  2.35365e-21
  2.66066e-21
  3.00443e-21
  3.38923e-21
  3.82075e-21
  4.30388e-21
  4.84610e-21
  5.45282e-21
  6.13993e-21
  6.91373e-21
  7.77058e-21
  8.72833e-21
  9.80493e-21
  1.10172e-20
  1.23760e-20
  1.38949e-20
  1.55947e-20
  1.75011e-20
  1.96495e-20
  2.19925e-20
  2.46908e-20
  2.77047e-20
  3.10992e-20
  3.48947e-20
  3.91664e-20
  4.39440e-20
  4.93194e-20
  5.53348e-20
  6.20991e-20
  6.96727e-20
  7.81854e-20
  8.77216e-20
  9.84351e-20
  1.10443e-19
  1.23926e-19
  1.39046e-19
  1.56017e-19
  1.75056e-19
  1.96414e-19
  2.20389e-19
  2.47271e-19
  2.77460e-19
  3.11293e-19
  3.49308e-19
  3.91890e-19
  4.39759e-19
  4.93351e-19
  5.53628e-19
  6.21081e-19
  6.96983e-19
  7.81877e-19
  8.77453e-19
  9.84301e-19
  1.10465e-18
  1.23913e-18
  1.39067e-18
  1.55998e-18
  1.75075e-18
  1.96395e-18
  2.20406e-18
  2.47253e-18
  2.77473e-18
  3.11281e-18
  3.49317e-18
  3.91888e-18
  4.39759e-18
   Cooling for Wiersma, Schaye and Smith (2008).
   Redshift = 8.0 log(T) = 2-8 K, log(dT) = 0.05, log(n_H) = -6 , [Z/Zsol] = 
0.50
