  7.24017e-34
  8.56876e-34
  1.00605e-33
  1.17486e-33
  1.36448e-33
  1.57760e-33
  1.81547e-33
  2.08080e-33
  2.37327e-33
  2.69213e-33
  3.04151e-33
  3.42371e-33
  3.83911e-33
  4.29117e-33
  4.78233e-33
  5.31606e-33
  5.87388e-33
  6.44354e-33
  7.14125e-33
  7.43178e-33
  8.34533e-33
  9.11435e-33
  1.06837e-32
  1.23041e-32
  1.37808e-32
  1.84747e-32
  1.59895e-32
  8.81278e-33
  1.73619e-32
  8.92213e-32
  7.31131e-32
  1.30331e-32
  4.85099e-32
  2.22916e-31
  1.54770e-30
  2.12915e-30
  1.34883e-29
  5.71047e-29
  2.58224e-28
  1.18405e-27
  1.21743e-26
  1.91529e-25
  2.98136e-24
  2.37488e-23
  8.54094e-23
  1.29851e-22
  1.21829e-22
  9.76312e-23
  7.69036e-23
  6.27195e-23
  5.22708e-23
  4.34643e-23
  3.66026e-23
  3.26151e-23
  3.25709e-23
  3.90009e-23
  5.54306e-23
  8.02412e-23
  9.93416e-23
  9.98690e-23
  8.80728e-23
  7.36106e-23
  6.07636e-23
  5.11885e-23
  4.45307e-23
  3.96722e-23
  3.58895e-23
  3.30687e-23
  3.02394e-23
  2.58237e-23
  1.98790e-23
  1.64182e-23
  1.45352e-23
  1.35328e-23
  1.28294e-23
  1.20397e-23
  1.12031e-23
  1.06165e-23
  1.03659e-23
  1.02920e-23
  1.01894e-23
  1.00058e-23
  9.75637e-24
  9.45575e-24
  9.06571e-24
  8.55901e-24
  8.03338e-24
  7.63279e-24
  7.38976e-24
  7.25429e-24
  7.19623e-24
  7.27024e-24
  7.41200e-24
  7.61640e-24
  7.86969e-24
  8.16053e-24
  8.48232e-24
  8.82925e-24
  9.19330e-24
  9.56464e-24
  9.94449e-24
  1.04015e-23
  1.08705e-23
  1.13462e-23
  1.18403e-23
  1.23645e-23
  1.29288e-23
  1.35314e-23
  1.41717e-23
  1.48436e-23
  1.55618e-23
  1.64398e-23
  1.73822e-23
  1.83703e-23
  1.94071e-23
  2.04895e-23
  2.16201e-23
  2.27961e-23
  2.40193e-23
  2.52870e-23
  2.66236e-23
   Cooling for Wiersma, Schaye and Smith (2008), NO COMPTON.
   z > 11 (photodis) log(T) = 2-8 K, log(dT) = 0.05, log(n_H) = -2 , [Z/Zsol] = 
-1.5
