 -7.74903e-23
 -7.26385e-23
 -6.80922e-23
 -6.39178e-23
 -5.99437e-23
 -5.62381e-23
 -5.28175e-23
 -4.95784e-23
 -4.65512e-23
 -4.37581e-23
 -4.11079e-23
 -3.86573e-23
 -3.63519e-23
 -3.41859e-23
 -3.21867e-23
 -3.02879e-23
 -2.85281e-23
 -2.68671e-23
 -2.53165e-23
 -2.38558e-23
 -2.24886e-23
 -2.11954e-23
 -1.99811e-23
 -1.88392e-23
 -1.77504e-23
 -1.67271e-23
 -1.57521e-23
 -1.48214e-23
 -1.39383e-23
 -1.30912e-23
 -1.22755e-23
 -1.14858e-23
 -1.07193e-23
 -9.97192e-24
 -9.24208e-24
 -8.52229e-24
 -7.80795e-24
 -7.09525e-24
 -6.37858e-24
 -5.65622e-24
 -4.91858e-24
 -4.16013e-24
 -3.37402e-24
 -2.55189e-24
 -1.67798e-24
 -7.37455e-25
  2.96260e-25
  1.44687e-24
  2.74954e-24
  4.23049e-24
  5.92563e-24
  7.86964e-24
  1.01392e-23
  1.29355e-23
  1.67573e-23
  2.26029e-23
  3.20062e-23
  4.62610e-23
  6.35077e-23
  7.71095e-23
  8.19290e-23
  7.98548e-23
  7.57537e-23
  7.25138e-23
  7.09341e-23
  7.12514e-23
  7.32479e-23
  7.68370e-23
  8.18345e-23
  8.83461e-23
  9.53838e-23
  1.04658e-22
  1.15385e-22
  1.27777e-22
  1.41842e-22
  1.57822e-22
  1.75852e-22
  1.96309e-22
  2.19288e-22
  2.45245e-22
  2.74345e-22
  3.07171e-22
  3.43946e-22
  3.85333e-22
  4.31693e-22
  4.83823e-22
  5.42237e-22
  6.07878e-22
  6.81455e-22
  7.64080e-22
  8.56733e-22
  9.60772e-22
  1.07749e-21
  1.20842e-21
  1.35537e-21
  1.52011e-21
  1.70511e-21
  1.91241e-21
  2.14531e-21
  2.40616e-21
  2.69938e-21
  3.02771e-21
  3.39696e-21
  3.81013e-21
  4.27502e-21
  4.79494e-21
  5.38023e-21
  6.03450e-21
  6.77139e-21
  7.59473e-21
  8.52251e-21
  9.55911e-21
  1.07271e-20
  1.20323e-20
  1.35022e-20
  1.51456e-20
  1.69954e-20
  1.90647e-20
  2.13927e-20
  2.39982e-20
  2.69280e-20
   Cooling for Wiersma, Schaye and Smith (2008).
   Redshift = 7.0 log(T) = 2-8 K, log(dT) = 0.05, log(n_H) = -4 , [Z/Zsol] = 
-3.0
