 -1.05293e-22
 -9.96495e-23
 -9.42933e-23
 -8.93069e-23
 -8.45095e-23
 -7.99778e-23
 -7.57635e-23
 -7.17387e-23
 -6.79360e-23
 -6.45099e-23
 -6.12085e-23
 -5.80595e-23
 -5.51844e-23
 -5.24277e-23
 -4.98277e-23
 -4.74457e-23
 -4.52122e-23
 -4.30754e-23
 -4.11766e-23
 -3.93475e-23
 -3.77111e-23
 -3.61329e-23
 -3.46984e-23
 -3.33558e-23
 -3.21112e-23
 -3.09251e-23
 -2.98081e-23
 -2.87610e-23
 -2.77937e-23
 -2.68846e-23
 -2.60193e-23
 -2.51912e-23
 -2.43787e-23
 -2.35527e-23
 -2.26490e-23
 -2.16611e-23
 -2.04939e-23
 -1.91039e-23
 -1.73795e-23
 -1.52880e-23
 -1.28011e-23
 -9.84946e-24
 -6.24197e-24
 -1.78854e-24
  3.80766e-24
  1.08394e-23
  1.97861e-23
  3.09536e-23
  4.50882e-23
  6.27055e-23
  8.48767e-23
  1.11878e-22
  1.44932e-22
  1.84369e-22
  2.31238e-22
  2.87026e-22
  3.54387e-22
  4.34621e-22
  5.25200e-22
  6.17330e-22
  7.03374e-22
  7.82910e-22
  8.53896e-22
  9.09071e-22
  9.38145e-22
  9.30888e-22
  8.97564e-22
  8.48805e-22
  7.99167e-22
  7.41542e-22
  6.86119e-22
  6.55263e-22
  6.48791e-22
  6.51341e-22
  6.55683e-22
  6.63660e-22
  6.82924e-22
  7.19840e-22
  7.67355e-22
  8.18534e-22
  8.68966e-22
  9.09478e-22
  9.47261e-22
  9.76465e-22
  9.98567e-22
  1.02394e-21
  1.06479e-21
  1.13191e-21
  1.22332e-21
  1.34011e-21
  1.47620e-21
  1.63407e-21
  1.81541e-21
  2.02226e-21
  2.25727e-21
  2.52436e-21
  2.82453e-21
  3.16256e-21
  3.54343e-21
  3.97074e-21
  4.45109e-21
  4.98849e-21
  5.59166e-21
  6.26588e-21
  7.02435e-21
  7.87288e-21
  8.82893e-21
  9.89856e-21
  1.11041e-20
  1.24517e-20
  1.39708e-20
  1.56685e-20
  1.75816e-20
  1.97197e-20
  2.21278e-20
  2.48204e-20
  2.78514e-20
  3.12420e-20
  3.50568e-20
  3.93262e-20
  4.41271e-20
   Cooling for Wiersma, Schaye and Smith (2008).
   Redshift = 8.0 log(T) = 2-8 K, log(dT) = 0.05, log(n_H) = -4 , [Z/Zsol] = 
0.50
