 -4.61447e-38
 -5.41001e-38
 -6.29306e-38
 -7.30082e-38
 -8.44029e-38
 -9.73832e-38
 -1.12026e-37
 -1.28659e-37
 -1.47453e-37
 -1.68363e-37
 -1.92164e-37
 -2.18088e-37
 -2.47118e-37
 -2.79918e-37
 -3.15780e-37
 -3.53911e-37
 -3.81945e-37
 -4.36786e-37
 -4.85650e-37
 -4.88406e-37
 -5.05321e-37
 -5.65926e-37
 -5.43385e-37
 -4.37569e-37
 -3.84662e-37
 -3.36279e-37
 -1.78571e-37
  1.12079e-38
  2.60234e-37
  6.70322e-37
  9.97789e-37
  1.69438e-36
  2.73418e-35
  4.89527e-34
  8.17896e-33
  8.60662e-32
  8.84031e-31
  6.51387e-30
  5.46554e-29
  5.14272e-28
  9.82233e-27
  1.71948e-25
  2.82839e-24
  2.34140e-23
  8.50797e-23
  1.29341e-22
  1.21105e-22
  9.67166e-23
  7.57550e-23
  6.12502e-23
  5.03693e-23
  4.10184e-23
  3.34808e-23
  2.86705e-23
  2.76299e-23
  3.28809e-23
  4.79318e-23
  7.11822e-23
  8.86708e-23
  8.76845e-23
  7.46086e-23
  5.96574e-23
  4.70017e-23
  3.72874e-23
  2.99784e-23
  2.45098e-23
  2.03525e-23
  1.71934e-23
  1.47333e-23
  1.28231e-23
  1.04745e-23
  9.31808e-24
  8.39913e-24
  7.67874e-24
  7.10196e-24
  6.58733e-24
  6.18660e-24
  5.88361e-24
  5.65476e-24
  5.48917e-24
  5.37297e-24
  5.33112e-24
  5.32705e-24
  5.35583e-24
  5.41163e-24
  5.49180e-24
  5.59267e-24
  5.71237e-24
  5.84848e-24
  5.99957e-24
  6.16821e-24
  6.40301e-24
  6.66001e-24
  6.93444e-24
  7.22579e-24
  7.53344e-24
  7.85690e-24
  8.19542e-24
  8.54878e-24
  8.91612e-24
  9.30635e-24
  9.79358e-24
  1.03152e-23
  1.08615e-23
  1.14336e-23
  1.20301e-23
  1.26523e-23
  1.32985e-23
  1.39699e-23
  1.46645e-23
  1.53990e-23
  1.62886e-23
  1.72390e-23
  1.82326e-23
  1.92729e-23
  2.03573e-23
  2.14885e-23
  2.26641e-23
  2.38861e-23
  2.51522e-23
  2.64869e-23
   Cooling for Wiersma, Schaye and Smith (2008), NO COMPTON.
   z > 11 (photodis) log(T) = 2-8 K, log(dT) = 0.05, log(n_H) = 0 , [Z/Zsol] = 
-Inf
