 -6.53917e-23
 -6.12371e-23
 -5.72915e-23
 -5.35436e-23
 -5.00027e-23
 -4.66974e-23
 -4.35692e-23
 -4.06004e-23
 -3.78086e-23
 -3.52058e-23
 -3.27465e-23
 -3.04285e-23
 -2.82573e-23
 -2.62351e-23
 -2.43225e-23
 -2.25452e-23
 -2.08866e-23
 -1.93391e-23
 -1.78952e-23
 -1.65458e-23
 -1.52798e-23
 -1.41074e-23
 -1.30141e-23
 -1.20028e-23
 -1.10662e-23
 -1.01866e-23
 -9.38074e-24
 -8.61883e-24
 -7.92046e-24
 -7.26031e-24
 -6.64802e-24
 -6.07084e-24
 -5.52387e-24
 -5.00355e-24
 -4.49596e-24
 -3.99927e-24
 -3.50679e-24
 -2.99970e-24
 -2.46379e-24
 -1.88803e-24
 -1.25032e-24
 -5.24603e-25
  3.47159e-25
  1.43725e-24
  2.89969e-24
  4.89731e-24
  7.69301e-24
  1.15272e-23
  1.66086e-23
  2.29118e-23
  3.00391e-23
  3.75387e-23
  4.51879e-23
  5.37591e-23
  6.49452e-23
  8.18421e-23
  1.08228e-22
  1.43873e-22
  1.76819e-22
  1.93063e-22
  1.94680e-22
  1.87720e-22
  1.77452e-22
  1.71554e-22
  1.71562e-22
  1.73264e-22
  1.73818e-22
  1.73010e-22
  1.65828e-22
  1.42565e-22
  1.11278e-22
  9.22147e-23
  8.49621e-23
  8.38322e-23
  8.42604e-23
  8.35509e-23
  8.20947e-23
  8.27589e-23
  8.62681e-23
  9.12398e-23
  9.59336e-23
  9.97673e-23
  1.03231e-22
  1.06547e-22
  1.09475e-22
  1.12015e-22
  1.15285e-22
  1.20832e-22
  1.29033e-22
  1.39585e-22
  1.52260e-22
  1.67313e-22
  1.84909e-22
  2.05290e-22
  2.28491e-22
  2.54746e-22
  2.84395e-22
  3.17859e-22
  3.55429e-22
  3.97612e-22
  4.44862e-22
  4.97801e-22
  5.57167e-22
  6.23431e-22
  6.97855e-22
  7.81125e-22
  8.74995e-22
  9.80029e-22
  1.09837e-21
  1.23065e-21
  1.37974e-21
  1.54641e-21
  1.73424e-21
  1.94410e-21
  2.18040e-21
  2.44455e-21
  2.74182e-21
  3.07428e-21
  3.44824e-21
  3.86669e-21
  4.33716e-21
   Cooling for Wiersma, Schaye and Smith (2008).
   Redshift = 8.0 log(T) = 2-8 K, log(dT) = 0.05, log(n_H) = -3 , [Z/Zsol] = 
****
