  7.22898e-32
  8.55724e-32
  1.00490e-31
  1.17347e-31
  1.36275e-31
  1.57548e-31
  1.81286e-31
  2.07761e-31
  2.36944e-31
  2.68756e-31
  3.03613e-31
  3.41736e-31
  3.83164e-31
  4.28251e-31
  4.77223e-31
  5.30441e-31
  5.91109e-31
  6.56594e-31
  7.17630e-31
  7.73332e-31
  8.72544e-31
  9.35910e-31
  1.03071e-30
  1.17553e-30
  1.27522e-30
  1.43842e-30
  1.53322e-30
  1.76372e-30
  1.86932e-30
  2.15768e-30
  2.26713e-30
  2.59702e-30
  2.76845e-30
  2.38867e-30
  3.71988e-30
  2.10154e-29
  1.26977e-28
  5.13520e-28
  2.13668e-27
  7.06835e-27
  2.66494e-26
  2.32091e-25
  3.19361e-24
  2.47532e-23
  8.84857e-23
  1.35182e-22
  1.28623e-22
  1.05938e-22
  8.72607e-23
  7.59341e-23
  6.93056e-23
  6.53581e-23
  6.45883e-23
  6.79962e-23
  7.68679e-23
  9.38031e-23
  1.22517e-22
  1.61321e-22
  1.94924e-22
  2.09179e-22
  2.09022e-22
  1.99024e-22
  1.84483e-22
  1.76140e-22
  1.75367e-22
  1.75900e-22
  1.75582e-22
  1.75721e-22
  1.69697e-22
  1.42701e-22
  1.04310e-22
  8.00853e-23
  6.95797e-23
  6.60061e-23
  6.41607e-23
  6.08199e-23
  5.59313e-23
  5.27104e-23
  5.20729e-23
  5.26323e-23
  5.29122e-23
  5.13609e-23
  4.91143e-23
  4.58683e-23
  4.12848e-23
  3.54346e-23
  2.91703e-23
  2.41136e-23
  2.04590e-23
  1.78770e-23
  1.57852e-23
  1.41897e-23
  1.31019e-23
  1.23645e-23
  1.19130e-23
  1.18224e-23
  1.17597e-23
  1.18675e-23
  1.21054e-23
  1.24429e-23
  1.28259e-23
  1.32766e-23
  1.36432e-23
  1.39462e-23
  1.42235e-23
  1.44721e-23
  1.48103e-23
  1.52080e-23
  1.57035e-23
  1.62653e-23
  1.69079e-23
  1.77428e-23
  1.86607e-23
  1.96421e-23
  2.06884e-23
  2.17906e-23
  2.29559e-23
  2.41761e-23
  2.54518e-23
  2.67770e-23
  2.81764e-23
   Cooling for Wiersma, Schaye and Smith (2008), NO COMPTON.
   z > 11 (photodis) log(T) = 2-8 K, log(dT) = 0.05, log(n_H) = -4 , [Z/Zsol] = 
****
