 -2.64242e-22
 -2.52352e-22
 -2.40886e-22
 -2.29697e-22
 -2.18877e-22
 -2.08542e-22
 -1.98569e-22
 -1.88953e-22
 -1.79666e-22
 -1.70652e-22
 -1.61948e-22
 -1.53627e-22
 -1.45641e-22
 -1.37972e-22
 -1.30611e-22
 -1.23526e-22
 -1.16730e-22
 -1.10267e-22
 -1.04146e-22
 -9.82007e-23
 -9.26445e-23
 -8.73298e-23
 -8.22321e-23
 -7.74516e-23
 -7.28466e-23
 -6.85574e-23
 -6.44287e-23
 -6.05810e-23
 -5.68918e-23
 -5.34567e-23
 -5.01782e-23
 -4.70789e-23
 -4.42091e-23
 -4.14612e-23
 -3.89011e-23
 -3.64903e-23
 -3.42092e-23
 -3.20615e-23
 -3.00769e-23
 -2.81763e-23
 -2.63940e-23
 -2.47127e-23
 -2.31470e-23
 -2.16667e-23
 -2.02660e-23
 -1.89432e-23
 -1.76954e-23
 -1.65131e-23
 -1.53941e-23
 -1.43469e-23
 -1.33429e-23
 -1.23878e-23
 -1.14846e-23
 -1.06234e-23
 -9.78502e-24
 -8.92725e-24
 -7.98405e-24
 -6.85940e-24
 -5.44389e-24
 -3.63209e-24
 -1.39414e-24
  1.16131e-24
  3.70879e-24
  5.79633e-24
  7.11542e-24
  7.56641e-24
  7.36540e-24
  6.76034e-24
  5.99314e-24
  5.20750e-24
  4.38974e-24
  3.77155e-24
  3.25369e-24
  2.83855e-24
  2.50854e-24
  2.21067e-24
  1.98732e-24
  1.84081e-24
  1.75823e-24
  1.72798e-24
  1.74265e-24
  1.82988e-24
  1.96654e-24
  2.12676e-24
  2.31829e-24
  2.54056e-24
  2.79175e-24
  3.07234e-24
  3.38201e-24
  3.72212e-24
  4.09780e-24
  4.56086e-24
  5.07032e-24
  5.62475e-24
  6.22748e-24
  6.88167e-24
  7.59086e-24
  8.36128e-24
  9.19795e-24
  1.01049e-23
  1.10997e-23
  1.22650e-23
  1.35484e-23
  1.49464e-23
  1.64762e-23
  1.81430e-23
  1.99702e-23
  2.19630e-23
  2.41508e-23
  2.65393e-23
  2.91824e-23
  3.22043e-23
  3.55570e-23
  3.92351e-23
  4.32982e-23
  4.77618e-23
  5.26964e-23
  5.81261e-23
  6.41337e-23
  7.07550e-23
  7.81112e-23
   Cooling for Wiersma, Schaye and Smith (2008), NO COMPTON.
   11 < z < 9.89 (highz) log(T) = 2-8 K, log(dT) = 0.05, log(n_H) = -6
 , [Z/Zsol] = -1.5
