 -1.18767e-23
 -1.16202e-23
 -1.13331e-23
 -1.10352e-23
 -1.07276e-23
 -1.04085e-23
 -1.00814e-23
 -9.74876e-24
 -9.41077e-24
 -9.06871e-24
 -8.72200e-24
 -8.37592e-24
 -8.03015e-24
 -7.68572e-24
 -7.34340e-24
 -7.00388e-24
 -6.66753e-24
 -6.33795e-24
 -6.00892e-24
 -5.68560e-24
 -5.36566e-24
 -5.01823e-24
 -4.70489e-24
 -4.39666e-24
 -4.09315e-24
 -3.79329e-24
 -3.49528e-24
 -3.19695e-24
 -2.89544e-24
 -2.58774e-24
 -2.26953e-24
 -1.93609e-24
 -1.58183e-24
 -1.19350e-24
 -7.58506e-25
 -2.59073e-25
  3.48021e-25
  1.11840e-24
  2.17311e-24
  3.63707e-24
  5.85442e-24
  9.23317e-24
  1.54040e-23
  2.67073e-23
  4.65339e-23
  7.37150e-23
  9.76395e-23
  1.07370e-22
  1.06368e-22
  1.04361e-22
  1.06728e-22
  1.15203e-22
  1.29999e-22
  1.51924e-22
  1.82543e-22
  2.25018e-22
  2.83299e-22
  3.55448e-22
  4.23849e-22
  4.71077e-22
  4.98963e-22
  4.99835e-22
  4.81473e-22
  4.76331e-22
  4.89670e-22
  5.03547e-22
  5.11281e-22
  5.18757e-22
  5.04537e-22
  4.23505e-22
  3.07694e-22
  2.33797e-22
  2.02468e-22
  1.92859e-22
  1.88290e-22
  1.79089e-22
  1.64934e-22
  1.55706e-22
  1.54827e-22
  1.57589e-22
  1.57926e-22
  1.53434e-22
  1.45709e-22
  1.35364e-22
  1.21365e-22
  1.02940e-22
  8.33020e-23
  6.70750e-23
  5.53863e-23
  4.67210e-23
  3.98275e-23
  3.47886e-23
  3.15304e-23
  2.97061e-23
  2.89333e-23
  2.88745e-23
  2.93302e-23
  3.01422e-23
  3.10665e-23
  3.18210e-23
  3.21787e-23
  3.20394e-23
  3.12646e-23
  2.99940e-23
  2.85644e-23
  2.73947e-23
  2.67697e-23
  2.66951e-23
  2.71182e-23
  2.79184e-23
  2.90693e-23
  3.06302e-23
  3.24959e-23
  3.46203e-23
  3.70221e-23
  3.96907e-23
  4.26550e-23
  4.59191e-23
  4.95456e-23
  5.34630e-23
  5.77843e-23
   Cooling for Wiersma, Schaye and Smith (2008).
   Redshift = 7.0 log(T) = 2-8 K, log(dT) = 0.05, log(n_H) = -1 , [Z/Zsol] = 0.0
