 -1.05604e-24
 -1.04685e-24
 -1.03648e-24
 -1.02530e-24
 -1.01337e-24
 -1.00064e-24
 -9.87262e-25
 -9.73290e-25
 -9.58844e-25
 -9.44013e-25
 -9.28866e-25
 -9.13579e-25
 -8.98204e-25
 -8.82799e-25
 -8.67428e-25
 -8.52110e-25
 -8.36855e-25
 -8.21674e-25
 -8.06541e-25
 -7.91438e-25
 -7.76327e-25
 -7.60443e-25
 -7.45110e-25
 -7.29630e-25
 -7.13942e-25
 -6.97975e-25
 -6.81602e-25
 -6.64687e-25
 -6.47022e-25
 -6.28314e-25
 -6.07942e-25
 -5.85110e-25
 -5.58782e-25
 -5.26273e-25
 -4.85328e-25
 -4.31806e-25
 -3.57755e-25
 -2.46263e-25
 -4.61046e-26
  3.83379e-25
  1.59294e-24
  4.97028e-24
  1.46128e-23
  3.80861e-23
  8.39576e-23
  1.25150e-22
  1.25283e-22
  1.05787e-22
  8.73998e-23
  7.55108e-23
  6.86669e-23
  6.49711e-23
  6.44048e-23
  6.79348e-23
  7.68017e-23
  9.37648e-23
  1.22373e-22
  1.60923e-22
  1.94483e-22
  2.08556e-22
  2.08654e-22
  1.98866e-22
  1.84479e-22
  1.76243e-22
  1.75457e-22
  1.76107e-22
  1.75703e-22
  1.75932e-22
  1.69783e-22
  1.42823e-22
  1.04522e-22
  8.03159e-23
  6.97609e-23
  6.62207e-23
  6.43782e-23
  6.11125e-23
  5.63521e-23
  5.32142e-23
  5.27688e-23
  5.35203e-23
  5.35380e-23
  5.20779e-23
  4.96201e-23
  4.63555e-23
  4.19531e-23
  3.61654e-23
  3.00050e-23
  2.49329e-23
  2.13050e-23
  1.86409e-23
  1.65460e-23
  1.50793e-23
  1.41871e-23
  1.37560e-23
  1.36640e-23
  1.38034e-23
  1.41099e-23
  1.45323e-23
  1.49923e-23
  1.53993e-23
  1.56854e-23
  1.58703e-23
  1.58647e-23
  1.57052e-23
  1.54967e-23
  1.53694e-23
  1.54155e-23
  1.56282e-23
  1.59895e-23
  1.64583e-23
  1.70319e-23
  1.78063e-23
  1.86763e-23
  1.96135e-23
  2.06171e-23
  2.16794e-23
  2.28010e-23
  2.39760e-23
  2.52046e-23
  2.64806e-23
  2.78281e-23
   Cooling for Wiersma, Schaye and Smith (2008), NO COMPTON.
   11 < z < 9.89 (highz) log(T) = 2-8 K, log(dT) = 0.05, log(n_H) = 0
 , [Z/Zsol] = ****
