 -4.37968e-23
 -4.18249e-23
 -3.98317e-23
 -3.78866e-23
 -3.59890e-23
 -3.41400e-23
 -3.23430e-23
 -3.06056e-23
 -2.89230e-23
 -2.72989e-23
 -2.57283e-23
 -2.42197e-23
 -2.27695e-23
 -2.13791e-23
 -2.00468e-23
 -1.87734e-23
 -1.75572e-23
 -1.63982e-23
 -1.52951e-23
 -1.42470e-23
 -1.32525e-23
 -1.22749e-23
 -1.13792e-23
 -1.05329e-23
 -9.73525e-24
 -8.98391e-24
 -8.27734e-24
 -7.61225e-24
 -6.98739e-24
 -6.39850e-24
 -5.84239e-24
 -5.31341e-24
 -4.81419e-24
 -4.33605e-24
 -3.86400e-24
 -3.40014e-24
 -2.93727e-24
 -2.45287e-24
 -1.92157e-24
 -1.32130e-24
 -5.95573e-25
  3.30210e-25
  1.68954e-24
  3.82457e-24
  7.39998e-24
  1.31339e-23
  2.16779e-23
  3.23124e-23
  4.25074e-23
  4.93987e-23
  5.27296e-23
  5.47726e-23
  5.77090e-23
  6.34552e-23
  7.36942e-23
  9.13542e-23
  1.20079e-22
  1.58440e-22
  1.92002e-22
  2.06679e-22
  2.06852e-22
  1.97278e-22
  1.83285e-22
  1.75242e-22
  1.74481e-22
  1.75233e-22
  1.74941e-22
  1.74971e-22
  1.68571e-22
  1.41973e-22
  1.04471e-22
  8.08310e-23
  7.05806e-23
  6.72186e-23
  6.55052e-23
  6.23920e-23
  5.78623e-23
  5.49947e-23
  5.48131e-23
  5.58314e-23
  5.61469e-23
  5.50207e-23
  5.29366e-23
  5.00826e-23
  4.61336e-23
  4.08611e-23
  3.52893e-23
  3.08793e-23
  2.79728e-23
  2.60945e-23
  2.49321e-23
  2.46070e-23
  2.48833e-23
  2.57691e-23
  2.71505e-23
  2.89379e-23
  3.10946e-23
  3.35899e-23
  3.63784e-23
  3.93934e-23
  4.26195e-23
  4.60874e-23
  4.97743e-23
  5.37469e-23
  5.81886e-23
  6.32628e-23
  6.91606e-23
  7.59172e-23
  8.36493e-23
  9.23543e-23
  1.02210e-22
  1.13354e-22
  1.25910e-22
  1.39908e-22
  1.55621e-22
  1.73131e-22
  1.92768e-22
  2.14656e-22
  2.39188e-22
  2.66547e-22
  2.97224e-22
   Cooling for Wiersma, Schaye and Smith (2008).
   Redshift = 7.0 log(T) = 2-8 K, log(dT) = 0.05, log(n_H) = -2 , [Z/Zsol] = 
****
