 -1.08130e-24
 -1.07578e-24
 -1.06994e-24
 -1.06386e-24
 -1.05755e-24
 -1.05098e-24
 -1.04416e-24
 -1.03707e-24
 -1.02972e-24
 -1.02209e-24
 -1.01417e-24
 -1.00594e-24
 -9.97414e-25
 -9.88559e-25
 -9.79373e-25
 -9.69835e-25
 -9.59932e-25
 -9.49642e-25
 -9.38947e-25
 -9.27821e-25
 -9.16236e-25
 -9.04123e-25
 -8.91513e-25
 -8.78363e-25
 -8.64632e-25
 -8.50299e-25
 -8.35293e-25
 -8.19609e-25
 -8.03177e-25
 -7.85977e-25
 -7.67893e-25
 -7.48800e-25
 -7.28640e-25
 -7.07334e-25
 -6.84691e-25
 -6.60494e-25
 -6.34769e-25
 -5.99426e-25
 -5.21574e-25
 -2.75972e-25
  6.53411e-25
  3.62693e-24
  1.26641e-23
  3.52013e-23
  7.95040e-23
  1.18862e-22
  1.17615e-22
  9.65417e-23
  7.60006e-23
  6.11175e-23
  5.02818e-23
  4.14018e-23
  3.43133e-23
  2.98742e-23
  2.91561e-23
  3.47823e-23
  5.02154e-23
  7.38377e-23
  9.18138e-23
  9.12293e-23
  7.87043e-23
  6.40075e-23
  5.13419e-23
  4.16899e-23
  3.45851e-23
  2.93142e-23
  2.52772e-23
  2.22269e-23
  1.96520e-23
  1.69518e-23
  1.34686e-23
  1.15859e-23
  1.03650e-23
  9.55866e-24
  8.94541e-24
  8.34779e-24
  7.81365e-24
  7.42603e-24
  7.19594e-24
  7.06565e-24
  6.96074e-24
  6.88198e-24
  6.80919e-24
  6.74380e-24
  6.66979e-24
  6.57695e-24
  6.49390e-24
  6.46522e-24
  6.50001e-24
  6.58197e-24
  6.70134e-24
  6.90737e-24
  7.15612e-24
  7.43975e-24
  7.75435e-24
  8.09633e-24
  8.46380e-24
  8.85489e-24
  9.26771e-24
  9.69914e-24
  1.01567e-23
  1.07135e-23
  1.13074e-23
  1.19308e-23
  1.25902e-23
  1.32891e-23
  1.40342e-23
  1.48243e-23
  1.56635e-23
  1.65494e-23
  1.75024e-23
  1.86382e-23
  1.98676e-23
  2.11740e-23
  2.25675e-23
  2.40474e-23
  2.56243e-23
  2.72988e-23
  2.90824e-23
  3.09771e-23
  3.30187e-23
   Cooling for Wiersma, Schaye and Smith (2008).
   Redshift = 9.0 log(T) = 2-8 K, log(dT) = 0.05, log(n_H) = 0 , [Z/Zsol] = -2.0
