  2.28745e-31
  2.70678e-31
  3.17840e-31
  3.71187e-31
  4.31102e-31
  4.98462e-31
  5.73623e-31
  6.57488e-31
  7.49877e-31
  8.50625e-31
  9.61031e-31
  1.08178e-30
  1.21304e-30
  1.35586e-30
  1.51101e-30
  1.67960e-30
  1.87349e-30
  2.00590e-30
  2.25800e-30
  2.42382e-30
  2.67457e-30
  3.12243e-30
  3.43723e-30
  3.88482e-30
  4.02331e-30
  3.28863e-30
  4.95960e-30
  5.49008e-30
  5.89727e-30
  5.30680e-30
  7.65429e-30
  2.93018e-29
  1.27574e-29
  3.25750e-30
  3.65230e-29
  2.05298e-28
  1.26137e-27
  5.07766e-27
  2.08726e-26
  6.59093e-26
  1.71470e-25
  6.37486e-25
  5.27991e-24
  3.46379e-23
  1.19311e-22
  1.88822e-22
  1.96882e-22
  1.89139e-22
  1.91008e-22
  2.08128e-22
  2.39742e-22
  2.84496e-22
  3.44523e-22
  4.21824e-22
  5.19980e-22
  6.42273e-22
  7.93897e-22
  9.72207e-22
  1.15089e-21
  1.30237e-21
  1.41866e-21
  1.45343e-21
  1.42231e-21
  1.42688e-21
  1.48490e-21
  1.54050e-21
  1.57378e-21
  1.60448e-21
  1.56528e-21
  1.31283e-21
  9.50887e-22
  7.19124e-22
  6.21636e-22
  5.92418e-22
  5.79808e-22
  5.51770e-22
  5.07741e-22
  4.79035e-22
  4.76547e-22
  4.85470e-22
  4.86865e-22
  4.72573e-22
  4.47947e-22
  4.14901e-22
  3.70310e-22
  3.11964e-22
  2.49598e-22
  1.97584e-22
  1.59700e-22
  1.30953e-22
  1.07297e-22
  8.88169e-23
  7.54986e-23
  6.73115e-23
  6.16317e-23
  5.79262e-23
  5.56479e-23
  5.57228e-23
  5.57960e-23
  5.59347e-23
  5.58324e-23
  5.56630e-23
  5.39677e-23
  5.07258e-23
  4.60207e-23
  4.14121e-23
  3.78888e-23
  3.53461e-23
  3.33651e-23
  3.20531e-23
  3.13119e-23
  3.09241e-23
  3.11614e-23
  3.16565e-23
  3.23816e-23
  3.32893e-23
  3.43632e-23
  3.55456e-23
  3.68726e-23
  3.82740e-23
  3.97682e-23
   Cooling for Wiersma, Schaye and Smith (2008), NO COMPTON.
   z > 11 (photodis) log(T) = 2-8 K, log(dT) = 0.05, log(n_H) = -3 , [Z/Zsol] = 
0.50
