 -1.16112e-22
 -1.09799e-22
 -1.03772e-22
 -9.80920e-23
 -9.26755e-23
 -8.74972e-23
 -8.25656e-23
 -7.79150e-23
 -7.34842e-23
 -6.92428e-23
 -6.52001e-23
 -6.13883e-23
 -5.77719e-23
 -5.43382e-23
 -5.10749e-23
 -4.79627e-23
 -4.50016e-23
 -4.22086e-23
 -3.95700e-23
 -3.70702e-23
 -3.47032e-23
 -3.24558e-23
 -3.03170e-23
 -2.83238e-23
 -2.64211e-23
 -2.46346e-23
 -2.29571e-23
 -2.13524e-23
 -1.98619e-23
 -1.84388e-23
 -1.71203e-23
 -1.58589e-23
 -1.46893e-23
 -1.35736e-23
 -1.25405e-23
 -1.15548e-23
 -1.06312e-23
 -9.77192e-24
 -8.95651e-24
 -8.18894e-24
 -7.47674e-24
 -6.79589e-24
 -6.15606e-24
 -5.55178e-24
 -4.98595e-24
 -4.44179e-24
 -3.92050e-24
 -3.41504e-24
 -2.91922e-24
 -2.42677e-24
 -1.93095e-24
 -1.41944e-24
 -8.91904e-25
 -3.38373e-25
  2.62775e-25
  9.53220e-25
  1.80285e-24
  2.91517e-24
  4.41224e-24
  6.38539e-24
  8.81453e-24
  1.14875e-23
  1.39427e-23
  1.56507e-23
  1.63735e-23
  1.61771e-23
  1.54095e-23
  1.43780e-23
  1.33172e-23
  1.23531e-23
  1.10475e-23
  1.04168e-23
  9.94948e-24
  9.64071e-24
  9.46326e-24
  9.35615e-24
  9.38225e-24
  9.53946e-24
  9.80974e-24
  1.01916e-23
  1.06765e-23
  1.12986e-23
  1.20297e-23
  1.28767e-23
  1.38415e-23
  1.49402e-23
  1.61830e-23
  1.75900e-23
  1.91723e-23
  2.09498e-23
  2.29432e-23
  2.52267e-23
  2.77831e-23
  3.06374e-23
  3.38250e-23
  3.73807e-23
  4.13515e-23
  4.57778e-23
  5.07241e-23
  5.62362e-23
  6.24098e-23
  6.93715e-23
  7.71746e-23
  8.58687e-23
  9.56092e-23
  1.06460e-22
  1.18627e-22
  1.32180e-22
  1.47389e-22
  1.64328e-22
  1.83368e-22
  2.04710e-22
  2.28705e-22
  2.55452e-22
  2.85498e-22
  3.19013e-22
  3.56649e-22
  3.98663e-22
  4.45832e-22
  4.98523e-22
  5.57685e-22
   Cooling for Wiersma, Schaye and Smith (2008).
   Redshift = 2.0 log(T) = 2-8 K, log(dT) = 0.05, log(n_H) = -4 , [Z/Zsol] = 
-3.0
