 -2.35099e-22
 -2.27480e-22
 -2.20210e-22
 -2.13253e-22
 -2.06603e-22
 -2.00310e-22
 -1.94269e-22
 -1.88317e-22
 -1.82570e-22
 -1.76890e-22
 -1.71321e-22
 -1.65847e-22
 -1.60421e-22
 -1.55014e-22
 -1.49677e-22
 -1.44354e-22
 -1.39129e-22
 -1.33951e-22
 -1.28856e-22
 -1.23802e-22
 -1.18796e-22
 -1.13925e-22
 -1.09166e-22
 -1.04507e-22
 -9.99395e-23
 -9.54853e-23
 -9.11303e-23
 -8.69482e-23
 -8.29274e-23
 -7.90237e-23
 -7.51747e-23
 -7.14684e-23
 -6.77997e-23
 -6.42462e-23
 -6.07351e-23
 -5.72138e-23
 -5.37218e-23
 -5.01407e-23
 -4.65471e-23
 -4.28273e-23
 -3.89963e-23
 -3.49901e-23
 -3.07828e-23
 -2.63284e-23
 -2.16278e-23
 -1.66081e-23
 -1.12185e-23
 -5.45259e-24
  8.01107e-25
  7.56929e-24
  1.49692e-23
  2.30353e-23
  3.18739e-23
  4.15597e-23
  5.22598e-23
  6.42293e-23
  7.77558e-23
  9.30367e-23
  1.10677e-22
  1.31141e-22
  1.53820e-22
  1.78671e-22
  2.05265e-22
  2.32334e-22
  2.60996e-22
  2.92218e-22
  3.26930e-22
  3.65976e-22
  4.10060e-22
  4.59829e-22
  5.15892e-22
  5.78973e-22
  6.51080e-22
  7.29691e-22
  8.16519e-22
  9.12383e-22
  1.01869e-21
  1.13878e-21
  1.27353e-21
  1.42593e-21
  1.59697e-21
  1.78993e-21
  2.00622e-21
  2.24976e-21
  2.52269e-21
  2.83083e-21
  3.17564e-21
  3.56248e-21
  3.99611e-21
  4.48308e-21
  5.02919e-21
  5.64220e-21
  6.32999e-21
  7.10158e-21
  7.96771e-21
  8.93887e-21
  1.00295e-20
  1.12559e-20
  1.26294e-20
  1.41677e-20
  1.58968e-20
  1.78325e-20
  2.00097e-20
  2.24461e-20
  2.51878e-20
  2.82544e-20
  3.17068e-20
  3.55665e-20
  3.99138e-20
  4.47715e-20
  5.02457e-20
  5.63616e-20
  6.32530e-20
  7.09543e-20
  7.96277e-20
  8.93256e-20
  1.00242e-19
  1.12454e-19
  1.26193e-19
  1.41570e-19
  1.58862e-19
   Cooling for Wiersma, Schaye and Smith (2008).
   Redshift = 6.0 log(T) = 2-8 K, log(dT) = 0.05, log(n_H) = -5 , [Z/Zsol] = 0.0
