 -1.10962e-22
 -1.05682e-22
 -1.00754e-22
 -9.60764e-23
 -9.16377e-23
 -8.74693e-23
 -8.34560e-23
 -7.96875e-23
 -7.60957e-23
 -7.26067e-23
 -6.93160e-23
 -6.61399e-23
 -6.30736e-23
 -6.00906e-23
 -5.71826e-23
 -5.43495e-23
 -5.15817e-23
 -4.88576e-23
 -4.61611e-23
 -4.34687e-23
 -4.07648e-23
 -3.80551e-23
 -3.53235e-23
 -3.25450e-23
 -2.96993e-23
 -2.67756e-23
 -2.37443e-23
 -2.05978e-23
 -1.73103e-23
 -1.38598e-23
 -1.02098e-23
 -6.34153e-24
 -2.20488e-24
  2.22189e-24
  6.99213e-24
  1.21330e-23
  1.77433e-23
  2.38385e-23
  3.04982e-23
  3.77720e-23
  4.58311e-23
  5.46971e-23
  6.45204e-23
  7.53732e-23
  8.74121e-23
  1.00739e-22
  1.15655e-22
  1.32265e-22
  1.50842e-22
  1.71559e-22
  1.94715e-22
  2.20515e-22
  2.49675e-22
  2.82171e-22
  3.19021e-22
  3.60939e-22
  4.08559e-22
  4.63911e-22
  5.27560e-22
  5.99704e-22
  6.78097e-22
  7.61483e-22
  8.50689e-22
  9.47654e-22
  1.05686e-21
  1.17931e-21
  1.31712e-21
  1.47311e-21
  1.64831e-21
  1.84618e-21
  2.06746e-21
  2.31756e-21
  2.59788e-21
  2.91395e-21
  3.26748e-21
  3.66601e-21
  4.11123e-21
  4.61264e-21
  5.17278e-21
  5.80309e-21
  6.50780e-21
  7.30040e-21
  8.18739e-21
  9.18520e-21
  1.03028e-20
  1.15595e-20
  1.29676e-20
  1.45498e-20
  1.63233e-20
  1.83150e-20
  2.05484e-20
  2.30553e-20
  2.58678e-20
  2.90230e-20
  3.25647e-20
  3.65358e-20
  4.09956e-20
  4.59938e-20
  5.16096e-20
  5.79051e-20
  6.49782e-20
  7.28961e-20
  8.18016e-20
  9.17671e-20
  1.02981e-19
  1.15523e-19
  1.29644e-19
  1.45430e-19
  1.63210e-19
  1.83078e-19
  2.05467e-19
  2.30481e-19
  2.58666e-19
  2.90164e-19
  3.25638e-19
  3.65302e-19
  4.09949e-19
  4.59896e-19
  5.16090e-19
  5.78984e-19
  6.49709e-19
   Cooling for Wiersma, Schaye and Smith (2008).
   Redshift = 9.0 log(T) = 2-8 K, log(dT) = 0.05, log(n_H) = -5 , [Z/Zsol] = 
-1.0
