 -4.87685e-23
 -4.64054e-23
 -4.40534e-23
 -4.17775e-23
 -3.95742e-23
 -3.74476e-23
 -3.53959e-23
 -3.34240e-23
 -3.15271e-23
 -2.97083e-23
 -2.79627e-23
 -2.62946e-23
 -2.46997e-23
 -2.31788e-23
 -2.17288e-23
 -2.03495e-23
 -1.90380e-23
 -1.77933e-23
 -1.66130e-23
 -1.54952e-23
 -1.44379e-23
 -1.34279e-23
 -1.24833e-23
 -1.15920e-23
 -1.07528e-23
 -9.96241e-24
 -9.21708e-24
 -8.52001e-24
 -7.86180e-24
 -7.24165e-24
 -6.66425e-24
 -6.12004e-24
 -5.60416e-24
 -5.11563e-24
 -4.65505e-24
 -4.21605e-24
 -3.79327e-24
 -3.38159e-24
 -2.97142e-24
 -2.55170e-24
 -2.09158e-24
 -1.53233e-24
 -7.22893e-25
  5.84573e-25
  2.88231e-24
  6.74723e-24
  1.28157e-23
  2.08029e-23
  2.89534e-23
  3.46636e-23
  3.67777e-23
  3.65509e-23
  3.58223e-23
  3.64033e-23
  4.01325e-23
  4.99083e-23
  6.93596e-23
  9.72628e-23
  1.20058e-22
  1.24573e-22
  1.16090e-22
  1.03044e-22
  9.00718e-23
  8.09389e-23
  7.57278e-23
  7.22509e-23
  6.93401e-23
  6.72065e-23
  6.35138e-23
  5.38253e-23
  4.04039e-23
  3.21771e-23
  2.83436e-23
  2.68244e-23
  2.59272e-23
  2.46351e-23
  2.29796e-23
  2.19233e-23
  2.17729e-23
  2.20522e-23
  2.21512e-23
  2.18552e-23
  2.12927e-23
  2.05213e-23
  1.94354e-23
  1.79631e-23
  1.64276e-23
  1.52917e-23
  1.46639e-23
  1.43958e-23
  1.43931e-23
  1.47308e-23
  1.53080e-23
  1.61280e-23
  1.71594e-23
  1.83782e-23
  1.97792e-23
  2.13576e-23
  2.31078e-23
  2.50145e-23
  2.70896e-23
  2.94029e-23
  3.19191e-23
  3.46609e-23
  3.77079e-23
  4.11199e-23
  4.49860e-23
  4.93259e-23
  5.42140e-23
  5.96587e-23
  6.57757e-23
  7.26993e-23
  8.04647e-23
  8.90850e-23
  9.87237e-23
  1.09428e-22
  1.21393e-22
  1.34692e-22
  1.49556e-22
  1.66091e-22
  1.84596e-22
   Cooling for Wiersma, Schaye and Smith (2008).
   Redshift = 6.0 log(T) = 2-8 K, log(dT) = 0.05, log(n_H) = -2 , [Z/Zsol] = 
-1.0
