 -8.10871e-24
 -7.99547e-24
 -7.87070e-24
 -7.74304e-24
 -7.61272e-24
 -7.47961e-24
 -7.34388e-24
 -7.20542e-24
 -7.06439e-24
 -6.92072e-24
 -6.77457e-24
 -6.62586e-24
 -6.47477e-24
 -6.32131e-24
 -6.16564e-24
 -6.00778e-24
 -5.84790e-24
 -5.68606e-24
 -5.52242e-24
 -5.35707e-24
 -5.19016e-24
 -5.02166e-24
 -4.85189e-24
 -4.68100e-24
 -4.50917e-24
 -4.33658e-24
 -4.16661e-24
 -3.99299e-24
 -3.81895e-24
 -3.64497e-24
 -3.47120e-24
 -3.29741e-24
 -3.12421e-24
 -2.95182e-24
 -2.78051e-24
 -2.61036e-24
 -2.44228e-24
 -2.27030e-24
 -2.07475e-24
 -1.78104e-24
 -1.09958e-24
  6.83170e-25
  5.51698e-24
  1.66295e-23
  3.84420e-23
  6.74481e-23
  8.60327e-23
  8.42397e-23
  7.13660e-23
  5.78709e-23
  4.71631e-23
  3.90367e-23
  3.26385e-23
  2.84096e-23
  2.76125e-23
  3.30001e-23
  4.81344e-23
  7.14502e-23
  8.90027e-23
  8.80750e-23
  7.50416e-23
  6.01046e-23
  4.74409e-23
  3.77292e-23
  3.04398e-23
  2.49898e-23
  2.08441e-23
  1.76954e-23
  1.52234e-23
  1.32340e-23
  1.07718e-23
  9.54253e-24
  8.59311e-24
  7.86380e-24
  7.28301e-24
  6.75968e-24
  6.34517e-24
  6.03322e-24
  5.80369e-24
  5.64100e-24
  5.52523e-24
  5.47890e-24
  5.46708e-24
  5.48544e-24
  5.52714e-24
  5.58875e-24
  5.66983e-24
  5.77312e-24
  5.89732e-24
  6.03951e-24
  6.20101e-24
  6.43043e-24
  6.68380e-24
  6.95600e-24
  7.24615e-24
  7.55326e-24
  7.87668e-24
  8.21547e-24
  8.56917e-24
  8.93665e-24
  9.32656e-24
  9.81284e-24
  1.03328e-23
  1.08769e-23
  1.14465e-23
  1.20407e-23
  1.26611e-23
  1.33060e-23
  1.39764e-23
  1.46703e-23
  1.54043e-23
  1.62935e-23
  1.72437e-23
  1.82372e-23
  1.92774e-23
  2.03618e-23
  2.14931e-23
  2.26688e-23
  2.38910e-23
  2.51572e-23
  2.64920e-23
   Cooling for Wiersma, Schaye and Smith (2008), NO COMPTON.
   11 < z < 9.89 (highz) log(T) = 2-8 K, log(dT) = 0.05, log(n_H) = -1
 , [Z/Zsol] = -3.0
