 -2.94280e-23
 -2.83995e-23
 -2.73016e-23
 -2.62039e-23
 -2.51060e-23
 -2.40044e-23
 -2.29080e-23
 -2.18277e-23
 -2.07594e-23
 -1.97066e-23
 -1.86647e-23
 -1.76493e-23
 -1.66570e-23
 -1.56904e-23
 -1.47504e-23
 -1.38386e-23
 -1.29557e-23
 -1.21029e-23
 -1.12809e-23
 -1.04907e-23
 -9.73223e-24
 -8.91481e-24
 -8.20885e-24
 -7.53585e-24
 -6.89546e-24
 -6.28636e-24
 -5.70694e-24
 -5.15375e-24
 -4.62472e-24
 -4.11509e-24
 -3.62049e-24
 -3.13351e-24
 -2.64751e-24
 -2.14737e-24
 -1.61357e-24
 -1.03530e-24
 -3.72392e-25
  4.27539e-25
  1.45553e-24
  2.78681e-24
  4.59128e-24
  6.95646e-24
  1.05514e-23
  1.61700e-23
  2.52040e-23
  3.86199e-23
  5.61650e-23
  7.38164e-23
  8.64945e-23
  9.42007e-23
  1.01040e-22
  1.11145e-22
  1.26806e-22
  1.49462e-22
  1.80871e-22
  2.23745e-22
  2.81973e-22
  3.53640e-22
  4.22013e-22
  4.69807e-22
  4.98081e-22
  4.99193e-22
  4.81050e-22
  4.76040e-22
  4.89417e-22
  5.03351e-22
  5.11166e-22
  5.18674e-22
  5.04436e-22
  4.23385e-22
  3.07587e-22
  2.33700e-22
  2.02367e-22
  1.92750e-22
  1.88168e-22
  1.78950e-22
  1.64776e-22
  1.55529e-22
  1.54628e-22
  1.57366e-22
  1.57674e-22
  1.53151e-22
  1.45392e-22
  1.35008e-22
  1.20966e-22
  1.02493e-22
  8.28005e-23
  6.65108e-23
  5.47523e-23
  4.60088e-23
  3.90276e-23
  3.38903e-23
  3.05220e-23
  2.85743e-23
  2.76631e-23
  2.74492e-23
  2.77307e-23
  2.83476e-23
  2.90526e-23
  2.95616e-23
  2.96407e-23
  2.91921e-23
  2.80694e-23
  2.64094e-23
  2.45417e-23
  2.28818e-23
  2.17051e-23
  2.10136e-23
  2.07419e-23
  2.07659e-23
  2.10419e-23
  2.16256e-23
  2.23900e-23
  2.32838e-23
  2.42995e-23
  2.54184e-23
  2.66383e-23
  2.79509e-23
  2.93818e-23
  3.08419e-23
  3.23998e-23
   Cooling for Wiersma, Schaye and Smith (2008).
   Redshift = 3.0 log(T) = 2-8 K, log(dT) = 0.05, log(n_H) = -1 , [Z/Zsol] = 0.0
