  7.22013e-35
  8.56142e-35
  1.00540e-34
  1.17427e-34
  1.36395e-34
  1.57721e-34
  1.81507e-34
  2.08052e-34
  2.37406e-34
  2.68908e-34
  3.03988e-34
  3.41679e-34
  3.82906e-34
  4.28601e-34
  4.77864e-34
  5.29710e-34
  5.65998e-34
  6.40959e-34
  7.10767e-34
  7.47259e-34
  8.23086e-34
  9.96690e-34
  1.07706e-33
  1.04790e-33
  1.20027e-33
  1.53522e-33
  1.59386e-33
  1.45303e-33
  1.80080e-33
  2.43338e-33
  2.39933e-33
  2.12977e-33
  9.47148e-33
  9.00182e-32
  5.42261e-31
  2.65596e-30
  1.32152e-29
  5.80817e-29
  2.56355e-28
  1.15168e-27
  1.14043e-26
  1.76115e-25
  2.84921e-24
  2.35199e-23
  8.54240e-23
  1.29943e-22
  1.21867e-22
  9.76434e-23
  7.69093e-23
  6.27204e-23
  5.22639e-23
  4.34534e-23
  3.65910e-23
  3.26019e-23
  3.25533e-23
  3.89752e-23
  5.53922e-23
  8.01927e-23
  9.92930e-23
  9.98317e-23
  8.80503e-23
  7.35966e-23
  6.07560e-23
  5.11842e-23
  4.45282e-23
  3.96706e-23
  3.58885e-23
  3.30681e-23
  3.02392e-23
  2.58240e-23
  1.98798e-23
  1.64182e-23
  1.45352e-23
  1.35328e-23
  1.28295e-23
  1.20398e-23
  1.12031e-23
  1.06166e-23
  1.03661e-23
  1.02922e-23
  1.01894e-23
  1.00057e-23
  9.75628e-24
  9.45572e-24
  9.06570e-24
  8.55908e-24
  8.03382e-24
  7.63433e-24
  7.39403e-24
  7.26359e-24
  7.20587e-24
  7.27051e-24
  7.41259e-24
  7.61646e-24
  7.86947e-24
  8.16028e-24
  8.48205e-24
  8.82894e-24
  9.19296e-24
  9.56426e-24
  9.94407e-24
  1.04011e-23
  1.08700e-23
  1.13457e-23
  1.18397e-23
  1.23638e-23
  1.29284e-23
  1.35312e-23
  1.41716e-23
  1.48436e-23
  1.55620e-23
  1.64400e-23
  1.73824e-23
  1.83703e-23
  1.94069e-23
  2.04891e-23
  2.16193e-23
  2.27948e-23
  2.40175e-23
  2.52845e-23
  2.66205e-23
   Cooling for Wiersma, Schaye and Smith (2008), NO COMPTON.
   z > 11 (photodis) log(T) = 2-8 K, log(dT) = 0.05, log(n_H) = 0 , [Z/Zsol] = 
-1.5
