 -4.38111e-24
 -4.33663e-24
 -4.28858e-24
 -4.23900e-24
 -4.18798e-24
 -4.13539e-24
 -4.08135e-24
 -4.02576e-24
 -3.96870e-24
 -3.91010e-24
 -3.85001e-24
 -3.78839e-24
 -3.72528e-24
 -3.65948e-24
 -3.59149e-24
 -3.52341e-24
 -3.45379e-24
 -3.38259e-24
 -3.30984e-24
 -3.23550e-24
 -3.15956e-24
 -3.08163e-24
 -3.00236e-24
 -2.92147e-24
 -2.83892e-24
 -2.75473e-24
 -2.66876e-24
 -2.58105e-24
 -2.49149e-24
 -2.40008e-24
 -2.30661e-24
 -2.21077e-24
 -2.11259e-24
 -2.01187e-24
 -1.90829e-24
 -1.80137e-24
 -1.69072e-24
 -1.56725e-24
 -1.40089e-24
 -1.08408e-24
 -1.95020e-25
  2.31606e-24
  9.38211e-24
  2.57739e-23
  5.69768e-23
  9.22396e-23
  1.04316e-22
  9.31612e-23
  7.56699e-23
  6.08817e-23
  5.01957e-23
  4.22222e-23
  3.60641e-23
  3.23974e-23
  3.24434e-23
  3.88879e-23
  5.53318e-23
  8.01194e-23
  9.92289e-23
  9.97872e-23
  8.80290e-23
  7.35871e-23
  6.07512e-23
  5.11814e-23
  4.45255e-23
  3.96687e-23
  3.58873e-23
  3.30671e-23
  3.02387e-23
  2.58239e-23
  1.98797e-23
  1.64189e-23
  1.45364e-23
  1.35343e-23
  1.28311e-23
  1.20417e-23
  1.12053e-23
  1.06192e-23
  1.03692e-23
  1.02957e-23
  1.01933e-23
  1.00102e-23
  9.76129e-24
  9.46136e-24
  9.07215e-24
  8.56635e-24
  8.04198e-24
  7.64331e-24
  7.40412e-24
  7.27507e-24
  7.21878e-24
  7.28502e-24
  7.42889e-24
  7.63476e-24
  7.89001e-24
  8.18334e-24
  8.50792e-24
  8.85797e-24
  9.22557e-24
  9.60093e-24
  9.98491e-24
  1.04470e-23
  1.09215e-23
  1.14035e-23
  1.19046e-23
  1.24366e-23
  1.30102e-23
  1.36229e-23
  1.42746e-23
  1.49591e-23
  1.56917e-23
  1.65855e-23
  1.75457e-23
  1.85535e-23
  1.96126e-23
  2.07198e-23
  2.18783e-23
  2.30854e-23
  2.43436e-23
  2.56505e-23
  2.70312e-23
   Cooling for Wiersma, Schaye and Smith (2008).
   Redshift = 4.0 log(T) = 2-8 K, log(dT) = 0.05, log(n_H) = 0 , [Z/Zsol] = -1.5
