 -2.95384e-23
 -2.85844e-23
 -2.75680e-23
 -2.65597e-23
 -2.55582e-23
 -2.45652e-23
 -2.35822e-23
 -2.26121e-23
 -2.16551e-23
 -2.07132e-23
 -1.97866e-23
 -1.88783e-23
 -1.79884e-23
 -1.71187e-23
 -1.62696e-23
 -1.54425e-23
 -1.46378e-23
 -1.38564e-23
 -1.30988e-23
 -1.23655e-23
 -1.16568e-23
 -1.09634e-23
 -1.03032e-23
 -9.66798e-24
 -9.05789e-24
 -8.47234e-24
 -7.91142e-24
 -7.37403e-24
 -6.86040e-24
 -6.36886e-24
 -5.89934e-24
 -5.44898e-24
 -5.01824e-24
 -4.60407e-24
 -4.20505e-24
 -3.81831e-24
 -3.44062e-24
 -3.06330e-24
 -2.67339e-24
 -2.24524e-24
 -1.70078e-24
 -8.82690e-25
  6.65352e-25
  3.69350e-24
  9.60570e-24
  1.95693e-23
  3.32654e-23
  4.60479e-23
  5.20648e-23
  5.10586e-23
  4.66661e-23
  4.23015e-23
  3.94192e-23
  3.88541e-23
  4.18591e-23
  5.11400e-23
  7.03703e-23
  9.81852e-23
  1.20885e-22
  1.25249e-22
  1.16670e-22
  1.03493e-22
  9.03579e-23
  8.11411e-23
  7.59125e-23
  7.23896e-23
  6.94325e-23
  6.73419e-23
  6.37052e-23
  5.38819e-23
  4.01897e-23
  3.17609e-23
  2.78014e-23
  2.61922e-23
  2.52158e-23
  2.38318e-23
  2.20549e-23
  2.08587e-23
  2.05639e-23
  2.06901e-23
  2.06180e-23
  2.01299e-23
  1.93524e-23
  1.83423e-23
  1.69909e-23
  1.52187e-23
  1.33435e-23
  1.18260e-23
  1.07767e-23
  1.00430e-23
  9.50184e-24
  9.20526e-24
  9.10627e-24
  9.16583e-24
  9.34515e-24
  9.60988e-24
  9.93952e-24
  1.03175e-23
  1.07191e-23
  1.11152e-23
  1.14907e-23
  1.19028e-23
  1.22807e-23
  1.26295e-23
  1.29837e-23
  1.33837e-23
  1.38588e-23
  1.44079e-23
  1.50264e-23
  1.57001e-23
  1.64407e-23
  1.73578e-23
  1.83552e-23
  1.94120e-23
  2.05323e-23
  2.17124e-23
  2.29563e-23
  2.42617e-23
  2.56353e-23
  2.70670e-23
  2.85885e-23
   Cooling for Wiersma, Schaye and Smith (2008).
   Redshift = 3.0 log(T) = 2-8 K, log(dT) = 0.05, log(n_H) = -1 , [Z/Zsol] = 
-1.0
