 -2.21469e-22
 -2.14557e-22
 -2.07930e-22
 -2.01734e-22
 -1.95839e-22
 -1.90126e-22
 -1.84680e-22
 -1.79360e-22
 -1.74133e-22
 -1.69082e-22
 -1.64128e-22
 -1.59242e-22
 -1.54397e-22
 -1.49507e-22
 -1.44662e-22
 -1.39850e-22
 -1.35058e-22
 -1.30261e-22
 -1.25532e-22
 -1.20856e-22
 -1.16140e-22
 -1.11437e-22
 -1.06832e-22
 -1.02294e-22
 -9.77516e-23
 -9.32658e-23
 -8.88633e-23
 -8.45719e-23
 -8.03458e-23
 -7.61627e-23
 -7.19887e-23
 -6.78671e-23
 -6.38017e-23
 -5.97207e-23
 -5.56108e-23
 -5.14437e-23
 -4.71428e-23
 -4.27172e-23
 -3.81415e-23
 -3.33295e-23
 -2.82720e-23
 -2.28942e-23
 -1.71132e-23
 -1.09115e-23
 -4.26775e-24
  2.95319e-24
  1.08167e-23
  1.93501e-23
  2.87156e-23
  3.90023e-23
  5.03052e-23
  6.27856e-23
  7.65232e-23
  9.18207e-23
  1.08899e-22
  1.27966e-22
  1.49626e-22
  1.74640e-22
  2.03125e-22
  2.36111e-22
  2.72530e-22
  3.11951e-22
  3.52874e-22
  3.95951e-22
  4.43421e-22
  4.95155e-22
  5.53210e-22
  6.18992e-22
  6.93268e-22
  7.77228e-22
  8.71633e-22
  9.78121e-22
  1.09940e-21
  1.23369e-21
  1.38260e-21
  1.54721e-21
  1.72982e-21
  1.93567e-21
  2.16627e-21
  2.42741e-21
  2.72015e-21
  3.04978e-21
  3.41915e-21
  3.83492e-21
  4.30078e-21
  4.82467e-21
  5.41175e-21
  6.07147e-21
  6.81097e-21
  7.64145e-21
  8.57276e-21
  9.61812e-21
  1.07910e-20
  1.21068e-20
  1.35837e-20
  1.52398e-20
  1.70997e-20
  1.91840e-20
  2.15257e-20
  2.41484e-20
  2.70966e-20
  3.03972e-20
  3.41095e-20
  3.82637e-20
  4.29384e-20
  4.81669e-20
  5.40534e-20
  6.06342e-20
  6.80465e-20
  7.63290e-20
  8.56627e-20
  9.60904e-20
  1.07840e-19
  1.20971e-19
  1.35760e-19
  1.52295e-19
  1.70907e-19
  1.91729e-19
  2.15155e-19
  2.41374e-19
  2.70858e-19
   Cooling for Wiersma, Schaye and Smith (2008).
   Redshift = 7.0 log(T) = 2-8 K, log(dT) = 0.05, log(n_H) = -5 , [Z/Zsol] = 0.0
