 -1.08197e-24
 -1.07656e-24
 -1.07085e-24
 -1.06492e-24
 -1.05877e-24
 -1.05239e-24
 -1.04576e-24
 -1.03888e-24
 -1.03174e-24
 -1.02432e-24
 -1.01661e-24
 -1.00860e-24
 -1.00027e-24
 -9.91607e-25
 -9.82604e-25
 -9.73236e-25
 -9.63492e-25
 -9.53347e-25
 -9.42784e-25
 -9.31775e-25
 -9.20296e-25
 -9.08295e-25
 -8.95767e-25
 -8.82687e-25
 -8.69015e-25
 -8.54731e-25
 -8.39767e-25
 -8.24120e-25
 -8.07726e-25
 -7.90572e-25
 -7.72557e-25
 -7.53576e-25
 -7.33599e-25
 -7.12625e-25
 -6.90522e-25
 -6.67190e-25
 -6.42889e-25
 -6.09789e-25
 -5.35538e-25
 -2.95349e-25
  6.25786e-25
  3.58742e-24
  1.26068e-23
  3.51166e-23
  7.93736e-23
  1.18678e-22
  1.17390e-22
  9.62700e-23
  7.56656e-23
  6.06946e-23
  4.97415e-23
  4.07091e-23
  3.34288e-23
  2.87556e-23
  2.77558e-23
  3.30488e-23
  4.80946e-23
  7.12782e-23
  8.87963e-23
  8.77808e-23
  7.48849e-23
  6.00438e-23
  4.74288e-23
  3.77351e-23
  3.04446e-23
  2.49996e-23
  2.08558e-23
  1.77091e-23
  1.52392e-23
  1.32519e-23
  1.07920e-23
  9.56521e-24
  8.61863e-24
  7.89252e-24
  7.31529e-24
  6.79596e-24
  6.38591e-24
  6.07897e-24
  5.85504e-24
  5.69865e-24
  5.58993e-24
  5.55153e-24
  5.54857e-24
  5.57692e-24
  5.62979e-24
  5.70395e-24
  5.79909e-24
  5.91818e-24
  6.06009e-24
  6.22217e-24
  6.40597e-24
  6.66042e-24
  6.94187e-24
  7.24557e-24
  7.57108e-24
  7.91785e-24
  8.28580e-24
  8.67449e-24
  9.08428e-24
  9.51457e-24
  9.97510e-24
  1.05404e-23
  1.11494e-23
  1.17929e-23
  1.24745e-23
  1.31940e-23
  1.39554e-23
  1.47579e-23
  1.56059e-23
  1.64982e-23
  1.74558e-23
  1.85948e-23
  1.98265e-23
  2.11345e-23
  2.25290e-23
  2.40095e-23
  2.55866e-23
  2.72611e-23
  2.90445e-23
  3.09388e-23
  3.29801e-23
   Cooling for Wiersma, Schaye and Smith (2008).
   Redshift = 9.0 log(T) = 2-8 K, log(dT) = 0.05, log(n_H) = 0 , [Z/Zsol] = -3.0
