 -1.63060e-23
 -1.56070e-23
 -1.48451e-23
 -1.40598e-23
 -1.32531e-23
 -1.24179e-23
 -1.15710e-23
 -1.07266e-23
 -9.88288e-24
 -9.04602e-24
 -8.21024e-24
 -7.40242e-24
 -6.61783e-24
 -5.86074e-24
 -5.13269e-24
 -4.43608e-24
 -3.77081e-24
 -3.13746e-24
 -2.53669e-24
 -1.96857e-24
 -1.43247e-24
 -7.02089e-25
 -2.06666e-25
  2.58661e-25
  6.96219e-25
  1.11067e-24
  1.50781e-24
  1.89594e-24
  2.28431e-24
  2.68437e-24
  3.11181e-24
  3.58367e-24
  4.12393e-24
  4.77601e-24
  5.59449e-24
  6.62699e-24
  8.01249e-24
  9.90660e-24
  1.26138e-23
  1.63530e-23
  2.15547e-23
  2.80544e-23
  3.72652e-23
  5.02595e-23
  6.85588e-23
  9.24326e-23
  1.20947e-22
  1.49996e-22
  1.76216e-22
  2.02484e-22
  2.35661e-22
  2.81222e-22
  3.42107e-22
  4.20310e-22
  5.18324e-22
  6.40230e-22
  7.90434e-22
  9.67135e-22
  1.14538e-21
  1.29780e-21
  1.41486e-21
  1.45020e-21
  1.41991e-21
  1.42490e-21
  1.48298e-21
  1.53900e-21
  1.57289e-21
  1.60366e-21
  1.56402e-21
  1.31164e-21
  9.50226e-22
  7.19017e-22
  6.21858e-22
  5.92975e-22
  5.79721e-22
  5.51682e-22
  5.07722e-22
  4.79107e-22
  4.76718e-22
  4.85727e-22
  4.86972e-22
  4.72749e-22
  4.48212e-22
  4.15308e-22
  3.70779e-22
  3.12169e-22
  2.49624e-22
  1.97721e-22
  1.59949e-22
  1.31447e-22
  1.08947e-22
  9.31049e-23
  8.18384e-23
  7.51093e-23
  7.15941e-23
  7.02196e-23
  7.03735e-23
  7.15512e-23
  7.29707e-23
  7.37348e-23
  7.30833e-23
  7.05469e-23
  6.57964e-23
  5.92849e-23
  5.20504e-23
  4.54096e-23
  4.02279e-23
  3.65155e-23
  3.40602e-23
  3.24726e-23
  3.15753e-23
  3.12944e-23
  3.14277e-23
  3.18497e-23
  3.25241e-23
  3.33955e-23
  3.44444e-23
  3.56338e-23
  3.69448e-23
  3.83349e-23
  3.98221e-23
   Cooling for Wiersma, Schaye and Smith (2008).
   Redshift = 0.0 log(T) = 2-8 K, log(dT) = 0.05, log(n_H) = -2 , [Z/Zsol] = 
0.50
