 -9.24564e-23
 -8.81686e-23
 -8.40839e-23
 -8.02313e-23
 -7.65559e-23
 -7.30551e-23
 -6.97071e-23
 -6.64839e-23
 -6.33911e-23
 -6.04794e-23
 -5.76620e-23
 -5.49457e-23
 -5.23417e-23
 -4.98533e-23
 -4.74528e-23
 -4.51336e-23
 -4.29084e-23
 -4.07762e-23
 -3.87159e-23
 -3.67252e-23
 -3.48165e-23
 -3.29849e-23
 -3.12157e-23
 -2.95089e-23
 -2.78798e-23
 -2.63086e-23
 -2.47917e-23
 -2.33399e-23
 -2.19578e-23
 -2.06321e-23
 -1.93640e-23
 -1.81468e-23
 -1.69780e-23
 -1.58622e-23
 -1.48058e-23
 -1.37969e-23
 -1.28375e-23
 -1.19126e-23
 -1.10480e-23
 -1.02241e-23
 -9.43306e-24
 -8.68758e-24
 -7.97642e-24
 -7.29793e-24
 -6.65238e-24
 -6.02962e-24
 -5.42585e-24
 -4.82965e-24
 -4.23171e-24
 -3.62793e-24
 -3.00102e-24
 -2.34362e-24
 -1.64707e-24
 -8.85348e-25
 -5.30287e-28
  1.12981e-24
  2.70096e-24
  4.99922e-24
  8.30408e-24
  1.26445e-23
  1.74613e-23
  2.15660e-23
  2.37204e-23
  2.36539e-23
  2.21090e-23
  1.98594e-23
  1.75302e-23
  1.54094e-23
  1.35769e-23
  1.20533e-23
  1.01998e-23
  9.21089e-24
  8.42746e-24
  7.81291e-24
  7.32712e-24
  6.89511e-24
  6.57087e-24
  6.34877e-24
  6.19957e-24
  6.11651e-24
  6.08575e-24
  6.13124e-24
  6.21874e-24
  6.34524e-24
  6.50600e-24
  6.70123e-24
  6.93266e-24
  7.20359e-24
  7.51394e-24
  7.86315e-24
  8.25539e-24
  8.74249e-24
  9.28375e-24
  9.87794e-24
  1.05288e-23
  1.12401e-23
  1.20172e-23
  1.28643e-23
  1.37893e-23
  1.47970e-23
  1.59070e-23
  1.71998e-23
  1.86270e-23
  2.01863e-23
  2.18981e-23
  2.37693e-23
  2.58268e-23
  2.80776e-23
  3.05567e-23
  3.32712e-23
  3.62821e-23
  3.97149e-23
  4.35312e-23
  4.77275e-23
  5.23748e-23
  5.74922e-23
  6.31631e-23
  6.94173e-23
  7.63530e-23
  8.40140e-23
  9.25398e-23
   Cooling for Wiersma, Schaye and Smith (2008).
   Redshift = 0.0 log(T) = 2-8 K, log(dT) = 0.05, log(n_H) = -5 , [Z/Zsol] = 
-3.0
