  8.12736e-35
  7.94413e-35
  7.73287e-35
  7.49341e-35
  7.23766e-35
  6.94269e-35
  6.60362e-35
  6.23619e-35
  5.82334e-35
  5.36192e-35
  4.84555e-35
  4.24506e-35
  3.59937e-35
  2.86419e-35
  2.04598e-35
  1.12428e-35
  2.01786e-37
 -1.25224e-35
 -2.49425e-35
 -3.49709e-35
 -5.13442e-35
 -6.23646e-35
 -7.59018e-35
 -9.33086e-35
 -1.01917e-34
 -1.17566e-34
 -1.20875e-34
 -1.36503e-34
 -1.32436e-34
 -1.42218e-34
 -1.28554e-34
 -1.23319e-34
 -7.07831e-35
  3.75752e-34
  7.45527e-33
  8.17724e-32
  8.62316e-31
  6.39505e-30
  5.49477e-29
  5.31358e-28
  1.05762e-26
  1.87291e-25
  2.96205e-24
  2.36549e-23
  8.50634e-23
  1.29229e-22
  1.21057e-22
  9.67015e-23
  7.57489e-23
  6.12497e-23
  5.03767e-23
  4.10295e-23
  3.34923e-23
  2.86836e-23
  2.76478e-23
  3.29076e-23
  4.79718e-23
  7.12320e-23
  8.87204e-23
  8.77230e-23
  7.46329e-23
  5.96723e-23
  4.70108e-23
  3.72929e-23
  2.99820e-23
  2.45122e-23
  2.03544e-23
  1.71949e-23
  1.47346e-23
  1.28244e-23
  1.04759e-23
  9.31951e-24
  8.40069e-24
  7.68046e-24
  7.10387e-24
  6.58947e-24
  6.18899e-24
  5.88629e-24
  5.65777e-24
  5.49255e-24
  5.37677e-24
  5.33539e-24
  5.33185e-24
  5.36122e-24
  5.41769e-24
  5.49859e-24
  5.60031e-24
  5.72095e-24
  5.85810e-24
  6.01038e-24
  6.18035e-24
  6.41663e-24
  6.67530e-24
  6.95160e-24
  7.24506e-24
  7.55506e-24
  7.88117e-24
  8.22265e-24
  8.57935e-24
  8.95042e-24
  9.34485e-24
  9.83678e-24
  1.03637e-23
  1.09159e-23
  1.14946e-23
  1.20986e-23
  1.27292e-23
  1.33847e-23
  1.40667e-23
  1.47731e-23
  1.55209e-23
  1.64253e-23
  1.73924e-23
  1.84047e-23
  1.94661e-23
  2.05740e-23
  2.17317e-23
  2.29369e-23
  2.41923e-23
  2.54957e-23
  2.68724e-23
   Cooling for Wiersma, Schaye and Smith (2008), NO COMPTON.
   z > 11 (photodis) log(T) = 2-8 K, log(dT) = 0.05, log(n_H) = -4 , [Z/Zsol] = 
-Inf
