 -5.38880e-23
 -5.10253e-23
 -4.82151e-23
 -4.55116e-23
 -4.29074e-23
 -4.04031e-23
 -3.79994e-23
 -3.57035e-23
 -3.35055e-23
 -3.14086e-23
 -2.94029e-23
 -2.74980e-23
 -2.56854e-23
 -2.39659e-23
 -2.23347e-23
 -2.07910e-23
 -1.93309e-23
 -1.79528e-23
 -1.66534e-23
 -1.54304e-23
 -1.42807e-23
 -1.31738e-23
 -1.21572e-23
 -1.12018e-23
 -1.03151e-23
 -9.48872e-24
 -8.71436e-24
 -7.98998e-24
 -7.31773e-24
 -6.68959e-24
 -6.10036e-24
 -5.54473e-24
 -5.02233e-24
 -4.52119e-24
 -4.03720e-24
 -3.56509e-24
 -3.09688e-24
 -2.61287e-24
 -2.09324e-24
 -1.51992e-24
 -8.52995e-25
 -4.09295e-26
  1.05148e-24
  2.62216e-24
  5.06253e-24
  8.83637e-24
  1.45205e-23
  2.22223e-23
  3.11879e-23
  3.95440e-23
  4.58161e-23
  5.03875e-23
  5.49749e-23
  6.14311e-23
  7.20182e-23
  8.96357e-23
  1.17982e-22
  1.55796e-22
  1.89479e-22
  2.04928e-22
  2.05679e-22
  1.96417e-22
  1.82646e-22
  1.74695e-22
  1.73929e-22
  1.74692e-22
  1.74416e-22
  1.74416e-22
  1.67936e-22
  1.41298e-22
  1.03802e-22
  8.01378e-23
  6.98279e-23
  6.63815e-23
  6.45667e-23
  6.13390e-23
  5.66869e-23
  5.36831e-23
  5.33457e-23
  5.41857e-23
  5.43005e-23
  5.29499e-23
  5.06149e-23
  4.74779e-23
  4.32118e-23
  3.75831e-23
  3.16130e-23
  2.67544e-23
  2.33462e-23
  2.09041e-23
  1.91093e-23
  1.80743e-23
  1.75539e-23
  1.75458e-23
  1.79237e-23
  1.85859e-23
  1.94788e-23
  2.05578e-23
  2.17549e-23
  2.29873e-23
  2.42037e-23
  2.54273e-23
  2.65899e-23
  2.77379e-23
  2.90011e-23
  3.05202e-23
  3.24156e-23
  3.46978e-23
  3.73899e-23
  4.04635e-23
  4.39727e-23
  4.80273e-23
  5.25943e-23
  5.76636e-23
  6.33219e-23
  6.95893e-23
  7.65705e-23
  8.43010e-23
  9.29052e-23
  1.02436e-22
  1.13066e-22
   Cooling for Wiersma, Schaye and Smith (2008).
   Redshift = 5.0 log(T) = 2-8 K, log(dT) = 0.05, log(n_H) = -2 , [Z/Zsol] = 
****
