 -1.07266e-22
 -1.02108e-22
 -9.73283e-23
 -9.27567e-23
 -8.85011e-23
 -8.44710e-23
 -8.06526e-23
 -7.70837e-23
 -7.36527e-23
 -7.04507e-23
 -6.74183e-23
 -6.45138e-23
 -6.17443e-23
 -5.91217e-23
 -5.66259e-23
 -5.42428e-23
 -5.19628e-23
 -4.97690e-23
 -4.76557e-23
 -4.56339e-23
 -4.36971e-23
 -4.18302e-23
 -4.00295e-23
 -3.82828e-23
 -3.65958e-23
 -3.49563e-23
 -3.33764e-23
 -3.18482e-23
 -3.03599e-23
 -2.89132e-23
 -2.75189e-23
 -2.61664e-23
 -2.48481e-23
 -2.35677e-23
 -2.23356e-23
 -2.11416e-23
 -1.99800e-23
 -1.88548e-23
 -1.77685e-23
 -1.67245e-23
 -1.57175e-23
 -1.47425e-23
 -1.37966e-23
 -1.28836e-23
 -1.20091e-23
 -1.11642e-23
 -1.03458e-23
 -9.54858e-24
 -8.76567e-24
 -7.99407e-24
 -7.22784e-24
 -6.45217e-24
 -5.63044e-24
 -4.69552e-24
 -3.46575e-24
 -1.60693e-24
  1.41972e-24
  6.28010e-24
  1.33196e-23
  2.16851e-23
  2.87873e-23
  3.19711e-23
  3.11629e-23
  2.79932e-23
  2.41855e-23
  2.06450e-23
  1.76019e-23
  1.51350e-23
  1.31429e-23
  1.15621e-23
  9.83540e-24
  8.83753e-24
  8.09098e-24
  7.51597e-24
  7.09437e-24
  6.71363e-24
  6.41796e-24
  6.21932e-24
  6.04314e-24
  5.89168e-24
  5.74305e-24
  5.61585e-24
  5.50358e-24
  5.43238e-24
  5.41044e-24
  5.43693e-24
  5.50464e-24
  5.60648e-24
  5.73585e-24
  5.88759e-24
  6.06258e-24
  6.30896e-24
  6.58250e-24
  6.87837e-24
  7.19635e-24
  7.53643e-24
  7.89966e-24
  8.28334e-24
  8.68814e-24
  9.11258e-24
  9.56496e-24
  1.01188e-23
  1.07122e-23
  1.13370e-23
  1.19976e-23
  1.26946e-23
  1.34320e-23
  1.42087e-23
  1.50287e-23
  1.58904e-23
  1.68141e-23
  1.79160e-23
  1.91062e-23
  2.03682e-23
  2.17111e-23
  2.31340e-23
  2.46463e-23
  2.62483e-23
  2.79501e-23
  2.97528e-23
  3.16909e-23
   Cooling for Wiersma, Schaye and Smith (2008), NO COMPTON.
   11 < z < 9.89 (highz) log(T) = 2-8 K, log(dT) = 0.05, log(n_H) = -5
 , [Z/Zsol] = -2.0
