 -6.47427e-23
 -6.05631e-23
 -5.66408e-23
 -5.29996e-23
 -4.95817e-23
 -4.63870e-23
 -4.33740e-23
 -4.05592e-23
 -3.79480e-23
 -3.54815e-23
 -3.31849e-23
 -3.10453e-23
 -2.90249e-23
 -2.71573e-23
 -2.54023e-23
 -2.37576e-23
 -2.22335e-23
 -2.07970e-23
 -1.94589e-23
 -1.82129e-23
 -1.70379e-23
 -1.59480e-23
 -1.49263e-23
 -1.39655e-23
 -1.30760e-23
 -1.22354e-23
 -1.14501e-23
 -1.07170e-23
 -1.00271e-23
 -9.37973e-24
 -8.77191e-24
 -8.19898e-24
 -7.66184e-24
 -7.15460e-24
 -6.67537e-24
 -6.22162e-24
 -5.79284e-24
 -5.38505e-24
 -4.99881e-24
 -4.62910e-24
 -4.27283e-24
 -3.92349e-24
 -3.57479e-24
 -3.20875e-24
 -2.79551e-24
 -2.29425e-24
 -1.63970e-24
 -7.66765e-25
  4.03117e-25
  1.90105e-24
  3.71035e-24
  5.71793e-24
  7.78686e-24
  9.93710e-24
  1.26227e-23
  1.70016e-23
  2.49012e-23
  3.76460e-23
  5.28542e-23
  6.29674e-23
  6.31878e-23
  5.63515e-23
  4.75895e-23
  3.97195e-23
  3.33926e-23
  2.85295e-23
  2.47385e-23
  2.17847e-23
  1.92385e-23
  1.66166e-23
  1.32939e-23
  1.14988e-23
  1.03196e-23
  9.52934e-24
  8.92336e-24
  8.32950e-24
  7.80672e-24
  7.43320e-24
  7.21264e-24
  7.08798e-24
  6.98872e-24
  6.91632e-24
  6.85061e-24
  6.79180e-24
  6.72456e-24
  6.64081e-24
  6.56874e-24
  6.55128e-24
  6.59764e-24
  6.69102e-24
  6.82181e-24
  7.03923e-24
  7.29984e-24
  7.59945e-24
  7.93002e-24
  8.29036e-24
  8.67825e-24
  9.09756e-24
  9.54167e-24
  1.00109e-23
  1.05147e-23
  1.11289e-23
  1.17886e-23
  1.24853e-23
  1.32233e-23
  1.40076e-23
  1.48466e-23
  1.57396e-23
  1.66920e-23
  1.77036e-23
  1.87977e-23
  2.00902e-23
  2.14970e-23
  2.30014e-23
  2.46178e-23
  2.63467e-23
  2.82039e-23
  3.01918e-23
  3.23279e-23
  3.46171e-23
  3.71022e-23
   Cooling for Wiersma, Schaye and Smith (2008).
   Redshift = 1.0 log(T) = 2-8 K, log(dT) = 0.05, log(n_H) = -3 , [Z/Zsol] = 
-2.0
