 -2.59251e-22
 -2.47509e-22
 -2.36179e-22
 -2.25115e-22
 -2.14405e-22
 -2.04161e-22
 -1.94266e-22
 -1.84723e-22
 -1.75507e-22
 -1.66570e-22
 -1.57946e-22
 -1.49711e-22
 -1.41813e-22
 -1.34236e-22
 -1.26967e-22
 -1.19977e-22
 -1.13276e-22
 -1.06905e-22
 -1.00873e-22
 -9.50190e-23
 -8.95483e-23
 -8.43202e-23
 -7.93113e-23
 -7.46145e-23
 -7.00975e-23
 -6.58917e-23
 -6.18476e-23
 -5.80810e-23
 -5.44731e-23
 -5.11151e-23
 -4.79124e-23
 -4.48863e-23
 -4.20833e-23
 -3.94027e-23
 -3.69055e-23
 -3.45560e-23
 -3.23367e-23
 -3.02493e-23
 -2.83235e-23
 -2.64838e-23
 -2.47623e-23
 -2.31425e-23
 -2.16381e-23
 -2.02212e-23
 -1.88861e-23
 -1.76316e-23
 -1.64555e-23
 -1.53490e-23
 -1.43098e-23
 -1.33445e-23
 -1.24236e-23
 -1.15504e-23
 -1.07247e-23
 -9.93457e-24
 -9.15855e-24
 -8.35489e-24
 -7.45827e-24
 -6.37422e-24
 -4.99449e-24
 -3.21445e-24
 -1.00558e-24
  1.52268e-24
  4.04323e-24
  6.10714e-24
  7.40175e-24
  7.83235e-24
  7.61216e-24
  6.98930e-24
  6.20610e-24
  5.40636e-24
  4.57553e-24
  3.94688e-24
  3.41930e-24
  2.99471e-24
  2.65488e-24
  2.33991e-24
  2.10640e-24
  1.94943e-24
  1.85428e-24
  1.81283e-24
  1.81619e-24
  1.89217e-24
  2.01027e-24
  2.16053e-24
  2.34290e-24
  2.55694e-24
  2.80084e-24
  3.07509e-24
  3.37926e-24
  3.71461e-24
  4.08610e-24
  4.54535e-24
  5.05138e-24
  5.60274e-24
  6.20278e-24
  6.85466e-24
  7.56270e-24
  8.33128e-24
  9.16654e-24
  1.00725e-23
  1.10671e-23
  1.22309e-23
  1.35128e-23
  1.49092e-23
  1.64375e-23
  1.81029e-23
  1.99283e-23
  2.19192e-23
  2.41049e-23
  2.64913e-23
  2.91321e-23
  3.21513e-23
  3.55012e-23
  3.91761e-23
  4.32360e-23
  4.76963e-23
  5.26274e-23
  5.80537e-23
  6.40578e-23
  7.06758e-23
  7.80286e-23
   Cooling for Wiersma, Schaye and Smith (2008), NO COMPTON.
   11 < z < 9.89 (highz) log(T) = 2-8 K, log(dT) = 0.05, log(n_H) = -6
 , [Z/Zsol] = -2.0
