 -7.38834e-23
 -6.91411e-23
 -6.46921e-23
 -6.05801e-23
 -5.66626e-23
 -5.30596e-23
 -4.96836e-23
 -4.64826e-23
 -4.35312e-23
 -4.07589e-23
 -3.81545e-23
 -3.57453e-23
 -3.34612e-23
 -3.13503e-23
 -2.93798e-23
 -2.75093e-23
 -2.57871e-23
 -2.41697e-23
 -2.26458e-23
 -2.12353e-23
 -1.98996e-23
 -1.86572e-23
 -1.74944e-23
 -1.64039e-23
 -1.53818e-23
 -1.44195e-23
 -1.35120e-23
 -1.26600e-23
 -1.18639e-23
 -1.11134e-23
 -1.04071e-23
 -9.73796e-24
 -9.10288e-24
 -8.50195e-24
 -7.94068e-24
 -7.40528e-24
 -6.89536e-24
 -6.40986e-24
 -5.95135e-24
 -5.51322e-24
 -5.09242e-24
 -4.68489e-24
 -4.28855e-24
 -3.89021e-24
 -3.47005e-24
 -3.00327e-24
 -2.44852e-24
 -1.76130e-24
 -8.88067e-25
  2.01000e-25
  1.51823e-24
  3.02157e-24
  4.64733e-24
  6.40878e-24
  8.56552e-24
  1.18177e-23
  1.73606e-23
  2.63980e-23
  3.82926e-23
  4.85172e-23
  5.20229e-23
  4.85731e-23
  4.19966e-23
  3.50897e-23
  2.91510e-23
  2.43619e-23
  2.05830e-23
  1.76484e-23
  1.53215e-23
  1.34598e-23
  1.11656e-23
  1.00427e-23
  9.19065e-24
  8.55767e-24
  8.07764e-24
  7.66411e-24
  7.37147e-24
  7.19510e-24
  7.11454e-24
  7.11745e-24
  7.18596e-24
  7.34647e-24
  7.56564e-24
  7.84307e-24
  8.17438e-24
  8.56154e-24
  9.00741e-24
  9.52035e-24
  1.01034e-23
  1.07605e-23
  1.14990e-23
  1.23759e-23
  1.33554e-23
  1.44424e-23
  1.56468e-23
  1.69791e-23
  1.84537e-23
  2.00831e-23
  2.18869e-23
  2.38789e-23
  2.60954e-23
  2.86272e-23
  3.14479e-23
  3.45666e-23
  3.80329e-23
  4.18667e-23
  4.61342e-23
  5.08559e-23
  5.61182e-23
  6.19428e-23
  6.84586e-23
  7.58072e-23
  8.40359e-23
  9.31634e-23
  1.03364e-22
  1.14691e-22
  1.27352e-22
  1.41426e-22
  1.57160e-22
  1.74668e-22
  1.94266e-22
   Cooling for Wiersma, Schaye and Smith (2008).
   Redshift = 3.0 log(T) = 2-8 K, log(dT) = 0.05, log(n_H) = -3 , [Z/Zsol] = 
-3.0
