  2.28952e-33
  2.70996e-33
  3.18205e-33
  3.71627e-33
  4.31632e-33
  4.99079e-33
  5.74358e-33
  6.58329e-33
  7.50891e-33
  8.51809e-33
  9.62391e-33
  1.08336e-32
  1.21485e-32
  1.35794e-32
  1.51342e-32
  1.68238e-32
  1.85898e-32
  2.03935e-32
  2.26026e-32
  2.35224e-32
  2.64144e-32
  2.88488e-32
  3.38160e-32
  3.89442e-32
  4.36169e-32
  5.84717e-32
  5.06039e-32
  2.78882e-32
  5.49405e-32
  2.82333e-31
  2.31342e-31
  4.12310e-32
  1.53410e-31
  7.04231e-31
  4.87858e-30
  6.55614e-30
  4.07881e-29
  1.66750e-28
  6.98554e-28
  2.59572e-27
  1.56561e-26
  2.01258e-25
  3.03132e-24
  2.39852e-23
  8.61498e-23
  1.31142e-22
  1.23471e-22
  9.96311e-23
  7.93966e-23
  6.58962e-23
  5.63659e-23
  4.87291e-23
  4.33282e-23
  4.11166e-23
  4.32165e-23
  5.21772e-23
  7.15597e-23
  9.97230e-23
  1.22309e-22
  1.26133e-22
  1.17135e-22
  1.03750e-22
  9.05018e-23
  8.12356e-23
  7.59902e-23
  7.24535e-23
  6.94821e-23
  6.73939e-23
  6.37670e-23
  5.39339e-23
  4.02136e-23
  3.17702e-23
  2.78030e-23
  2.61908e-23
  2.52135e-23
  2.38290e-23
  2.20500e-23
  2.08503e-23
  2.05525e-23
  2.06769e-23
  2.06038e-23
  2.01135e-23
  1.93336e-23
  1.83207e-23
  1.69667e-23
  1.51910e-23
  1.33106e-23
  1.17850e-23
  1.07222e-23
  9.96706e-24
  9.41875e-24
  9.14507e-24
  9.03761e-24
  9.09054e-24
  9.26150e-24
  9.51594e-24
  9.83405e-24
  1.01991e-23
  1.05862e-23
  1.09661e-23
  1.13234e-23
  1.17150e-23
  1.20700e-23
  1.23931e-23
  1.27184e-23
  1.30860e-23
  1.35248e-23
  1.40331e-23
  1.46057e-23
  1.52282e-23
  1.59112e-23
  1.67638e-23
  1.76884e-23
  1.86641e-23
  1.96929e-23
  2.07706e-23
  2.18994e-23
  2.30755e-23
  2.43005e-23
  2.55707e-23
  2.69104e-23
   Cooling for Wiersma, Schaye and Smith (2008), NO COMPTON.
   z > 11 (photodis) log(T) = 2-8 K, log(dT) = 0.05, log(n_H) = -2 , [Z/Zsol] = 
-1.0
