 -6.35804e-23
 -5.96404e-23
 -5.58835e-23
 -5.23375e-23
 -4.89803e-23
 -4.58139e-23
 -4.28237e-23
 -3.99876e-23
 -3.73230e-23
 -3.48465e-23
 -3.25032e-23
 -3.02837e-23
 -2.82061e-23
 -2.62722e-23
 -2.44493e-23
 -2.27320e-23
 -2.11293e-23
 -1.96233e-23
 -1.82246e-23
 -1.69176e-23
 -1.56965e-23
 -1.45467e-23
 -1.34734e-23
 -1.24741e-23
 -1.15492e-23
 -1.06738e-23
 -9.86873e-24
 -9.11655e-24
 -8.40942e-24
 -7.75603e-24
 -7.14073e-24
 -6.56931e-24
 -6.02999e-24
 -5.52243e-24
 -5.04889e-24
 -4.59550e-24
 -4.16744e-24
 -3.74996e-24
 -3.34192e-24
 -2.93823e-24
 -2.52295e-24
 -2.07830e-24
 -1.56386e-24
 -9.12483e-25
  6.28101e-27
  1.35867e-24
  3.39271e-24
  6.30400e-24
  1.02159e-23
  1.48075e-23
  1.94585e-23
  2.34010e-23
  2.65655e-23
  2.97339e-23
  3.48594e-23
  4.50167e-23
  6.40817e-23
  9.13328e-23
  1.14289e-22
  1.19745e-22
  1.11998e-22
  9.96815e-23
  8.75185e-23
  7.87646e-23
  7.36355e-23
  7.03168e-23
  6.75723e-23
  6.52526e-23
  6.12665e-23
  5.18205e-23
  3.90422e-23
  3.11887e-23
  2.74738e-23
  2.59211e-23
  2.49463e-23
  2.35439e-23
  2.18171e-23
  2.06946e-23
  2.04353e-23
  2.05624e-23
  2.04900e-23
  2.00038e-23
  1.92294e-23
  1.82101e-23
  1.68441e-23
  1.50735e-23
  1.32119e-23
  1.17027e-23
  1.06534e-23
  9.90328e-24
  9.33026e-24
  8.98322e-24
  8.81791e-24
  8.82952e-24
  8.93535e-24
  9.11869e-24
  9.36197e-24
  9.69377e-24
  1.00395e-23
  1.04006e-23
  1.07752e-23
  1.12423e-23
  1.16953e-23
  1.21226e-23
  1.25290e-23
  1.29624e-23
  1.34553e-23
  1.40024e-23
  1.45919e-23
  1.52250e-23
  1.59149e-23
  1.67663e-23
  1.76967e-23
  1.86773e-23
  1.97107e-23
  2.07929e-23
  2.19261e-23
  2.31061e-23
  2.43363e-23
  2.56119e-23
  2.69577e-23
   Cooling for Wiersma, Schaye and Smith (2008), NO COMPTON.
   11 < z < 9.89 (highz) log(T) = 2-8 K, log(dT) = 0.05, log(n_H) = -3
 , [Z/Zsol] = -1.0
