 -3.93240e-23
 -3.76908e-23
 -3.60180e-23
 -3.43751e-23
 -3.27634e-23
 -3.11838e-23
 -2.96399e-23
 -2.81389e-23
 -2.66775e-23
 -2.52591e-23
 -2.38800e-23
 -2.25490e-23
 -2.12631e-23
 -2.00244e-23
 -1.88316e-23
 -1.76864e-23
 -1.65872e-23
 -1.55350e-23
 -1.45291e-23
 -1.35691e-23
 -1.26543e-23
 -1.17480e-23
 -1.09165e-23
 -1.01274e-23
 -9.38069e-24
 -8.67417e-24
 -8.00698e-24
 -7.37614e-24
 -6.78079e-24
 -6.21728e-24
 -5.68402e-24
 -5.17563e-24
 -4.69028e-24
 -4.22127e-24
 -3.76105e-24
 -3.30623e-24
 -2.84531e-24
 -2.36012e-24
 -1.82610e-24
 -1.21354e-24
 -4.55743e-25
  5.32109e-25
  2.04352e-24
  4.50717e-24
  8.74332e-24
  1.55839e-23
  2.56452e-23
  3.75064e-23
  4.76091e-23
  5.32271e-23
  5.51307e-23
  5.62297e-23
  5.86851e-23
  6.42096e-23
  7.43664e-23
  9.19805e-23
  1.20720e-22
  1.59194e-22
  1.92758e-22
  2.07291e-22
  2.07373e-22
  1.97749e-22
  1.83704e-22
  1.75657e-22
  1.74931e-22
  1.75719e-22
  1.75476e-22
  1.75605e-22
  1.69312e-22
  1.42716e-22
  1.05141e-22
  8.14825e-23
  7.12687e-23
  6.79788e-23
  6.63578e-23
  6.33459e-23
  5.89169e-23
  5.61609e-23
  5.61118e-23
  5.72856e-23
  5.77770e-23
  5.68469e-23
  5.49825e-23
  5.23777e-23
  4.87089e-23
  4.37501e-23
  3.85268e-23
  3.45081e-23
  3.20397e-23
  3.06543e-23
  3.00449e-23
  3.03410e-23
  3.13151e-23
  3.29843e-23
  3.52455e-23
  3.80195e-23
  4.12844e-23
  4.50218e-23
  4.92060e-23
  5.37845e-23
  5.87735e-23
  6.42099e-23
  7.01108e-23
  7.65610e-23
  8.37905e-23
  9.19827e-23
  1.01391e-22
  1.12072e-22
  1.24224e-22
  1.37869e-22
  1.53290e-22
  1.70654e-22
  1.90217e-22
  2.12045e-22
  2.36578e-22
  2.63950e-22
  2.94686e-22
  3.28992e-22
  3.67495e-22
  4.10490e-22
  4.58751e-22
   Cooling for Wiersma, Schaye and Smith (2008).
   Redshift = 8.0 log(T) = 2-8 K, log(dT) = 0.05, log(n_H) = -2 , [Z/Zsol] = 
****
