 -6.23363e-23
 -5.84251e-23
 -5.46619e-23
 -5.10795e-23
 -4.76586e-23
 -4.43837e-23
 -4.12724e-23
 -3.83276e-23
 -3.55066e-23
 -3.28782e-23
 -3.03798e-23
 -2.79848e-23
 -2.57488e-23
 -2.36839e-23
 -2.17276e-23
 -1.98732e-23
 -1.81573e-23
 -1.65769e-23
 -1.50944e-23
 -1.37087e-23
 -1.24390e-23
 -1.12248e-23
 -1.01506e-23
 -9.15592e-24
 -8.24272e-24
 -7.41056e-24
 -6.65663e-24
 -5.96489e-24
 -5.33059e-24
 -4.74387e-24
 -4.19796e-24
 -3.68390e-24
 -3.19459e-24
 -2.71008e-24
 -2.19986e-24
 -1.66778e-24
 -1.08236e-24
 -4.04876e-25
  4.06201e-25
  1.38623e-24
  2.60608e-24
  4.12124e-24
  6.07560e-24
  8.62464e-24
  1.20883e-23
  1.67975e-23
  2.32917e-23
  3.20203e-23
  4.34999e-23
  5.77228e-23
  7.43577e-23
  9.31040e-23
  1.14514e-22
  1.39810e-22
  1.71040e-22
  2.10765e-22
  2.61797e-22
  3.24128e-22
  3.89675e-22
  4.43766e-22
  4.77640e-22
  4.83229e-22
  4.70508e-22
  4.68260e-22
  4.82617e-22
  4.97653e-22
  5.06886e-22
  5.14267e-22
  4.98938e-22
  4.18377e-22
  3.04805e-22
  2.32474e-22
  2.01787e-22
  1.92348e-22
  1.87728e-22
  1.78458e-22
  1.64389e-22
  1.55311e-22
  1.54495e-22
  1.57247e-22
  1.57558e-22
  1.53050e-22
  1.45312e-22
  1.34932e-22
  1.20882e-22
  1.02406e-22
  8.27286e-23
  6.64359e-23
  5.46243e-23
  4.57505e-23
  3.87933e-23
  3.39809e-23
  3.06277e-23
  2.87203e-23
  2.78416e-23
  2.76532e-23
  2.79622e-23
  2.86090e-23
  2.93467e-23
  2.98918e-23
  3.00007e-23
  2.95962e-23
  2.85230e-23
  2.69186e-23
  2.51140e-23
  2.35250e-23
  2.24282e-23
  2.18258e-23
  2.16545e-23
  2.17903e-23
  2.21923e-23
  2.29166e-23
  2.38395e-23
  2.49103e-23
  2.61255e-23
  2.74674e-23
  2.89383e-23
  3.05274e-23
  3.22379e-23
  3.40585e-23
  3.60209e-23
   Cooling for Wiersma, Schaye and Smith (2008).
   Redshift = 2.0 log(T) = 2-8 K, log(dT) = 0.05, log(n_H) = -2 , [Z/Zsol] = 0.0
