 -1.94643e-22
 -1.85321e-22
 -1.76392e-22
 -1.68075e-22
 -1.60161e-22
 -1.52544e-22
 -1.45236e-22
 -1.38303e-22
 -1.31639e-22
 -1.25222e-22
 -1.19120e-22
 -1.13097e-22
 -1.07336e-22
 -1.01768e-22
 -9.63844e-23
 -9.11603e-23
 -8.60741e-23
 -8.12967e-23
 -7.66599e-23
 -7.22752e-23
 -6.80101e-23
 -6.40025e-23
 -6.01836e-23
 -5.66162e-23
 -5.32676e-23
 -5.00795e-23
 -4.71319e-23
 -4.44238e-23
 -4.18758e-23
 -3.95202e-23
 -3.73753e-23
 -3.53797e-23
 -3.35168e-23
 -3.17826e-23
 -3.01974e-23
 -2.87193e-23
 -2.73321e-23
 -2.60297e-23
 -2.47886e-23
 -2.36120e-23
 -2.24825e-23
 -2.13910e-23
 -2.03038e-23
 -1.92193e-23
 -1.81146e-23
 -1.69716e-23
 -1.57514e-23
 -1.44245e-23
 -1.29283e-23
 -1.12521e-23
 -9.21621e-24
 -6.99010e-24
 -4.53511e-24
 -1.71182e-24
  1.30001e-24
  4.54447e-24
  8.11169e-24
  1.18564e-23
  1.58236e-23
  2.00836e-23
  2.44808e-23
  2.90443e-23
  3.36028e-23
  3.78597e-23
  4.17172e-23
  4.46442e-23
  4.68585e-23
  4.84387e-23
  4.94022e-23
  5.05243e-23
  5.19537e-23
  5.35986e-23
  6.00191e-23
  6.77076e-23
  7.83063e-23
  8.68275e-23
  9.37161e-23
  1.01195e-22
  1.05000e-22
  1.06223e-22
  1.04045e-22
  9.71950e-23
  8.72159e-23
  7.64824e-23
  6.69711e-23
  5.97728e-23
  5.52509e-23
  5.29520e-23
  5.23233e-23
  5.28582e-23
  5.43677e-23
  5.68608e-23
  6.02640e-23
  6.45683e-23
  6.98035e-23
  7.60353e-23
  8.34743e-23
  9.19429e-23
  1.01608e-22
  1.12446e-22
  1.24495e-22
  1.37796e-22
  1.52422e-22
  1.68534e-22
  1.86592e-22
  2.06878e-22
  2.30007e-22
  2.55920e-22
  2.85246e-22
  3.18108e-22
  3.55219e-22
  3.96850e-22
  4.43787e-22
  4.96228e-22
  5.55257e-22
  6.21210e-22
  6.95383e-22
  7.78284e-22
  8.71458e-22
  9.75631e-22
  1.09268e-21
   Cooling for Wiersma, Schaye and Smith (2008).
   Redshift = 1.0 log(T) = 2-8 K, log(dT) = 0.05, log(n_H) = -5 , [Z/Zsol] = 0.0
