 -6.41097e-23
 -6.00182e-23
 -5.60951e-23
 -5.23660e-23
 -4.88090e-23
 -4.54113e-23
 -4.22197e-23
 -3.91150e-23
 -3.61977e-23
 -3.35140e-23
 -3.09401e-23
 -2.84749e-23
 -2.61769e-23
 -2.40578e-23
 -2.20527e-23
 -2.01547e-23
 -1.84004e-23
 -1.67744e-23
 -1.52505e-23
 -1.38542e-23
 -1.25716e-23
 -1.13397e-23
 -1.02350e-23
 -9.21980e-24
 -8.29506e-24
 -7.44531e-24
 -6.66527e-24
 -5.96171e-24
 -5.30543e-24
 -4.70283e-24
 -4.13783e-24
 -3.60541e-24
 -3.08884e-24
 -2.57556e-24
 -2.03545e-24
 -1.47344e-24
 -8.50613e-25
 -1.33445e-25
  7.27717e-25
  1.76797e-24
  3.04134e-24
  4.60800e-24
  6.61716e-24
  9.19296e-24
  1.26456e-23
  1.72921e-23
  2.35810e-23
  3.19320e-23
  4.28918e-23
  5.64732e-23
  7.25895e-23
  9.06902e-23
  1.11337e-22
  1.35467e-22
  1.65669e-22
  2.04999e-22
  2.57859e-22
  3.23551e-22
  3.88800e-22
  4.36944e-22
  4.65920e-22
  4.72326e-22
  4.62947e-22
  4.62704e-22
  4.77740e-22
  4.94706e-22
  5.05878e-22
  5.12550e-22
  4.96486e-22
  4.21203e-22
  3.16805e-22
  2.51235e-22
  2.25179e-22
  2.19273e-22
  2.18246e-22
  2.12839e-22
  2.03640e-22
  2.00172e-22
  2.05259e-22
  2.14345e-22
  2.21807e-22
  2.25290e-22
  2.26502e-22
  2.26080e-22
  2.23147e-22
  2.17345e-22
  2.11967e-22
  2.11795e-22
  2.17954e-22
  2.29115e-22
  2.44321e-22
  2.63937e-22
  2.88244e-22
  3.17607e-22
  3.51645e-22
  3.90628e-22
  4.34980e-22
  4.85493e-22
  5.42224e-22
  6.05769e-22
  6.77088e-22
  7.56961e-22
  8.47116e-22
  9.46739e-22
  1.05848e-21
  1.18364e-21
  1.32504e-21
  1.48353e-21
  1.66228e-21
  1.86226e-21
  2.08782e-21
  2.34000e-21
  2.62433e-21
  2.94211e-21
  3.30001e-21
  3.70015e-21
  4.15052e-21
  4.65428e-21
  5.22099e-21
  5.85517e-21
  6.56823e-21
   Cooling for Wiersma, Schaye and Smith (2008).
   Redshift = 9.0 log(T) = 2-8 K, log(dT) = 0.05, log(n_H) = -3 , [Z/Zsol] = 0.0
