  2.27053e-34
  2.69183e-34
  3.16895e-34
  3.70939e-34
  4.31447e-34
  4.99748e-34
  5.76070e-34
  6.61283e-34
  7.55335e-34
  8.58045e-34
  9.70721e-34
  1.09424e-33
  1.22869e-33
  1.37540e-33
  1.53507e-33
  1.70899e-33
  1.83637e-33
  2.07796e-33
  2.31201e-33
  2.30003e-33
  3.45240e-33
  5.71067e-33
  9.21545e-33
  4.59327e-33
  4.32093e-33
  2.42700e-32
  5.63531e-32
  7.28077e-33
  1.37525e-32
  3.94275e-32
  3.12147e-32
  1.43445e-32
  2.76486e-31
  1.60231e-30
  1.30941e-30
  2.33832e-30
  1.52038e-29
  6.41526e-29
  2.83132e-28
  1.29045e-27
  1.28384e-26
  1.94372e-25
  2.98293e-24
  2.37802e-23
  8.57314e-23
  1.30443e-22
  1.22550e-22
  9.84642e-23
  7.78588e-23
  6.38208e-23
  5.35386e-23
  4.49081e-23
  3.82329e-23
  3.44485e-23
  3.46324e-23
  4.13193e-23
  5.80468e-23
  8.32150e-23
  1.02744e-22
  1.03752e-22
  9.24742e-23
  7.85726e-23
  6.63444e-23
  5.74551e-23
  5.15677e-23
  4.75686e-23
  4.47502e-23
  4.30114e-23
  4.13962e-23
  3.83428e-23
  3.39269e-23
  3.21800e-23
  3.22211e-23
  3.33774e-23
  3.50963e-23
  3.70242e-23
  3.92368e-23
  4.20717e-23
  4.56601e-23
  4.98935e-23
  5.46235e-23
  5.98624e-23
  6.56971e-23
  7.22231e-23
  7.94926e-23
  8.75802e-23
  9.66977e-23
  1.07118e-22
  1.19017e-22
  1.32507e-22
  1.47732e-22
  1.64945e-22
  1.84326e-22
  2.06118e-22
  2.30592e-22
  2.58060e-22
  2.88875e-22
  3.23436e-22
  3.62189e-22
  4.05633e-22
  4.54341e-22
  5.09023e-22
  5.70334e-22
  6.39076e-22
  7.16165e-22
  8.02630e-22
  8.99623e-22
  1.00842e-21
  1.13045e-21
  1.26733e-21
  1.42088e-21
  1.59323e-21
  1.78658e-21
  2.00344e-21
  2.24669e-21
  2.51954e-21
  2.82561e-21
  3.16892e-21
  3.55403e-21
  3.98603e-21
  4.47065e-21
   Cooling for Wiersma, Schaye and Smith (2008).
   z > 11 (photodis) log(T) = 2-8 K, log(dT) = 0.05, log(n_H) = -1 , [Z/Zsol] = 
-1.5
