 -3.58943e-24
 -3.54662e-24
 -3.49931e-24
 -3.44942e-24
 -3.39711e-24
 -3.34215e-24
 -3.28492e-24
 -3.22556e-24
 -3.16428e-24
 -3.10123e-24
 -3.03655e-24
 -2.97068e-24
 -2.90375e-24
 -2.83587e-24
 -2.76718e-24
 -2.69773e-24
 -2.62753e-24
 -2.55652e-24
 -2.48472e-24
 -2.41205e-24
 -2.33849e-24
 -2.26106e-24
 -2.18526e-24
 -2.10833e-24
 -2.03004e-24
 -1.95006e-24
 -1.86776e-24
 -1.78251e-24
 -1.69331e-24
 -1.59928e-24
 -1.49886e-24
 -1.39055e-24
 -1.27258e-24
 -1.14138e-24
 -9.93727e-25
 -8.24171e-25
 -6.21171e-25
 -3.64420e-25
  4.83946e-27
  6.12952e-25
  1.92762e-24
  5.01459e-24
  1.29057e-23
  3.05079e-23
  6.32999e-23
  9.98327e-23
  1.12290e-22
  1.02017e-22
  8.65038e-23
  7.46434e-23
  6.77410e-23
  6.44407e-23
  6.41818e-23
  6.78387e-23
  7.67531e-23
  9.36971e-23
  1.22462e-22
  1.61185e-22
  1.94796e-22
  2.09080e-22
  2.08983e-22
  1.99028e-22
  1.84526e-22
  1.76241e-22
  1.75464e-22
  1.76108e-22
  1.75705e-22
  1.75934e-22
  1.69784e-22
  1.42824e-22
  1.04523e-22
  8.03171e-23
  6.97592e-23
  6.62192e-23
  6.43768e-23
  6.11112e-23
  5.63509e-23
  5.32130e-23
  5.27677e-23
  5.35193e-23
  5.35371e-23
  5.20770e-23
  4.96192e-23
  4.63546e-23
  4.19522e-23
  3.61646e-23
  3.00041e-23
  2.49321e-23
  2.13042e-23
  1.86400e-23
  1.65451e-23
  1.50784e-23
  1.41862e-23
  1.37551e-23
  1.36631e-23
  1.38025e-23
  1.41090e-23
  1.45315e-23
  1.49915e-23
  1.53985e-23
  1.56846e-23
  1.58695e-23
  1.58640e-23
  1.57046e-23
  1.54961e-23
  1.53689e-23
  1.54151e-23
  1.56279e-23
  1.59893e-23
  1.64584e-23
  1.70322e-23
  1.78068e-23
  1.86772e-23
  1.96146e-23
  2.06187e-23
  2.16814e-23
  2.28036e-23
  2.39792e-23
  2.52085e-23
  2.64853e-23
  2.78337e-23
   Cooling for Wiersma, Schaye and Smith (2008).
   Redshift = 1.0 log(T) = 2-8 K, log(dT) = 0.05, log(n_H) = 0 , [Z/Zsol] = ****
