 -6.35374e-23
 -5.96099e-23
 -5.58672e-23
 -5.23372e-23
 -4.89967e-23
 -4.58517e-23
 -4.28797e-23
 -4.00681e-23
 -3.74264e-23
 -3.49680e-23
 -3.26449e-23
 -3.04472e-23
 -2.83885e-23
 -2.64695e-23
 -2.46610e-23
 -2.29576e-23
 -2.13654e-23
 -1.98663e-23
 -1.84741e-23
 -1.71695e-23
 -1.59473e-23
 -1.47977e-23
 -1.37184e-23
 -1.27106e-23
 -1.17742e-23
 -1.08835e-23
 -1.00615e-23
 -9.28818e-24
 -8.55811e-24
 -7.87913e-24
 -7.23621e-24
 -6.63514e-24
 -6.06503e-24
 -5.52602e-24
 -5.02269e-24
 -4.53983e-24
 -4.08534e-24
 -3.64706e-24
 -3.22704e-24
 -2.82242e-24
 -2.42079e-24
 -2.00770e-24
 -1.55139e-24
 -9.91226e-25
 -2.12467e-25
  9.37858e-25
  2.68732e-24
  5.21130e-24
  8.59508e-24
  1.24857e-23
  1.62182e-23
  1.90030e-23
  2.07140e-23
  2.21139e-23
  2.51004e-23
  3.27525e-23
  4.89153e-23
  7.28887e-23
  9.22943e-23
  9.42518e-23
  8.36640e-23
  7.03803e-23
  5.89341e-23
  5.04343e-23
  4.45245e-23
  4.05587e-23
  3.79676e-23
  3.64864e-23
  3.56514e-23
  3.49862e-23
  3.38337e-23
  3.45195e-23
  3.61267e-23
  3.84834e-23
  4.13971e-23
  4.47718e-23
  4.86835e-23
  5.33049e-23
  5.86700e-23
  6.48344e-23
  7.17709e-23
  7.96146e-23
  8.84082e-23
  9.83128e-23
  1.09402e-22
  1.21858e-22
  1.35835e-22
  1.51603e-22
  1.69342e-22
  1.89302e-22
  2.11711e-22
  2.36932e-22
  2.65245e-22
  2.97015e-22
  3.32671e-22
  3.72639e-22
  4.17509e-22
  4.67780e-22
  5.24236e-22
  5.87448e-22
  6.58485e-22
  7.38067e-22
  8.27551e-22
  9.27637e-22
  1.04022e-21
  1.16609e-21
  1.30776e-21
  1.46609e-21
  1.64438e-21
  1.84354e-21
  2.06794e-21
  2.31870e-21
  2.60121e-21
  2.91686e-21
  3.27228e-21
  3.66960e-21
  4.11676e-21
  4.61689e-21
  5.17949e-21
  5.80907e-21
  6.51694e-21
   Cooling for Wiersma, Schaye and Smith (2008).
   Redshift = 9.0 log(T) = 2-8 K, log(dT) = 0.05, log(n_H) = -3 , [Z/Zsol] = 
-2.0
