 -2.61244e-22
 -2.46304e-22
 -2.32243e-22
 -2.19099e-22
 -2.06613e-22
 -1.95026e-22
 -1.84258e-22
 -1.74156e-22
 -1.64689e-22
 -1.55841e-22
 -1.47441e-22
 -1.39463e-22
 -1.31773e-22
 -1.24411e-22
 -1.17421e-22
 -1.10660e-22
 -1.04146e-22
 -9.78724e-23
 -9.18221e-23
 -8.59704e-23
 -8.02944e-23
 -7.47894e-23
 -6.93186e-23
 -6.38916e-23
 -5.84735e-23
 -5.30221e-23
 -4.74942e-23
 -4.18657e-23
 -3.60959e-23
 -3.01807e-23
 -2.40775e-23
 -1.77716e-23
 -1.12115e-23
 -4.36360e-24
  2.82472e-24
  1.03854e-23
  1.84197e-23
  2.69722e-23
  3.61845e-23
  4.61158e-23
  5.69424e-23
  6.87419e-23
  8.17293e-23
  9.60007e-23
  1.11815e-22
  1.29294e-22
  1.48755e-22
  1.70362e-22
  1.94480e-22
  2.21341e-22
  2.51382e-22
  2.84899e-22
  3.22427e-22
  3.64387e-22
  4.11379e-22
  4.64000e-22
  5.22954e-22
  5.89058e-22
  6.63137e-22
  7.46292e-22
  8.39472e-22
  9.44153e-22
  1.06139e-21
  1.19311e-21
  1.34050e-21
  1.50610e-21
  1.69122e-21
  1.89930e-21
  2.13194e-21
  2.39448e-21
  2.68686e-21
  3.01611e-21
  3.38398e-21
  3.79848e-21
  4.26157e-21
  4.78339e-21
  5.36650e-21
  6.02331e-21
  6.75766e-21
  7.58436e-21
  8.50909e-21
  9.54963e-21
  1.07141e-20
  1.20238e-20
  1.34901e-20
  1.51384e-20
  1.69849e-20
  1.90594e-20
  2.13846e-20
  2.39956e-20
  2.69235e-20
  3.02097e-20
  3.38966e-20
  3.80326e-20
  4.26752e-20
  4.78807e-20
  5.37268e-20
  6.02784e-20
  6.76398e-20
  7.58856e-20
  8.51552e-20
  9.55333e-20
  1.07206e-19
  1.20268e-19
  1.34966e-19
  1.51405e-19
  1.69913e-19
  1.90604e-19
  2.13909e-19
  2.39950e-19
  2.69295e-19
  3.02081e-19
  3.39023e-19
  3.80307e-19
  4.26803e-19
  4.78791e-19
  5.37311e-19
  6.02776e-19
  6.76430e-19
  7.58866e-19
  8.51566e-19
   Cooling for Wiersma, Schaye and Smith (2008).
   Redshift = 5.0 log(T) = 2-8 K, log(dT) = 0.05, log(n_H) = -6 , [Z/Zsol] = 
-1.0
