  2.86636e-34
  3.23060e-34
  3.56535e-34
  4.09425e-34
  4.77925e-34
  5.64279e-34
  6.70375e-34
  7.97501e-34
  9.49427e-34
  1.12414e-33
  1.34843e-33
  1.62218e-33
  1.93143e-33
  2.31216e-33
  2.75188e-33
  3.29096e-33
  3.93990e-33
  4.70226e-33
  5.57790e-33
  6.61484e-33
  7.82485e-33
  9.03866e-33
  1.06868e-32
  1.28838e-32
  1.49977e-32
  1.79751e-32
  2.09666e-32
  2.53171e-32
  2.86258e-32
  3.55532e-32
  3.98421e-32
  5.09048e-32
  5.55138e-32
  7.60787e-32
  9.53358e-32
  2.66371e-31
  1.88586e-30
  1.10132e-29
  7.79878e-29
  6.45078e-28
  1.13493e-26
  1.92244e-25
  2.99084e-24
  2.37729e-23
  8.53776e-23
  1.29762e-22
  1.21752e-22
  9.75271e-23
  7.67022e-23
  6.23507e-23
  5.16457e-23
  4.24753e-23
  3.51250e-23
  3.05197e-23
  2.97126e-23
  3.52302e-23
  5.05935e-23
  7.42133e-23
  9.21302e-23
  9.16126e-23
  7.90394e-23
  6.46401e-23
  5.25962e-23
  4.35643e-23
  3.70240e-23
  3.24144e-23
  2.92215e-23
  2.71448e-23
  2.58995e-23
  2.53524e-23
  2.45333e-23
  2.50930e-23
  2.60997e-23
  2.75399e-23
  2.93874e-23
  3.15928e-23
  3.42440e-23
  3.73654e-23
  4.09787e-23
  4.51241e-23
  4.98450e-23
  5.52304e-23
  6.13158e-23
  6.81770e-23
  7.58990e-23
  8.45808e-23
  9.43328e-23
  1.05281e-22
  1.17567e-22
  1.31351e-22
  1.46816e-22
  1.64213e-22
  1.83727e-22
  2.05607e-22
  2.30141e-22
  2.57650e-22
  2.88493e-22
  3.23075e-22
  3.61850e-22
  4.05328e-22
  4.54088e-22
  5.08848e-22
  5.70264e-22
  6.39135e-22
  7.16369e-22
  8.02981e-22
  9.00115e-22
  1.00905e-21
  1.13122e-21
  1.26824e-21
  1.42194e-21
  1.59445e-21
  1.78797e-21
  2.00502e-21
  2.24849e-21
  2.52158e-21
  2.82791e-21
  3.17152e-21
  3.55696e-21
  3.98933e-21
  4.47437e-21
   Cooling for Wiersma, Schaye and Smith (2008).
   z > 11 (photodis) log(T) = 2-8 K, log(dT) = 0.05, log(n_H) = -5 , [Z/Zsol] = 
-Inf
