  2.28425e-31
  2.70432e-31
  3.17611e-31
  3.70922e-31
  4.30782e-31
  4.98060e-31
  5.73135e-31
  6.56864e-31
  7.49158e-31
  8.49765e-31
  9.60003e-31
  1.08057e-30
  1.21159e-30
  1.35419e-30
  1.50907e-30
  1.67738e-30
  1.86925e-30
  2.07636e-30
  2.26940e-30
  2.44557e-30
  2.75934e-30
  2.95974e-30
  3.25957e-30
  3.71754e-30
  4.03280e-30
  4.54894e-30
  4.84874e-30
  5.57768e-30
  5.91160e-30
  6.82348e-30
  7.16957e-30
  8.21277e-30
  8.75476e-30
  7.55282e-30
  1.17472e-29
  6.62797e-29
  3.99672e-28
  1.61006e-27
  6.63796e-27
  2.12031e-26
  6.14042e-26
  3.28962e-25
  3.69431e-24
  2.71280e-23
  9.58854e-23
  1.48053e-22
  1.44982e-22
  1.25911e-22
  1.12152e-22
  1.07686e-22
  1.10235e-22
  1.17963e-22
  1.31827e-22
  1.53001e-22
  1.83295e-22
  2.25476e-22
  2.83703e-22
  3.56119e-22
  4.24566e-22
  4.71800e-22
  4.99608e-22
  5.00340e-22
  4.81735e-22
  4.76366e-22
  4.89730e-22
  5.03243e-22
  5.11228e-22
  5.18498e-22
  5.04767e-22
  4.23531e-22
  3.07207e-22
  2.33100e-22
  2.01866e-22
  1.92122e-22
  1.87533e-22
  1.78081e-22
  1.63488e-22
  1.53957e-22
  1.52435e-22
  1.54562e-22
  1.55697e-22
  1.50881e-22
  1.43784e-22
  1.33456e-22
  1.18839e-22
  1.00165e-22
  8.01351e-23
  6.38837e-23
  5.20303e-23
  4.35359e-23
  3.65534e-23
  3.09973e-23
  2.69979e-23
  2.40686e-23
  2.20063e-23
  2.10496e-23
  2.01461e-23
  1.97487e-23
  1.97297e-23
  1.99947e-23
  2.03530e-23
  2.07144e-23
  2.07345e-23
  2.04987e-23
  2.01239e-23
  1.96043e-23
  1.93102e-23
  1.91504e-23
  1.92426e-23
  1.94919e-23
  1.99072e-23
  2.05918e-23
  2.14032e-23
  2.23177e-23
  2.33313e-23
  2.44212e-23
  2.56031e-23
  2.68557e-23
  2.81751e-23
  2.95474e-23
  3.09961e-23
   Cooling for Wiersma, Schaye and Smith (2008), NO COMPTON.
   z > 11 (photodis) log(T) = 2-8 K, log(dT) = 0.05, log(n_H) = -4 , [Z/Zsol] = 
0.0
