 -4.45430e-22
 -4.32706e-22
 -4.20590e-22
 -4.08960e-22
 -3.97959e-22
 -3.87676e-22
 -3.77785e-22
 -3.68079e-22
 -3.58486e-22
 -3.48810e-22
 -3.39123e-22
 -3.29527e-22
 -3.19844e-22
 -3.10135e-22
 -3.00239e-22
 -2.90341e-22
 -2.80493e-22
 -2.70646e-22
 -2.61234e-22
 -2.51568e-22
 -2.42208e-22
 -2.33007e-22
 -2.24187e-22
 -2.15731e-22
 -2.07477e-22
 -1.99839e-22
 -1.92358e-22
 -1.85499e-22
 -1.78945e-22
 -1.72813e-22
 -1.67057e-22
 -1.61551e-22
 -1.56400e-22
 -1.51467e-22
 -1.46730e-22
 -1.42132e-22
 -1.37659e-22
 -1.33339e-22
 -1.29119e-22
 -1.24796e-22
 -1.20525e-22
 -1.16208e-22
 -1.11809e-22
 -1.07322e-22
 -1.02835e-22
 -9.81550e-23
 -9.33254e-23
 -8.83195e-23
 -8.30727e-23
 -7.76111e-23
 -7.17763e-23
 -6.57428e-23
 -5.94827e-23
 -5.27519e-23
 -4.58862e-23
 -3.86038e-23
 -3.07304e-23
 -2.24102e-23
 -1.33811e-23
 -3.36506e-24
  7.61025e-24
  1.96043e-23
  3.25234e-23
  4.60877e-23
  6.04727e-23
  7.49736e-23
  8.99657e-23
  1.05561e-22
  1.23627e-22
  1.43318e-22
  1.66964e-22
  1.92038e-22
  2.26762e-22
  2.56555e-22
  2.85638e-22
  3.08631e-22
  3.29388e-22
  3.52672e-22
  3.79860e-22
  4.13290e-22
  4.53118e-22
  5.00048e-22
  5.54001e-22
  6.15892e-22
  6.86169e-22
  7.65964e-22
  8.55959e-22
  9.57571e-22
  1.07174e-21
  1.20017e-21
  1.34684e-21
  1.50915e-21
  1.69139e-21
  1.89601e-21
  2.12589e-21
  2.38382e-21
  2.67366e-21
  2.99815e-21
  3.36227e-21
  3.76941e-21
  4.22632e-21
  4.73736e-21
  5.31192e-21
  5.95500e-21
  6.67899e-21
  7.48910e-21
  8.40148e-21
  9.42169e-21
  1.05710e-20
  1.18553e-20
  1.33028e-20
  1.49201e-20
  1.67426e-20
  1.87792e-20
  2.10730e-20
  2.36376e-20
  2.65244e-20
  2.97537e-20
  3.33868e-20
  3.74530e-20
  4.20253e-20
   Cooling for Wiersma, Schaye and Smith (2008).
   Redshift = 4.0 log(T) = 2-8 K, log(dT) = 0.05, log(n_H) = -5 , [Z/Zsol] = 
0.50
