 -1.26721e-22
 -1.21168e-22
 -1.15980e-22
 -1.11032e-22
 -1.06319e-22
 -1.01879e-22
 -9.76240e-23
 -9.35384e-23
 -8.96146e-23
 -8.58709e-23
 -8.22697e-23
 -7.87948e-23
 -7.54288e-23
 -7.21436e-23
 -6.89350e-23
 -6.58125e-23
 -6.27720e-23
 -5.97882e-23
 -5.68473e-23
 -5.39237e-23
 -5.10331e-23
 -4.81683e-23
 -4.53017e-23
 -4.24257e-23
 -3.95462e-23
 -3.66463e-23
 -3.36985e-23
 -3.07035e-23
 -2.76527e-23
 -2.45272e-23
 -2.12941e-23
 -1.79470e-23
 -1.44589e-23
 -1.08120e-23
 -6.96427e-24
 -2.89685e-24
  1.44301e-24
  6.07163e-24
  1.10676e-23
  1.64539e-23
  2.23151e-23
  2.86900e-23
  3.56622e-23
  4.32846e-23
  5.17119e-23
  6.09834e-23
  7.12590e-23
  8.26029e-23
  9.52664e-23
  1.09269e-22
  1.24922e-22
  1.42331e-22
  1.61878e-22
  1.83660e-22
  2.08337e-22
  2.36098e-22
  2.68199e-22
  3.04914e-22
  3.47623e-22
  3.96151e-22
  4.49807e-22
  5.07034e-22
  5.67396e-22
  6.32085e-22
  7.03558e-22
  7.83982e-22
  8.75388e-22
  9.78197e-22
  1.09389e-21
  1.22475e-21
  1.37115e-21
  1.53689e-21
  1.72276e-21
  1.93224e-21
  2.16640e-21
  2.43014e-21
  2.72444e-21
  3.05588e-21
  3.42639e-21
  3.84366e-21
  4.31061e-21
  4.83628e-21
  5.42472e-21
  6.08671e-21
  6.82794e-21
  7.66119e-21
  8.59469e-21
  9.64352e-21
  1.08191e-20
  1.21392e-20
  1.36195e-20
  1.52811e-20
  1.71452e-20
  1.92364e-20
  2.15838e-20
  2.42158e-20
  2.71717e-20
  3.04843e-20
  3.42063e-20
  3.83754e-20
  4.30622e-20
  4.83094e-20
  5.42110e-20
  6.08151e-20
  6.82465e-20
  7.65582e-20
  8.59158e-20
  9.63770e-20
  1.08160e-19
  1.21326e-19
  1.36163e-19
  1.52739e-19
  1.71417e-19
  1.92291e-19
  2.15799e-19
  2.42084e-19
  2.71671e-19
  3.04770e-19
  3.42009e-19
  3.83688e-19
  4.30556e-19
   Cooling for Wiersma, Schaye and Smith (2008).
   Redshift = 8.0 log(T) = 2-8 K, log(dT) = 0.05, log(n_H) = -5 , [Z/Zsol] = 
-1.0
