 -1.23781e-22
 -1.17870e-22
 -1.12339e-22
 -1.07053e-22
 -1.02148e-22
 -9.74588e-23
 -9.30693e-23
 -8.89068e-23
 -8.49736e-23
 -8.13064e-23
 -7.78598e-23
 -7.45499e-23
 -7.14142e-23
 -6.84369e-23
 -6.55920e-23
 -6.29056e-23
 -6.03993e-23
 -5.80106e-23
 -5.57412e-23
 -5.35787e-23
 -5.15122e-23
 -4.95596e-23
 -4.77192e-23
 -4.59744e-23
 -4.42922e-23
 -4.26638e-23
 -4.10812e-23
 -3.96244e-23
 -3.82526e-23
 -3.69584e-23
 -3.57521e-23
 -3.46167e-23
 -3.35387e-23
 -3.24926e-23
 -3.14498e-23
 -3.03761e-23
 -2.92229e-23
 -2.79659e-23
 -2.65452e-23
 -2.49230e-23
 -2.30584e-23
 -2.08838e-23
 -1.82361e-23
 -1.49345e-23
 -1.06598e-23
 -5.15211e-24
  2.02775e-24
  1.11509e-23
  2.28410e-23
  3.73593e-23
  5.57533e-23
  7.80990e-23
  1.05083e-22
  1.37421e-22
  1.75814e-22
  2.20796e-22
  2.73476e-22
  3.34553e-22
  4.03977e-22
  4.79875e-22
  5.56409e-22
  6.26788e-22
  6.84689e-22
  7.21601e-22
  7.31833e-22
  7.11873e-22
  6.74799e-22
  6.30378e-22
  5.90050e-22
  5.48694e-22
  5.09469e-22
  4.82256e-22
  4.66155e-22
  4.52722e-22
  4.41544e-22
  4.35939e-22
  4.39872e-22
  4.54865e-22
  4.73496e-22
  4.89472e-22
  5.01379e-22
  4.98660e-22
  4.86755e-22
  4.59346e-22
  4.19103e-22
  3.77658e-22
  3.45836e-22
  3.30739e-22
  3.28507e-22
  3.36662e-22
  3.51811e-22
  3.74054e-22
  4.03238e-22
  4.38899e-22
  4.81480e-22
  5.32581e-22
  5.90108e-22
  6.56090e-22
  7.32454e-22
  8.17313e-22
  9.12607e-22
  1.01886e-21
  1.13709e-21
  1.26867e-21
  1.41655e-21
  1.58221e-21
  1.76945e-21
  1.97958e-21
  2.21700e-21
  2.48279e-21
  2.78275e-21
  3.11837e-21
  3.49674e-21
  3.91972e-21
  4.39619e-21
  4.92896e-21
  5.52869e-21
  6.19958e-21
  6.95431e-21
  7.79890e-21
  8.74855e-21
   Cooling for Wiersma, Schaye and Smith (2008).
   Redshift = 5.0 log(T) = 2-8 K, log(dT) = 0.05, log(n_H) = -4 , [Z/Zsol] = 
0.50
