 -1.00525e-24
 -9.87806e-25
 -9.67282e-25
 -9.44676e-25
 -9.20147e-25
 -8.93614e-25
 -8.65519e-25
 -8.36116e-25
 -8.05765e-25
 -7.74804e-25
 -7.43451e-25
 -7.12329e-25
 -6.81602e-25
 -6.51502e-25
 -6.22246e-25
 -5.93951e-25
 -5.66668e-25
 -5.40484e-25
 -5.15359e-25
 -4.91292e-25
 -4.68219e-25
 -4.43823e-25
 -4.22314e-25
 -4.01531e-25
 -3.81372e-25
 -3.61650e-25
 -3.42112e-25
 -3.22332e-25
 -3.01792e-25
 -2.79589e-25
 -2.53974e-25
 -2.22654e-25
 -1.82406e-25
 -1.24725e-25
 -4.27518e-26
  7.64233e-26
  2.58566e-25
  5.40290e-25
  1.01378e-24
  1.85415e-24
  3.68977e-24
  7.96936e-24
  1.89628e-23
  4.45172e-23
  9.38563e-23
  1.39137e-22
  1.42384e-22
  1.26430e-22
  1.12856e-22
  1.07647e-22
  1.09720e-22
  1.17602e-22
  1.31601e-22
  1.52926e-22
  1.83195e-22
  2.25473e-22
  2.83503e-22
  3.55382e-22
  4.23741e-22
  4.70550e-22
  4.98831e-22
  5.00006e-22
  4.81779e-22
  4.76706e-22
  4.90030e-22
  5.03906e-22
  5.11617e-22
  5.19169e-22
  5.05044e-22
  4.23921e-22
  3.07881e-22
  2.33834e-22
  2.02443e-22
  1.92805e-22
  1.88226e-22
  1.79012e-22
  1.64824e-22
  1.55556e-22
  1.54643e-22
  1.57377e-22
  1.57685e-22
  1.53158e-22
  1.45394e-22
  1.35009e-22
  1.20966e-22
  1.02491e-22
  8.27916e-23
  6.64936e-23
  5.47269e-23
  4.59755e-23
  3.89861e-23
  3.38403e-23
  3.04634e-23
  2.85068e-23
  2.75859e-23
  2.73616e-23
  2.76314e-23
  2.82353e-23
  2.89258e-23
  2.94187e-23
  2.94795e-23
  2.90107e-23
  2.78653e-23
  2.61797e-23
  2.42832e-23
  2.25911e-23
  2.13914e-23
  2.06667e-23
  2.03575e-23
  2.03383e-23
  2.05640e-23
  2.10895e-23
  2.17858e-23
  2.26008e-23
  2.35252e-23
  2.45399e-23
  2.56406e-23
  2.68144e-23
  2.80573e-23
  2.93547e-23
  3.07297e-23
   Cooling for Wiersma, Schaye and Smith (2008), NO COMPTON.
   11 < z < 9.89 (highz) log(T) = 2-8 K, log(dT) = 0.05, log(n_H) = 0
 , [Z/Zsol] = 0.0
