 -3.12633e-22
 -2.96135e-22
 -2.80603e-22
 -2.66156e-22
 -2.52753e-22
 -2.40712e-22
 -2.29623e-22
 -2.19547e-22
 -2.10308e-22
 -2.01721e-22
 -1.93608e-22
 -1.85857e-22
 -1.78235e-22
 -1.70858e-22
 -1.63641e-22
 -1.56592e-22
 -1.49779e-22
 -1.43187e-22
 -1.36813e-22
 -1.30635e-22
 -1.24693e-22
 -1.18814e-22
 -1.13025e-22
 -1.07277e-22
 -1.01532e-22
 -9.57426e-23
 -8.98637e-23
 -8.39017e-23
 -7.78065e-23
 -7.16347e-23
 -6.53675e-23
 -5.90088e-23
 -5.25398e-23
 -4.60015e-23
 -3.94212e-23
 -3.28042e-23
 -2.61577e-23
 -1.94712e-23
 -1.26936e-23
 -5.78487e-24
  1.33798e-24
  8.74257e-24
  1.65407e-23
  2.48103e-23
  3.36899e-23
  4.32666e-23
  5.37008e-23
  6.50928e-23
  7.76266e-23
  9.14257e-23
  1.06704e-22
  1.23626e-22
  1.42437e-22
  1.63351e-22
  1.86660e-22
  2.12656e-22
  2.41683e-22
  2.74268e-22
  3.10569e-22
  3.51235e-22
  3.96729e-22
  4.47770e-22
  5.04872e-22
  5.68992e-22
  6.40719e-22
  7.21200e-22
  8.11135e-22
  9.12162e-22
  1.02502e-21
  1.15189e-21
  1.29356e-21
  1.45303e-21
  1.63114e-21
  1.83213e-21
  2.05635e-21
  2.30894e-21
  2.59107e-21
  2.90882e-21
  3.26411e-21
  3.66396e-21
  4.11118e-21
  4.61438e-21
  5.17749e-21
  5.81071e-21
  6.51968e-21
  7.31656e-21
  8.20925e-21
  9.21214e-21
  1.03362e-20
  1.15983e-20
  1.30137e-20
  1.46023e-20
  1.63846e-20
  1.83839e-20
  2.06281e-20
  2.31444e-20
  2.59703e-20
  2.91373e-20
  3.26957e-20
  3.66815e-20
  4.11623e-20
  4.61788e-20
  5.18210e-20
  5.81348e-20
  6.52395e-20
  7.31858e-20
  8.21320e-20
  9.21332e-20
  1.03398e-19
  1.15985e-19
  1.30170e-19
  1.46017e-19
  1.63874e-19
  1.83829e-19
  2.06304e-19
  2.31433e-19
  2.59719e-19
  2.91362e-19
  3.26964e-19
  3.66810e-19
  4.11617e-19
   Cooling for Wiersma, Schaye and Smith (2008).
   Redshift = 4.0 log(T) = 2-8 K, log(dT) = 0.05, log(n_H) = -6 , [Z/Zsol] = 
****
