 -1.51299e-23
 -1.48241e-23
 -1.44906e-23
 -1.41525e-23
 -1.38107e-23
 -1.34651e-23
 -1.31162e-23
 -1.27643e-23
 -1.24099e-23
 -1.20531e-23
 -1.16945e-23
 -1.13344e-23
 -1.09784e-23
 -1.06153e-23
 -1.02575e-23
 -9.89596e-24
 -9.53475e-24
 -9.17485e-24
 -8.81673e-24
 -8.46090e-24
 -8.10780e-24
 -7.75725e-24
 -7.41077e-24
 -7.06839e-24
 -6.73063e-24
 -6.39780e-24
 -6.07035e-24
 -5.74858e-24
 -5.43307e-24
 -5.12388e-24
 -4.82152e-24
 -4.52529e-24
 -4.23630e-24
 -3.95428e-24
 -3.67976e-24
 -3.41218e-24
 -3.15232e-24
 -2.89509e-24
 -2.62813e-24
 -2.30546e-24
 -1.75584e-24
 -5.67440e-25
  2.37310e-24
  8.93586e-24
  2.21883e-23
  4.24911e-23
  6.24084e-23
  7.02384e-23
  6.51298e-23
  5.52213e-23
  4.57235e-23
  3.82219e-23
  3.25956e-23
  2.90434e-23
  2.87741e-23
  3.45822e-23
  5.01348e-23
  7.38810e-23
  9.19133e-23
  9.14704e-23
  7.88441e-23
  6.40690e-23
  5.13635e-23
  4.16985e-23
  3.45990e-23
  2.93269e-23
  2.52920e-23
  2.22429e-23
  1.96693e-23
  1.69728e-23
  1.34951e-23
  1.16174e-23
  1.04011e-23
  9.59941e-24
  8.99114e-24
  8.39914e-24
  7.87150e-24
  7.49124e-24
  7.26925e-24
  7.14798e-24
  7.05321e-24
  6.98578e-24
  6.92569e-24
  6.87455e-24
  6.81647e-24
  6.74156e-24
  6.67864e-24
  6.67260e-24
  6.73275e-24
  6.84316e-24
  6.99444e-24
  7.23627e-24
  7.52517e-24
  7.85384e-24
  8.21899e-24
  8.61764e-24
  9.04876e-24
  9.51116e-24
  1.00041e-23
  1.05253e-23
  1.10838e-23
  1.17535e-23
  1.24745e-23
  1.32401e-23
  1.40595e-23
  1.49374e-23
  1.58837e-23
  1.68990e-23
  1.79918e-23
  1.91611e-23
  2.04335e-23
  2.19261e-23
  2.35576e-23
  2.53134e-23
  2.72129e-23
  2.92587e-23
  3.14727e-23
  3.38599e-23
  3.64456e-23
  3.92376e-23
  4.22883e-23
   Cooling for Wiersma, Schaye and Smith (2008).
   Redshift = 6.0 log(T) = 2-8 K, log(dT) = 0.05, log(n_H) = -1 , [Z/Zsol] = 
-2.0
