 -9.34734e-23
 -8.91562e-23
 -8.50419e-23
 -8.11603e-23
 -7.74560e-23
 -7.39264e-23
 -7.05503e-23
 -6.72982e-23
 -6.41764e-23
 -6.12374e-23
 -5.83913e-23
 -5.56448e-23
 -5.30099e-23
 -5.04902e-23
 -4.80575e-23
 -4.57022e-23
 -4.34422e-23
 -4.12755e-23
 -3.91810e-23
 -3.71553e-23
 -3.52114e-23
 -3.33452e-23
 -3.15413e-23
 -2.98001e-23
 -2.81379e-23
 -2.65346e-23
 -2.49856e-23
 -2.35061e-23
 -2.20999e-23
 -2.07538e-23
 -1.94696e-23
 -1.82378e-23
 -1.70589e-23
 -1.59353e-23
 -1.48736e-23
 -1.38598e-23
 -1.28939e-23
 -1.19616e-23
 -1.10880e-23
 -1.02522e-23
 -9.44535e-24
 -8.67601e-24
 -7.93008e-24
 -7.20171e-24
 -6.48134e-24
 -5.74825e-24
 -4.98669e-24
 -4.17476e-24
 -3.27951e-24
 -2.29478e-24
 -1.12082e-24
  1.95355e-25
  1.74646e-24
  3.55987e-24
  5.71090e-24
  8.35251e-24
  1.16732e-23
  1.59647e-23
  2.14658e-23
  2.81498e-23
  3.54333e-23
  4.20411e-23
  4.65274e-23
  4.86450e-23
  4.85363e-23
  4.67828e-23
  4.39970e-23
  4.03011e-23
  3.59803e-23
  3.13981e-23
  2.68115e-23
  2.37894e-23
  2.23078e-23
  2.10334e-23
  2.01054e-23
  1.94124e-23
  1.87971e-23
  1.89575e-23
  1.90215e-23
  1.91613e-23
  1.91971e-23
  1.88575e-23
  1.82119e-23
  1.72550e-23
  1.59603e-23
  1.44005e-23
  1.29626e-23
  1.19221e-23
  1.13272e-23
  1.09813e-23
  1.08022e-23
  1.08359e-23
  1.10339e-23
  1.13729e-23
  1.18340e-23
  1.24065e-23
  1.31028e-23
  1.38959e-23
  1.47995e-23
  1.58054e-23
  1.69171e-23
  1.81976e-23
  1.95840e-23
  2.10721e-23
  2.26930e-23
  2.44706e-23
  2.64457e-23
  2.86298e-23
  3.10578e-23
  3.37340e-23
  3.67174e-23
  4.01319e-23
  4.39371e-23
  4.81277e-23
  5.27743e-23
  5.78947e-23
  6.35720e-23
  6.98349e-23
  7.67815e-23
  8.44541e-23
  9.29923e-23
   Cooling for Wiersma, Schaye and Smith (2008).
   Redshift = 0.0 log(T) = 2-8 K, log(dT) = 0.05, log(n_H) = -5 , [Z/Zsol] = 
-1.0
