 -7.35147e-23
 -6.87544e-23
 -6.42964e-23
 -6.01995e-23
 -5.63032e-23
 -5.27017e-23
 -4.93234e-23
 -4.61531e-23
 -4.31935e-23
 -4.04665e-23
 -3.78809e-23
 -3.54707e-23
 -3.32497e-23
 -3.11482e-23
 -2.91855e-23
 -2.73798e-23
 -2.56695e-23
 -2.40741e-23
 -2.26051e-23
 -2.12140e-23
 -1.99157e-23
 -1.87163e-23
 -1.75868e-23
 -1.65279e-23
 -1.55522e-23
 -1.46264e-23
 -1.37653e-23
 -1.29615e-23
 -1.22038e-23
 -1.15026e-23
 -1.08370e-23
 -1.02180e-23
 -9.63036e-24
 -9.08398e-24
 -8.56641e-24
 -8.07802e-24
 -7.62048e-24
 -7.18194e-24
 -6.77243e-24
 -6.38302e-24
 -6.00972e-24
 -5.64943e-24
 -5.30156e-24
 -4.95685e-24
 -4.60260e-24
 -4.22089e-24
 -3.78365e-24
 -3.26321e-24
 -2.62292e-24
 -1.83546e-24
 -8.75641e-25
  2.74987e-25
  1.68375e-24
  3.61426e-24
  6.80533e-24
  1.28067e-23
  2.39395e-23
  4.12127e-23
  5.94175e-23
  6.79537e-23
  6.42884e-23
  5.46159e-23
  4.44911e-23
  3.59918e-23
  2.92668e-23
  2.41292e-23
  2.01649e-23
  1.71156e-23
  1.47297e-23
  1.28342e-23
  1.05415e-23
  9.37942e-24
  8.46605e-24
  7.75414e-24
  7.18261e-24
  6.66772e-24
  6.26537e-24
  5.96510e-24
  5.74247e-24
  5.58310e-24
  5.47104e-24
  5.42776e-24
  5.41966e-24
  5.43997e-24
  5.48238e-24
  5.54586e-24
  5.63020e-24
  5.73767e-24
  5.86559e-24
  6.01153e-24
  6.17655e-24
  6.40915e-24
  6.66545e-24
  6.94031e-24
  7.23312e-24
  7.54357e-24
  7.87025e-24
  8.21286e-24
  8.57117e-24
  8.94426e-24
  9.34093e-24
  9.83528e-24
  1.03645e-23
  1.09190e-23
  1.15002e-23
  1.21069e-23
  1.27407e-23
  1.34002e-23
  1.40867e-23
  1.47984e-23
  1.55522e-23
  1.64636e-23
  1.74387e-23
  1.84598e-23
  1.95311e-23
  2.06501e-23
  2.18203e-23
  2.30394e-23
  2.43104e-23
  2.56311e-23
  2.70272e-23
   Cooling for Wiersma, Schaye and Smith (2008), NO COMPTON.
   11 < z < 9.89 (highz) log(T) = 2-8 K, log(dT) = 0.05, log(n_H) = -4
 , [Z/Zsol] = -3.0
