 -7.34808e-23
 -6.87133e-23
 -6.42473e-23
 -6.01419e-23
 -5.62355e-23
 -5.26225e-23
 -4.92315e-23
 -4.60467e-23
 -4.30709e-23
 -4.03256e-23
 -3.77194e-23
 -3.52863e-23
 -3.30392e-23
 -3.09085e-23
 -2.89132e-23
 -2.70704e-23
 -2.53188e-23
 -2.36770e-23
 -2.21554e-23
 -2.07058e-23
 -1.93419e-23
 -1.80681e-23
 -1.68555e-23
 -1.57039e-23
 -1.46225e-23
 -1.35798e-23
 -1.25865e-23
 -1.16343e-23
 -1.07107e-23
 -9.82170e-24
 -8.94679e-24
 -8.09151e-24
 -7.24008e-24
 -6.39565e-24
 -5.54414e-24
 -4.68224e-24
 -3.80156e-24
 -2.89454e-24
 -1.95137e-24
 -9.64516e-25
  7.81279e-26
  1.18671e-24
  2.38123e-24
  3.67482e-24
  5.09830e-24
  6.67825e-24
  8.45938e-24
  1.04830e-23
  1.28214e-23
  1.55202e-23
  1.86280e-23
  2.21854e-23
  2.62930e-23
  3.12602e-23
  3.78766e-23
  4.77251e-23
  6.32341e-23
  8.55278e-23
  1.09555e-22
  1.24748e-22
  1.28467e-22
  1.26901e-22
  1.25747e-22
  1.27308e-22
  1.31734e-22
  1.39148e-22
  1.49243e-22
  1.62025e-22
  1.77522e-22
  1.95608e-22
  2.15656e-22
  2.39632e-22
  2.66789e-22
  2.97696e-22
  3.32450e-22
  3.71745e-22
  4.15826e-22
  4.65624e-22
  5.21405e-22
  5.84292e-22
  6.54705e-22
  7.34020e-22
  8.22828e-22
  9.22735e-22
  1.03462e-21
  1.16041e-21
  1.30134e-21
  1.45967e-21
  1.63714e-21
  1.83642e-21
  2.05989e-21
  2.31076e-21
  2.59220e-21
  2.90791e-21
  3.26229e-21
  3.65961e-21
  4.10580e-21
  4.60582e-21
  5.16761e-21
  5.79688e-21
  6.50426e-21
  7.29627e-21
  8.18704e-21
  9.18380e-21
  1.03054e-20
  1.15598e-20
  1.29720e-20
  1.45508e-20
  1.63289e-20
  1.83158e-20
  2.05547e-20
  2.30561e-20
  2.58747e-20
  2.90245e-20
  3.25718e-20
  3.65381e-20
  4.10025e-20
  4.59968e-20
  5.16157e-20
  5.79045e-20
  6.49762e-20
   Cooling for Wiersma, Schaye and Smith (2008).
   Redshift = 9.0 log(T) = 2-8 K, log(dT) = 0.05, log(n_H) = -4 , [Z/Zsol] = 
-Inf
