 -1.03265e-22
 -9.77106e-23
 -9.24752e-23
 -8.74859e-23
 -8.27594e-23
 -7.83241e-23
 -7.41188e-23
 -7.01385e-23
 -6.63364e-23
 -6.27497e-23
 -5.93328e-23
 -5.60727e-23
 -5.29765e-23
 -5.00458e-23
 -4.72487e-23
 -4.45751e-23
 -4.20350e-23
 -3.96292e-23
 -3.73324e-23
 -3.51423e-23
 -3.30492e-23
 -3.10643e-23
 -2.91843e-23
 -2.73956e-23
 -2.56961e-23
 -2.40756e-23
 -2.25294e-23
 -2.10647e-23
 -1.96851e-23
 -1.83767e-23
 -1.71404e-23
 -1.59662e-23
 -1.48494e-23
 -1.37938e-23
 -1.28043e-23
 -1.18532e-23
 -1.09663e-23
 -1.01220e-23
 -9.31318e-24
 -8.55088e-24
 -7.81757e-24
 -7.11812e-24
 -6.43653e-24
 -5.77362e-24
 -5.10862e-24
 -4.43677e-24
 -3.73064e-24
 -2.97971e-24
 -2.15773e-24
 -1.24860e-24
 -2.12075e-25
  9.63470e-25
  2.30261e-24
  3.85593e-24
  5.69665e-24
  7.94016e-24
  1.07350e-23
  1.43071e-23
  1.88624e-23
  2.44599e-23
  3.07063e-23
  3.66253e-23
  4.10508e-23
  4.33017e-23
  4.34506e-23
  4.20297e-23
  3.98689e-23
  3.73815e-23
  3.50097e-23
  3.27386e-23
  3.02949e-23
  2.90650e-23
  2.84407e-23
  2.81376e-23
  2.80632e-23
  2.82422e-23
  2.89031e-23
  3.01370e-23
  3.17105e-23
  3.34230e-23
  3.52145e-23
  3.68247e-23
  3.84295e-23
  3.98446e-23
  4.11271e-23
  4.26169e-23
  4.46895e-23
  4.76736e-23
  5.15165e-23
  5.61818e-23
  6.16122e-23
  6.79182e-23
  7.51402e-23
  8.33342e-23
  9.26038e-23
  1.03091e-22
  1.14853e-22
  1.28062e-22
  1.42912e-22
  1.59539e-22
  1.78207e-22
  1.99145e-22
  2.22629e-22
  2.48849e-22
  2.78304e-22
  3.11212e-22
  3.48237e-22
  3.89607e-22
  4.36173e-22
  4.88170e-22
  5.46734e-22
  6.12244e-22
  6.86018e-22
  7.68400e-22
  8.61110e-22
  9.64695e-22
  1.08121e-21
  1.21146e-21
  1.35791e-21
  1.52172e-21
  1.70583e-21
   Cooling for Wiersma, Schaye and Smith (2008).
   Redshift = 3.0 log(T) = 2-8 K, log(dT) = 0.05, log(n_H) = -4 , [Z/Zsol] = 
-1.0
