 -3.28117e-23
 -3.16412e-23
 -3.04121e-23
 -2.91991e-23
 -2.80009e-23
 -2.68197e-23
 -2.56568e-23
 -2.45160e-23
 -2.33968e-23
 -2.23019e-23
 -2.12307e-23
 -2.01868e-23
 -1.91700e-23
 -1.81820e-23
 -1.72229e-23
 -1.62940e-23
 -1.53954e-23
 -1.45276e-23
 -1.36910e-23
 -1.28856e-23
 -1.21119e-23
 -1.13582e-23
 -1.06446e-23
 -9.96136e-24
 -9.30873e-24
 -8.68545e-24
 -8.09137e-24
 -7.52492e-24
 -6.98611e-24
 -6.47284e-24
 -5.98483e-24
 -5.51874e-24
 -5.07489e-24
 -4.64988e-24
 -4.24198e-24
 -3.84834e-24
 -3.46569e-24
 -3.08552e-24
 -2.69641e-24
 -2.27657e-24
 -1.76185e-24
 -1.02898e-24
  2.84602e-25
  2.77366e-24
  7.56428e-24
  1.57402e-23
  2.75022e-23
  3.97072e-23
  4.71513e-23
  4.81194e-23
  4.51014e-23
  4.14187e-23
  3.88666e-23
  3.84654e-23
  4.15055e-23
  5.06396e-23
  6.93935e-23
  9.67032e-23
  1.19456e-22
  1.24383e-22
  1.16255e-22
  1.03298e-22
  9.02636e-23
  8.10959e-23
  7.58854e-23
  7.23729e-23
  6.94249e-23
  6.73388e-23
  6.37017e-23
  5.38765e-23
  4.01846e-23
  3.17566e-23
  2.77970e-23
  2.61873e-23
  2.52104e-23
  2.38257e-23
  2.20479e-23
  2.08508e-23
  2.05549e-23
  2.06801e-23
  2.06068e-23
  2.01173e-23
  1.93382e-23
  1.83264e-23
  1.69732e-23
  1.51988e-23
  1.33211e-23
  1.18007e-23
  1.07482e-23
  1.00109e-23
  9.46578e-24
  9.16473e-24
  9.06073e-24
  9.11470e-24
  9.28776e-24
  9.54547e-24
  9.86722e-24
  1.02364e-23
  1.06280e-23
  1.10130e-23
  1.13761e-23
  1.17742e-23
  1.21364e-23
  1.24676e-23
  1.28019e-23
  1.31798e-23
  1.36300e-23
  1.41513e-23
  1.47383e-23
  1.53769e-23
  1.60781e-23
  1.69510e-23
  1.78986e-23
  1.88999e-23
  1.99576e-23
  2.10676e-23
  2.22327e-23
  2.34500e-23
  2.47244e-23
  2.60450e-23
  2.74417e-23
   Cooling for Wiersma, Schaye and Smith (2008).
   Redshift = 2.0 log(T) = 2-8 K, log(dT) = 0.05, log(n_H) = -1 , [Z/Zsol] = 
-1.0
