 -6.53349e-23
 -6.08882e-23
 -5.65736e-23
 -5.24124e-23
 -4.83861e-23
 -4.44385e-23
 -4.07718e-23
 -3.70267e-23
 -3.35087e-23
 -3.03377e-23
 -2.72196e-23
 -2.41712e-23
 -2.13532e-23
 -1.88014e-23
 -1.63703e-23
 -1.40502e-23
 -1.19458e-23
 -1.00477e-23
 -8.24041e-24
 -6.64965e-24
 -5.24228e-24
 -3.83764e-24
 -2.68566e-24
 -1.66299e-24
 -7.73865e-25
 -2.55181e-26
  6.50585e-25
  1.18627e-24
  1.66489e-24
  2.08211e-24
  2.45605e-24
  2.81514e-24
  3.18867e-24
  3.61624e-24
  4.20445e-24
  4.90157e-24
  5.85114e-24
  7.13054e-24
  8.90305e-24
  1.12755e-23
  1.43857e-23
  1.83998e-23
  2.37207e-23
  3.06073e-23
  3.97994e-23
  5.19694e-23
  6.80471e-23
  8.89857e-23
  1.16337e-22
  1.50910e-22
  1.93875e-22
  2.45205e-22
  3.06962e-22
  3.80466e-22
  4.69819e-22
  5.78019e-22
  7.10665e-22
  8.67032e-22
  1.03186e-21
  1.18023e-21
  1.29490e-21
  1.34345e-21
  1.33759e-21
  1.35431e-21
  1.41397e-21
  1.47542e-21
  1.51530e-21
  1.53828e-21
  1.48728e-21
  1.24687e-21
  9.14354e-22
  7.01335e-22
  6.11935e-22
  5.84846e-22
  5.71643e-22
  5.43028e-22
  5.00669e-22
  4.74433e-22
  4.73227e-22
  4.82304e-22
  4.83563e-22
  4.69459e-22
  4.45087e-22
  4.11965e-22
  3.67051e-22
  3.08600e-22
  2.46636e-22
  1.95236e-22
  1.57881e-22
  1.29526e-22
  1.06234e-22
  8.80611e-23
  7.49550e-23
  6.69088e-23
  6.13233e-23
  5.76888e-23
  5.54643e-23
  5.55767e-23
  5.56744e-23
  5.58279e-23
  5.57019e-23
  5.55339e-23
  5.38602e-23
  5.06175e-23
  4.59197e-23
  4.13269e-23
  3.78214e-23
  3.52943e-23
  3.33265e-23
  3.20246e-23
  3.12910e-23
  3.09100e-23
  3.11519e-23
  3.16510e-23
  3.23796e-23
  3.32903e-23
  3.43672e-23
  3.55523e-23
  3.68820e-23
  3.82860e-23
  3.97829e-23
   Cooling for Wiersma, Schaye and Smith (2008), NO COMPTON.
   11 < z < 9.89 (highz) log(T) = 2-8 K, log(dT) = 0.05, log(n_H) = -3
 , [Z/Zsol] = 0.50
