 -3.24845e-23
 -3.10380e-23
 -2.95097e-23
 -2.79696e-23
 -2.64199e-23
 -2.48418e-23
 -2.32668e-23
 -2.17289e-23
 -2.02100e-23
 -1.87173e-23
 -1.72307e-23
 -1.58039e-23
 -1.44210e-23
 -1.30872e-23
 -1.18037e-23
 -1.05733e-23
 -9.39622e-24
 -8.27460e-24
 -7.21036e-24
 -6.20382e-24
 -5.25522e-24
 -4.04068e-24
 -3.16708e-24
 -2.35293e-24
 -1.59842e-24
 -9.00424e-25
 -2.52783e-25
  3.53073e-25
  9.25890e-25
  1.47709e-24
  2.02255e-24
  2.58146e-24
  3.17842e-24
  3.85706e-24
  4.68565e-24
  5.68374e-24
  6.97625e-24
  8.71768e-24
  1.11665e-23
  1.45042e-23
  1.90846e-23
  2.48625e-23
  3.28964e-23
  4.39212e-23
  5.91388e-23
  7.92743e-23
  1.04619e-22
  1.33742e-22
  1.64034e-22
  1.94781e-22
  2.30159e-22
  2.75714e-22
  3.36384e-22
  4.15232e-22
  5.15016e-22
  6.38701e-22
  7.89607e-22
  9.65529e-22
  1.14319e-21
  1.29582e-21
  1.41288e-21
  1.44854e-21
  1.41878e-21
  1.42432e-21
  1.48251e-21
  1.53851e-21
  1.57240e-21
  1.60307e-21
  1.56333e-21
  1.31109e-21
  9.49987e-22
  7.18863e-22
  6.21775e-22
  5.92919e-22
  5.79675e-22
  5.51633e-22
  5.07673e-22
  4.79081e-22
  4.76718e-22
  4.85728e-22
  4.86952e-22
  4.72732e-22
  4.48199e-22
  4.15294e-22
  3.70764e-22
  3.12166e-22
  2.49663e-22
  1.97878e-22
  1.60385e-22
  1.32392e-22
  1.09933e-22
  9.31597e-23
  8.19306e-23
  7.51541e-23
  7.16158e-23
  7.02447e-23
  7.04023e-23
  7.15838e-23
  7.30076e-23
  7.37764e-23
  7.31302e-23
  7.05996e-23
  6.58556e-23
  5.93514e-23
  5.21253e-23
  4.54938e-23
  4.03226e-23
  3.66219e-23
  3.41797e-23
  3.26067e-23
  3.17259e-23
  3.14633e-23
  3.16172e-23
  3.20624e-23
  3.27628e-23
  3.36633e-23
  3.47449e-23
  3.59848e-23
  3.74520e-23
  3.88666e-23
  4.03846e-23
   Cooling for Wiersma, Schaye and Smith (2008).
   Redshift = 2.0 log(T) = 2-8 K, log(dT) = 0.05, log(n_H) = -1 , [Z/Zsol] = 
0.50
