 -1.35662e-24
 -1.34907e-24
 -1.34107e-24
 -1.33278e-24
 -1.32419e-24
 -1.31528e-24
 -1.30605e-24
 -1.29647e-24
 -1.28656e-24
 -1.27626e-24
 -1.26559e-24
 -1.25451e-24
 -1.24302e-24
 -1.23108e-24
 -1.21870e-24
 -1.20585e-24
 -1.19250e-24
 -1.17863e-24
 -1.16423e-24
 -1.14925e-24
 -1.13368e-24
 -1.11745e-24
 -1.10055e-24
 -1.08296e-24
 -1.06464e-24
 -1.04556e-24
 -1.02564e-24
 -1.00489e-24
 -9.83234e-25
 -9.60666e-25
 -9.37074e-25
 -9.12340e-25
 -8.86443e-25
 -8.59402e-25
 -8.31082e-25
 -8.01407e-25
 -7.70723e-25
 -7.30973e-25
 -6.49476e-25
 -4.00389e-25
  5.33103e-25
  3.50575e-24
  1.24718e-23
  3.45122e-23
  7.71534e-23
  1.16067e-22
  1.16314e-22
  9.60583e-23
  7.56097e-23
  6.04640e-23
  4.95017e-23
  4.05567e-23
  3.33021e-23
  2.86192e-23
  2.75947e-23
  3.28533e-23
  4.78599e-23
  7.09673e-23
  8.83966e-23
  8.74472e-23
  7.44733e-23
  5.96066e-23
  4.69933e-23
  3.72940e-23
  2.99655e-23
  2.45188e-23
  2.03623e-23
  1.72040e-23
  1.47449e-23
  1.28360e-23
  1.04887e-23
  9.33388e-24
  8.41674e-24
  7.69840e-24
  7.12392e-24
  6.61190e-24
  6.21409e-24
  5.91440e-24
  5.68924e-24
  5.52781e-24
  5.41627e-24
  5.37968e-24
  5.38149e-24
  5.41688e-24
  5.48009e-24
  5.56858e-24
  5.67878e-24
  5.80896e-24
  5.95681e-24
  6.12110e-24
  6.30453e-24
  6.55594e-24
  6.83157e-24
  7.12690e-24
  7.44171e-24
  7.77566e-24
  8.12866e-24
  8.50028e-24
  8.89083e-24
  9.29983e-24
  9.73689e-24
  1.02766e-23
  1.08572e-23
  1.14694e-23
  1.21158e-23
  1.27953e-23
  1.35110e-23
  1.42617e-23
  1.50509e-23
  1.58770e-23
  1.67597e-23
  1.78148e-23
  1.89519e-23
  2.01540e-23
  2.14292e-23
  2.27761e-23
  2.42029e-23
  2.57092e-23
  2.73033e-23
  2.89857e-23
  3.07887e-23
   Cooling for Wiersma, Schaye and Smith (2008).
   Redshift = 8.0 log(T) = 2-8 K, log(dT) = 0.05, log(n_H) = 0 , [Z/Zsol] = -Inf
