 -7.53098e-23
 -6.99384e-23
 -6.48250e-23
 -5.99121e-23
 -5.52195e-23
 -5.07507e-23
 -4.65164e-23
 -4.25147e-23
 -3.87765e-23
 -3.51459e-23
 -3.18205e-23
 -2.87242e-23
 -2.57550e-23
 -2.30472e-23
 -2.05135e-23
 -1.81705e-23
 -1.60141e-23
 -1.40397e-23
 -1.22355e-23
 -1.05916e-23
 -9.10656e-24
 -7.73285e-24
 -6.53896e-24
 -5.46302e-24
 -4.51658e-24
 -3.66984e-24
 -2.93171e-24
 -2.27145e-24
 -1.70249e-24
 -1.18616e-24
 -7.35959e-25
 -3.02985e-25
  1.05655e-25
  5.71722e-25
  1.12093e-24
  1.79503e-24
  2.68967e-24
  3.85852e-24
  5.47519e-24
  7.59269e-24
  1.03406e-23
  1.38072e-23
  1.83379e-23
  2.42539e-23
  3.22280e-23
  4.28108e-23
  5.69034e-23
  7.53019e-23
  9.93517e-23
  1.30262e-22
  1.69444e-22
  2.17951e-22
  2.76966e-22
  3.47244e-22
  4.30291e-22
  5.28601e-22
  6.46040e-22
  7.83588e-22
  9.34002e-22
  1.07697e-21
  1.18932e-21
  1.24700e-21
  1.26225e-21
  1.29066e-21
  1.35087e-21
  1.40864e-21
  1.44049e-21
  1.44391e-21
  1.37632e-21
  1.15454e-21
  8.64419e-22
  6.78621e-22
  6.00451e-22
  5.75928e-22
  5.61798e-22
  5.33242e-22
  4.94725e-22
  4.73233e-22
  4.74806e-22
  4.85027e-22
  4.87136e-22
  4.74425e-22
  4.51568e-22
  4.19457e-22
  3.75293e-22
  3.18160e-22
  2.58622e-22
  2.10331e-22
  1.76205e-22
  1.51272e-22
  1.31662e-22
  1.17402e-22
  1.08450e-22
  1.04889e-22
  1.04222e-22
  1.06038e-22
  1.09886e-22
  1.16757e-22
  1.24414e-22
  1.33008e-22
  1.42353e-22
  1.52775e-22
  1.62966e-22
  1.73027e-22
  1.83332e-22
  1.95539e-22
  2.10947e-22
  2.29554e-22
  2.51382e-22
  2.76660e-22
  3.05871e-22
  3.38940e-22
  3.76868e-22
  4.19479e-22
  4.67634e-22
  5.21572e-22
  5.82337e-22
  6.50294e-22
  7.26748e-22
  8.12232e-22
  9.08278e-22
   Cooling for Wiersma, Schaye and Smith (2008).
   Redshift = 5.0 log(T) = 2-8 K, log(dT) = 0.05, log(n_H) = -3 , [Z/Zsol] = 
0.50
