 -7.71527e-23
 -7.23673e-23
 -6.78686e-23
 -6.36827e-23
 -5.97481e-23
 -5.60637e-23
 -5.26013e-23
 -4.93411e-23
 -4.62769e-23
 -4.34301e-23
 -4.07592e-23
 -3.82531e-23
 -3.58988e-23
 -3.36796e-23
 -3.15897e-23
 -2.96374e-23
 -2.78098e-23
 -2.60918e-23
 -2.44772e-23
 -2.29497e-23
 -2.15103e-23
 -2.01627e-23
 -1.88979e-23
 -1.77035e-23
 -1.65790e-23
 -1.55219e-23
 -1.45165e-23
 -1.35645e-23
 -1.26743e-23
 -1.18349e-23
 -1.10360e-23
 -1.02766e-23
 -9.56420e-24
 -8.88564e-24
 -8.22967e-24
 -7.59592e-24
 -6.98469e-24
 -6.38119e-24
 -5.76872e-24
 -5.14146e-24
 -4.50114e-24
 -3.82803e-24
 -3.08821e-24
 -2.24552e-24
 -1.22570e-24
  4.22313e-26
  1.67128e-24
  3.76814e-24
  6.50307e-24
  1.00236e-23
  1.45207e-23
  2.01089e-23
  2.69135e-23
  3.49947e-23
  4.45062e-23
  5.56983e-23
  6.91623e-23
  8.54718e-23
  1.04477e-22
  1.23985e-22
  1.39659e-22
  1.48141e-22
  1.51206e-22
  1.53198e-22
  1.56434e-22
  1.59802e-22
  1.61482e-22
  1.60275e-22
  1.51080e-22
  1.26528e-22
  9.56496e-23
  7.63423e-23
  6.77900e-23
  6.47383e-23
  6.28415e-23
  5.94801e-23
  5.51605e-23
  5.26383e-23
  5.25205e-23
  5.33459e-23
  5.34083e-23
  5.20477e-23
  4.97123e-23
  4.65118e-23
  4.21458e-23
  3.64784e-23
  3.05317e-23
  2.56833e-23
  2.22570e-23
  1.97523e-23
  1.77858e-23
  1.64082e-23
  1.55754e-23
  1.52869e-23
  1.52879e-23
  1.55330e-23
  1.59704e-23
  1.67025e-23
  1.74929e-23
  1.83561e-23
  1.92756e-23
  2.03474e-23
  2.13773e-23
  2.23615e-23
  2.33265e-23
  2.44333e-23
  2.58013e-23
  2.74253e-23
  2.92913e-23
  3.14158e-23
  3.38397e-23
  3.66536e-23
  3.98446e-23
  4.33719e-23
  4.72901e-23
  5.16097e-23
  5.63968e-23
  6.16691e-23
  6.75099e-23
  7.39472e-23
  8.10976e-23
   Cooling for Wiersma, Schaye and Smith (2008).
   Redshift = 2.0 log(T) = 2-8 K, log(dT) = 0.05, log(n_H) = -3 , [Z/Zsol] = 
****
