 -1.44742e-22
 -1.37478e-22
 -1.30505e-22
 -1.23891e-22
 -1.17494e-22
 -1.11416e-22
 -1.05597e-22
 -1.00045e-22
 -9.46983e-23
 -8.95816e-23
 -8.46792e-23
 -8.00133e-23
 -7.55532e-23
 -7.12799e-23
 -6.71877e-23
 -6.32734e-23
 -5.95303e-23
 -5.59662e-23
 -5.25684e-23
 -4.93184e-23
 -4.62105e-23
 -4.32214e-23
 -4.04028e-23
 -3.77013e-23
 -3.50982e-23
 -3.26302e-23
 -3.02573e-23
 -2.79746e-23
 -2.57903e-23
 -2.36879e-23
 -2.16498e-23
 -1.96829e-23
 -1.77588e-23
 -1.58963e-23
 -1.40543e-23
 -1.22449e-23
 -1.04469e-23
 -8.64746e-24
 -6.84430e-24
 -5.01084e-24
 -3.13805e-24
 -1.21080e-24
  7.91029e-25
  2.88127e-24
  5.08676e-24
  7.42319e-24
  9.92698e-24
  1.26105e-23
  1.55165e-23
  1.86804e-23
  2.21331e-23
  2.59223e-23
  3.01138e-23
  3.47463e-23
  3.99076e-23
  4.57147e-23
  5.23445e-23
  5.99578e-23
  6.87898e-23
  7.90596e-23
  9.08314e-23
  1.04001e-22
  1.18235e-22
  1.33039e-22
  1.48377e-22
  1.64556e-22
  1.82127e-22
  2.01750e-22
  2.23807e-22
  2.48872e-22
  2.76917e-22
  3.09039e-22
  3.45158e-22
  3.86058e-22
  4.31907e-22
  4.83655e-22
  5.41613e-22
  6.07011e-22
  6.80213e-22
  7.62695e-22
  8.55013e-22
  9.58966e-22
  1.07534e-21
  1.20624e-21
  1.35283e-21
  1.51761e-21
  1.70222e-21
  1.90963e-21
  2.14210e-21
  2.40314e-21
  2.69586e-21
  3.02445e-21
  3.39310e-21
  3.80663e-21
  4.27081e-21
  4.79125e-21
  5.37571e-21
  6.03068e-21
  6.76659e-21
  7.59088e-21
  8.51750e-21
  9.55496e-21
  1.07218e-20
  1.20275e-20
  1.34967e-20
  1.51400e-20
  1.69899e-20
  1.90580e-20
  2.13874e-20
  2.39901e-20
  2.69231e-20
  3.02000e-20
  3.38923e-20
  3.80185e-20
  4.26656e-20
  4.78614e-20
  5.37100e-20
  6.02527e-20
  6.76137e-20
  7.58522e-20
  8.51164e-20
   Cooling for Wiersma, Schaye and Smith (2008).
   Redshift = 5.0 log(T) = 2-8 K, log(dT) = 0.05, log(n_H) = -5 , [Z/Zsol] = 
-3.0
