 -7.82679e-23
 -7.33953e-23
 -6.88229e-23
 -6.46182e-23
 -6.06098e-23
 -5.68668e-23
 -5.34067e-23
 -5.01289e-23
 -4.70578e-23
 -4.42416e-23
 -4.15598e-23
 -3.90497e-23
 -3.67369e-23
 -3.45402e-23
 -3.24828e-23
 -3.05838e-23
 -2.87837e-23
 -2.70963e-23
 -2.55373e-23
 -2.40535e-23
 -2.26824e-23
 -2.13729e-23
 -2.01500e-23
 -1.89976e-23
 -1.79078e-23
 -1.68731e-23
 -1.58895e-23
 -1.49531e-23
 -1.40567e-23
 -1.31980e-23
 -1.23696e-23
 -1.15590e-23
 -1.07712e-23
 -9.99185e-24
 -9.20693e-24
 -8.41828e-24
 -7.60667e-24
 -6.76339e-24
 -5.87012e-24
 -4.91989e-24
 -3.90093e-24
 -2.79851e-24
 -1.58289e-24
 -2.25421e-25
  1.32222e-24
  3.11024e-24
  5.21541e-24
  7.69928e-24
  1.06823e-23
  1.42422e-23
  1.85239e-23
  2.35981e-23
  2.96765e-23
  3.70071e-23
  4.62688e-23
  5.88054e-23
  7.66822e-23
  1.01125e-22
  1.28850e-22
  1.50977e-22
  1.62987e-22
  1.68703e-22
  1.72883e-22
  1.77138e-22
  1.80828e-22
  1.83057e-22
  1.84595e-22
  1.86453e-22
  1.90027e-22
  1.94509e-22
  2.00263e-22
  2.11136e-22
  2.26413e-22
  2.44886e-22
  2.65873e-22
  2.89949e-22
  3.18041e-22
  3.51335e-22
  3.89279e-22
  4.31846e-22
  4.78838e-22
  5.30171e-22
  5.86900e-22
  6.49401e-22
  7.18343e-22
  7.95907e-22
  8.84051e-22
  9.85208e-22
  1.10021e-21
  1.23076e-21
  1.37766e-21
  1.54310e-21
  1.72912e-21
  1.93814e-21
  2.17302e-21
  2.43673e-21
  2.73289e-21
  3.06493e-21
  3.43810e-21
  3.85615e-21
  4.32608e-21
  4.85221e-21
  5.44381e-21
  6.10572e-21
  6.85050e-21
  7.68349e-21
  8.62133e-21
  9.66981e-21
  1.08508e-20
  1.21704e-20
  1.36576e-20
  1.53191e-20
  1.71913e-20
  1.92835e-20
  2.16397e-20
  2.42742e-20
  2.72396e-20
  3.05569e-20
  3.42890e-20
  3.84661e-20
  4.31631e-20
   Cooling for Wiersma, Schaye and Smith (2008).
   Redshift = 8.0 log(T) = 2-8 K, log(dT) = 0.05, log(n_H) = -4 , [Z/Zsol] = 
****
