 -6.37144e-23
 -5.97362e-23
 -5.59377e-23
 -5.23461e-23
 -4.89386e-23
 -4.57154e-23
 -4.26755e-23
 -3.97733e-23
 -3.70463e-23
 -3.45182e-23
 -3.21176e-23
 -2.98371e-23
 -2.77044e-23
 -2.57235e-23
 -2.38542e-23
 -2.20906e-23
 -2.04483e-23
 -1.89099e-23
 -1.74770e-23
 -1.61440e-23
 -1.49031e-23
 -1.37280e-23
 -1.26409e-23
 -1.16309e-23
 -1.06980e-23
 -9.81999e-24
 -9.01100e-24
 -8.25923e-24
 -7.55199e-24
 -6.89664e-24
 -6.27782e-24
 -5.69798e-24
 -5.14443e-24
 -4.61338e-24
 -4.09867e-24
 -3.59133e-24
 -3.08477e-24
 -2.56023e-24
 -2.00375e-24
 -1.40252e-24
 -7.31234e-25
  3.86751e-26
  9.75318e-25
  2.15896e-24
  3.76482e-24
  5.99657e-24
  9.15019e-24
  1.34766e-23
  1.92038e-23
  2.60919e-23
  3.36550e-23
  4.11774e-23
  4.87457e-23
  5.71765e-23
  6.85813e-23
  8.60321e-23
  1.13546e-22
  1.50424e-22
  1.84010e-22
  2.00254e-22
  2.01904e-22
  1.94710e-22
  1.83904e-22
  1.77958e-22
  1.78527e-22
  1.81036e-22
  1.82702e-22
  1.83743e-22
  1.78197e-22
  1.54451e-22
  1.21363e-22
  1.01554e-22
  9.46045e-23
  9.44055e-23
  9.61003e-23
  9.67586e-23
  9.66148e-23
  9.87340e-23
  1.04013e-22
  1.11081e-22
  1.18180e-22
  1.24675e-22
  1.31123e-22
  1.37834e-22
  1.44586e-22
  1.51394e-22
  1.59384e-22
  1.70222e-22
  1.84379e-22
  2.01617e-22
  2.21798e-22
  2.45285e-22
  2.72359e-22
  3.03385e-22
  3.38540e-22
  3.78203e-22
  4.22913e-22
  4.73259e-22
  5.29800e-22
  5.93115e-22
  6.64240e-22
  7.43911e-22
  8.33603e-22
  9.33546e-22
  1.04587e-21
  1.17152e-21
  1.31311e-21
  1.47149e-21
  1.64992e-21
  1.84933e-21
  2.07409e-21
  2.32529e-21
  2.60837e-21
  2.92467e-21
  3.28086e-21
  3.67905e-21
  4.12720e-21
  4.62846e-21
  5.19233e-21
  5.82333e-21
  6.53281e-21
   Cooling for Wiersma, Schaye and Smith (2008).
   Redshift = 9.0 log(T) = 2-8 K, log(dT) = 0.05, log(n_H) = -3 , [Z/Zsol] = 
****
