 -1.53269e-21
 -1.47465e-21
 -1.41972e-21
 -1.36997e-21
 -1.32543e-21
 -1.28564e-21
 -1.25256e-21
 -1.22405e-21
 -1.20001e-21
 -1.17794e-21
 -1.15519e-21
 -1.13263e-21
 -1.10678e-21
 -1.08059e-21
 -1.05210e-21
 -1.02356e-21
 -9.93729e-22
 -9.64063e-22
 -9.33886e-22
 -9.03645e-22
 -8.73321e-22
 -8.42059e-22
 -8.09874e-22
 -7.76796e-22
 -7.42391e-22
 -7.05991e-22
 -6.67387e-22
 -6.27367e-22
 -5.84952e-22
 -5.40706e-22
 -4.94967e-22
 -4.47913e-22
 -3.99950e-22
 -3.51166e-22
 -3.01955e-22
 -2.53169e-22
 -2.04219e-22
 -1.55611e-22
 -1.06902e-22
 -5.78366e-23
 -8.03883e-24
  4.31773e-23
  9.66531e-23
  1.52308e-22
  2.12390e-22
  2.76964e-22
  3.47780e-22
  4.24756e-22
  5.08952e-22
  6.02591e-22
  7.05429e-22
  8.19013e-22
  9.45213e-22
  1.08391e-21
  1.23998e-21
  1.41400e-21
  1.60826e-21
  1.82541e-21
  2.06815e-21
  2.34004e-21
  2.64572e-21
  2.98502e-21
  3.36224e-21
  3.79671e-21
  4.27994e-21
  4.81805e-21
  5.41844e-21
  6.09294e-21
  6.84675e-21
  7.69456e-21
  8.64190e-21
  9.70854e-21
  1.09002e-20
  1.22431e-20
  1.37439e-20
  1.54347e-20
  1.73229e-20
  1.94493e-20
  2.18269e-20
  2.45022e-20
  2.74941e-20
  3.08599e-20
  3.46263e-20
  3.88614e-20
  4.36030e-20
  4.89324e-20
  5.49023e-20
  6.16092e-20
  6.91262e-20
  7.75670e-20
  8.70322e-20
  9.76555e-20
  1.09574e-19
  1.22944e-19
  1.37952e-19
  1.54780e-19
  1.73678e-19
  1.94856e-19
  2.18653e-19
  2.45308e-19
  2.75273e-19
  3.08821e-19
  3.46553e-19
  3.88777e-19
  4.36290e-19
  4.89431e-19
  5.49260e-19
  6.16144e-19
  6.91479e-19
  7.75659e-19
  8.70521e-19
  9.76503e-19
  1.09592e-18
  1.22938e-18
  1.37968e-18
  1.54774e-18
  1.73691e-18
  1.94853e-18
  2.18662e-18
  2.45311e-18
  2.75277e-18
   Cooling for Wiersma, Schaye and Smith (2008).
   Redshift = 7.0 log(T) = 2-8 K, log(dT) = 0.05, log(n_H) = -6 , [Z/Zsol] = 
0.50
