 -2.56943e-22
 -2.45269e-22
 -2.34002e-22
 -2.22997e-22
 -2.12337e-22
 -2.02135e-22
 -1.92276e-22
 -1.82766e-22
 -1.73584e-22
 -1.64682e-22
 -1.56095e-22
 -1.47901e-22
 -1.40043e-22
 -1.32508e-22
 -1.25281e-22
 -1.18336e-22
 -1.11678e-22
 -1.05351e-22
 -9.93595e-23
 -9.35476e-23
 -8.81163e-23
 -8.29284e-23
 -7.79606e-23
 -7.33024e-23
 -6.88261e-23
 -6.46589e-23
 -6.06539e-23
 -5.69249e-23
 -5.33545e-23
 -5.00322e-23
 -4.68645e-23
 -4.38723e-23
 -4.11001e-23
 -3.84507e-23
 -3.59826e-23
 -3.36614e-23
 -3.14706e-23
 -2.94112e-23
 -2.75126e-23
 -2.57011e-23
 -2.40077e-23
 -2.24164e-23
 -2.09403e-23
 -1.95526e-23
 -1.82479e-23
 -1.70250e-23
 -1.58821e-23
 -1.48107e-23
 -1.38084e-23
 -1.28810e-23
 -1.19984e-23
 -1.11632e-23
 -1.03732e-23
 -9.61600e-24
 -8.86882e-24
 -8.09018e-24
 -7.21511e-24
 -6.14983e-24
 -4.78666e-24
 -3.02130e-24
 -8.25880e-25
  1.68981e-24
  4.19790e-24
  6.25088e-24
  7.53417e-24
  7.95534e-24
  7.72628e-24
  7.09518e-24
  6.30459e-24
  5.49833e-24
  4.66145e-24
  4.02796e-24
  3.49589e-24
  3.06692e-24
  2.72256e-24
  2.39967e-24
  2.16147e-24
  1.99967e-24
  1.89870e-24
  1.85207e-24
  1.85020e-24
  1.92098e-24
  2.03049e-24
  2.17615e-24
  2.35428e-24
  2.56452e-24
  2.80505e-24
  3.07636e-24
  3.37799e-24
  3.71113e-24
  4.08069e-24
  4.53818e-24
  5.04263e-24
  5.59256e-24
  6.19136e-24
  6.84217e-24
  7.54967e-24
  8.31740e-24
  9.15201e-24
  1.00575e-23
  1.10520e-23
  1.22151e-23
  1.34963e-23
  1.48920e-23
  1.64195e-23
  1.80843e-23
  1.99089e-23
  2.18989e-23
  2.40837e-23
  2.64691e-23
  2.91088e-23
  3.21268e-23
  3.54754e-23
  3.91488e-23
  4.32072e-23
  4.76660e-23
  5.25955e-23
  5.80202e-23
  6.40227e-23
  7.06392e-23
  7.79904e-23
   Cooling for Wiersma, Schaye and Smith (2008), NO COMPTON.
   11 < z < 9.89 (highz) log(T) = 2-8 K, log(dT) = 0.05, log(n_H) = -6
 , [Z/Zsol] = -Inf
