  2.14107e-32
  2.56124e-32
  3.03302e-32
  3.56610e-32
  4.02463e-32
  4.69738e-32
  5.44813e-32
  6.28553e-32
  7.20846e-32
  8.21365e-32
  9.17697e-32
  1.03828e-31
  1.16934e-31
  1.31194e-31
  1.46686e-31
  1.63520e-31
  1.80786e-31
  2.01824e-31
  2.23930e-31
  2.49017e-31
  2.74392e-31
  3.02192e-31
  3.33359e-31
  3.66044e-31
  4.01547e-31
  4.41364e-31
  4.68839e-31
  5.18984e-31
  6.00965e-31
  6.67117e-31
  7.17974e-31
  8.20121e-31
  8.87828e-31
  9.38895e-31
  1.10186e-30
  1.46074e-30
  4.95485e-30
  2.24334e-29
  1.20531e-28
  7.36960e-28
  1.10779e-26
  1.88681e-25
  2.96922e-24
  2.36889e-23
  8.51708e-23
  1.29415e-22
  1.21290e-22
  9.69862e-23
  7.60967e-23
  6.17018e-23
  5.09509e-23
  4.17787e-23
  3.44398e-23
  2.98779e-23
  2.91323e-23
  3.47387e-23
  5.02118e-23
  7.40131e-23
  9.19761e-23
  9.14276e-23
  7.88333e-23
  6.40028e-23
  5.12548e-23
  4.15469e-23
  3.44246e-23
  2.91485e-23
  2.50897e-23
  2.20008e-23
  1.94054e-23
  1.66881e-23
  1.31960e-23
  1.13051e-23
  1.00742e-23
  9.22290e-24
  8.56442e-24
  7.91897e-24
  7.33775e-24
  6.88929e-24
  6.59527e-24
  6.41141e-24
  6.28714e-24
  6.24084e-24
  6.26096e-24
  6.35413e-24
  6.49660e-24
  6.65832e-24
  6.81947e-24
  6.98971e-24
  7.17867e-24
  7.39382e-24
  7.63935e-24
  7.97681e-24
  8.36479e-24
  8.79937e-24
  9.28053e-24
  9.80848e-24
  1.03831e-23
  1.10102e-23
  1.16942e-23
  1.24347e-23
  1.32451e-23
  1.42022e-23
  1.52497e-23
  1.63819e-23
  1.76120e-23
  1.89444e-23
  2.03970e-23
  2.19737e-23
  2.36952e-23
  2.55648e-23
  2.76251e-23
  2.99968e-23
  3.26177e-23
  3.54797e-23
  3.86246e-23
  4.20626e-23
  4.58433e-23
  4.99831e-23
  5.45401e-23
  5.95387e-23
  6.50706e-23
   Cooling for Wiersma, Schaye and Smith (2008), NO COMPTON.
   z > 11 (photodis) log(T) = 2-8 K, log(dT) = 0.05, log(n_H) = -6 , [Z/Zsol] = 
-2.0
