 -7.67493e-23
 -7.20186e-23
 -6.75761e-23
 -6.34474e-23
 -5.95708e-23
 -5.59449e-23
 -5.25404e-23
 -4.93367e-23
 -4.63271e-23
 -4.35288e-23
 -4.09057e-23
 -3.84478e-23
 -3.61400e-23
 -3.39654e-23
 -3.19179e-23
 -3.00061e-23
 -2.82157e-23
 -2.65334e-23
 -2.49514e-23
 -2.34558e-23
 -2.20430e-23
 -2.07178e-23
 -1.94745e-23
 -1.83004e-23
 -1.71912e-23
 -1.61458e-23
 -1.51522e-23
 -1.42094e-23
 -1.33235e-23
 -1.24851e-23
 -1.16862e-23
 -1.09250e-23
 -1.02078e-23
 -9.52494e-24
 -8.86972e-24
 -8.24189e-24
 -7.64442e-24
 -7.06750e-24
 -6.50397e-24
 -5.95217e-24
 -5.41386e-24
 -4.87642e-24
 -4.32682e-24
 -3.75010e-24
 -3.11044e-24
 -2.37208e-24
 -1.47794e-24
 -3.69697e-25
  1.03639e-24
  2.80561e-24
  5.00809e-24
  7.66387e-24
  1.07800e-23
  1.43558e-23
  1.85012e-23
  2.35167e-23
  3.00339e-23
  3.87862e-23
  4.99227e-23
  6.17752e-23
  7.07698e-23
  7.41563e-23
  7.30955e-23
  7.04590e-23
  6.81416e-23
  6.63031e-23
  6.44207e-23
  6.21123e-23
  5.76635e-23
  4.86832e-23
  3.74132e-23
  3.05612e-23
  2.72646e-23
  2.58389e-23
  2.48747e-23
  2.34897e-23
  2.18803e-23
  2.09078e-23
  2.07487e-23
  2.09344e-23
  2.09162e-23
  2.05034e-23
  1.98131e-23
  1.88777e-23
  1.75987e-23
  1.59325e-23
  1.42004e-23
  1.28382e-23
  1.19475e-23
  1.13706e-23
  1.09893e-23
  1.08549e-23
  1.09249e-23
  1.11981e-23
  1.15961e-23
  1.21063e-23
  1.27155e-23
  1.34583e-23
  1.42643e-23
  1.51405e-23
  1.60939e-23
  1.72091e-23
  1.83898e-23
  1.96322e-23
  2.09560e-23
  2.24157e-23
  2.40638e-23
  2.59024e-23
  2.79464e-23
  3.02047e-23
  3.27260e-23
  3.56235e-23
  3.88594e-23
  4.24163e-23
  4.63513e-23
  5.06777e-23
  5.54628e-23
  6.07280e-23
  6.65543e-23
  7.29741e-23
  8.01044e-23
   Cooling for Wiersma, Schaye and Smith (2008).
   Redshift = 2.0 log(T) = 2-8 K, log(dT) = 0.05, log(n_H) = -3 , [Z/Zsol] = 
-1.0
