 -2.42697e-22
 -2.34153e-22
 -2.25945e-22
 -2.18167e-22
 -2.10613e-22
 -2.03480e-22
 -1.96644e-22
 -1.90027e-22
 -1.83532e-22
 -1.77218e-22
 -1.71022e-22
 -1.64964e-22
 -1.59030e-22
 -1.53185e-22
 -1.47434e-22
 -1.41679e-22
 -1.36074e-22
 -1.30633e-22
 -1.25348e-22
 -1.20152e-22
 -1.15016e-22
 -1.09979e-22
 -1.05212e-22
 -1.00590e-22
 -9.60815e-23
 -9.18011e-23
 -8.76334e-23
 -8.36847e-23
 -7.99168e-23
 -7.63189e-23
 -7.28517e-23
 -6.95543e-23
 -6.63437e-23
 -6.32897e-23
 -6.02762e-23
 -5.73568e-23
 -5.44834e-23
 -5.16058e-23
 -4.87878e-23
 -4.58945e-23
 -4.29607e-23
 -3.99852e-23
 -3.69007e-23
 -3.37086e-23
 -3.03899e-23
 -2.68833e-23
 -2.32348e-23
 -1.93606e-23
 -1.51972e-23
 -1.07765e-23
 -6.00577e-24
 -8.78431e-25
  4.66860e-24
  1.07354e-23
  1.72934e-23
  2.44967e-23
  3.25852e-23
  4.17117e-23
  5.20700e-23
  6.40185e-23
  7.74445e-23
  9.23214e-23
  1.08363e-22
  1.25031e-22
  1.42389e-22
  1.60605e-22
  1.80211e-22
  2.01858e-22
  2.26404e-22
  2.54000e-22
  2.85266e-22
  3.20445e-22
  3.61272e-22
  4.04563e-22
  4.51872e-22
  5.03052e-22
  5.59342e-22
  6.23052e-22
  6.94760e-22
  7.76234e-22
  8.67954e-22
  9.71688e-22
  1.08814e-21
  1.21941e-21
  1.36664e-21
  1.53233e-21
  1.71909e-21
  1.92802e-21
  2.16224e-21
  2.42530e-21
  2.72032e-21
  3.05152e-21
  3.42314e-21
  3.84004e-21
  4.30806e-21
  4.83283e-21
  5.42217e-21
  6.08251e-21
  6.82426e-21
  7.65490e-21
  8.58843e-21
  9.63352e-21
  1.08089e-20
  1.21243e-20
  1.36045e-20
  1.52601e-20
  1.71241e-20
  1.92080e-20
  2.15551e-20
  2.41779e-20
  2.71334e-20
  3.04355e-20
  3.41563e-20
  3.83143e-20
  4.29972e-20
  4.82331e-20
  5.41268e-20
  6.07200e-20
  6.81377e-20
  7.64397e-20
  8.57754e-20
   Cooling for Wiersma, Schaye and Smith (2008).
   Redshift = 5.0 log(T) = 2-8 K, log(dT) = 0.05, log(n_H) = -5 , [Z/Zsol] = 0.0
