 -3.62061e-24
 -3.58462e-24
 -3.54571e-24
 -3.50549e-24
 -3.46406e-24
 -3.42128e-24
 -3.37726e-24
 -3.33191e-24
 -3.28530e-24
 -3.23737e-24
 -3.18816e-24
 -3.13764e-24
 -3.08586e-24
 -3.03277e-24
 -2.97840e-24
 -2.92273e-24
 -2.86574e-24
 -2.80742e-24
 -2.74776e-24
 -2.68672e-24
 -2.62429e-24
 -2.56009e-24
 -2.49471e-24
 -2.42789e-24
 -2.35959e-24
 -2.28978e-24
 -2.21834e-24
 -2.14527e-24
 -2.07046e-24
 -1.99388e-24
 -1.91528e-24
 -1.83435e-24
 -1.75108e-24
 -1.66522e-24
 -1.57641e-24
 -1.48413e-24
 -1.38762e-24
 -1.27838e-24
 -1.12521e-24
 -8.20519e-25
  6.32994e-26
  2.59196e-24
  9.74795e-24
  2.64295e-23
  5.81220e-23
  9.35473e-23
  1.04930e-22
  9.32292e-23
  7.56813e-23
  6.10952e-23
  5.05525e-23
  4.24870e-23
  3.61881e-23
  3.24489e-23
  3.24642e-23
  3.88931e-23
  5.53276e-23
  8.01096e-23
  9.92180e-23
  9.97862e-23
  8.80290e-23
  7.35873e-23
  6.07510e-23
  5.11813e-23
  4.45262e-23
  3.96692e-23
  3.58876e-23
  3.30673e-23
  3.02383e-23
  2.58232e-23
  1.98794e-23
  1.64180e-23
  1.45352e-23
  1.35328e-23
  1.28295e-23
  1.20398e-23
  1.12031e-23
  1.06166e-23
  1.03661e-23
  1.02923e-23
  1.01895e-23
  1.00058e-23
  9.75641e-24
  9.45586e-24
  9.06586e-24
  8.55926e-24
  8.03403e-24
  7.63458e-24
  7.39431e-24
  7.26391e-24
  7.20623e-24
  7.27092e-24
  7.41304e-24
  7.61697e-24
  7.87004e-24
  8.16092e-24
  8.48276e-24
  8.82974e-24
  9.19385e-24
  9.56526e-24
  9.94518e-24
  1.04023e-23
  1.08714e-23
  1.13472e-23
  1.18414e-23
  1.23657e-23
  1.29306e-23
  1.35337e-23
  1.41743e-23
  1.48467e-23
  1.55655e-23
  1.64439e-23
  1.73868e-23
  1.83753e-23
  1.94125e-23
  2.04954e-23
  2.16264e-23
  2.28028e-23
  2.40265e-23
  2.52947e-23
  2.66319e-23
   Cooling for Wiersma, Schaye and Smith (2008).
   Redshift = 1.0 log(T) = 2-8 K, log(dT) = 0.05, log(n_H) = 0 , [Z/Zsol] = -1.5
