 -5.82219e-23
 -5.49425e-23
 -5.17568e-23
 -4.87182e-23
 -4.58141e-23
 -4.30485e-23
 -4.04127e-23
 -3.79110e-23
 -3.55321e-23
 -3.32780e-23
 -3.11383e-23
 -2.91159e-23
 -2.72017e-23
 -2.53950e-23
 -2.36890e-23
 -2.20814e-23
 -2.05599e-23
 -1.91396e-23
 -1.77976e-23
 -1.65333e-23
 -1.53533e-23
 -1.42436e-23
 -1.32042e-23
 -1.22272e-23
 -1.13177e-23
 -1.04681e-23
 -9.67060e-24
 -8.92298e-24
 -8.22845e-24
 -7.57473e-24
 -6.96558e-24
 -6.39357e-24
 -5.85879e-24
 -5.35431e-24
 -4.87660e-24
 -4.42146e-24
 -3.99066e-24
 -3.57271e-24
 -3.15849e-24
 -2.74463e-24
 -2.30842e-24
 -1.81733e-24
 -1.19365e-24
 -3.07249e-25
  1.10115e-24
  3.35325e-24
  6.88753e-24
  1.19041e-23
  1.80721e-23
  2.41125e-23
  2.85735e-23
  3.10402e-23
  3.23148e-23
  3.39903e-23
  3.81654e-23
  4.77179e-23
  6.62515e-23
  9.30329e-23
  1.16030e-22
  1.22018e-22
  1.14732e-22
  1.02277e-22
  8.96006e-23
  8.05903e-23
  7.54157e-23
  7.19607e-23
  6.90696e-23
  6.69337e-23
  6.32117e-23
  5.34839e-23
  4.00287e-23
  3.17616e-23
  2.78812e-23
  2.63058e-23
  2.53462e-23
  2.39825e-23
  2.22464e-23
  2.10997e-23
  2.08484e-23
  2.10145e-23
  2.09867e-23
  2.05482e-23
  1.98264e-23
  1.88761e-23
  1.75899e-23
  1.58924e-23
  1.41040e-23
  1.26835e-23
  1.17370e-23
  1.11110e-23
  1.07070e-23
  1.05945e-23
  1.06665e-23
  1.09200e-23
  1.13156e-23
  1.18215e-23
  1.24218e-23
  1.31030e-23
  1.38451e-23
  1.46226e-23
  1.54272e-23
  1.63192e-23
  1.72368e-23
  1.81897e-23
  1.92237e-23
  2.03841e-23
  2.17154e-23
  2.32215e-23
  2.49179e-23
  2.67959e-23
  2.88938e-23
  3.13272e-23
  3.40330e-23
  3.69991e-23
  4.02697e-23
  4.38540e-23
  4.78042e-23
  5.21368e-23
  5.69130e-23
  6.21577e-23
  6.79670e-23
   Cooling for Wiersma, Schaye and Smith (2008).
   Redshift = 4.0 log(T) = 2-8 K, log(dT) = 0.05, log(n_H) = -2 , [Z/Zsol] = 
-1.0
