  2.36471e-33
  2.78297e-33
  3.25266e-33
  3.78340e-33
  4.37947e-33
  5.04933e-33
  5.79672e-33
  6.63038e-33
  7.54923e-33
  8.55074e-33
  9.64800e-33
  1.08477e-32
  1.21516e-32
  1.35702e-32
  1.51109e-32
  1.67849e-32
  1.86927e-32
  2.07512e-32
  2.26693e-32
  2.44210e-32
  2.75425e-32
  2.95357e-32
  3.25205e-32
  3.70830e-32
  4.02272e-32
  4.53730e-32
  4.83677e-32
  5.56416e-32
  5.89848e-32
  6.80940e-32
  7.15684e-32
  8.20056e-32
  8.74775e-32
  7.59002e-32
  1.24852e-31
  7.43752e-31
  4.85041e-30
  2.24317e-29
  1.20778e-28
  7.38076e-28
  1.10844e-26
  1.88708e-25
  2.96937e-24
  2.36896e-23
  8.51717e-23
  1.29418e-22
  1.21296e-22
  9.69936e-23
  7.61129e-23
  6.17140e-23
  5.09753e-23
  4.17988e-23
  3.44756e-23
  2.99267e-23
  2.92043e-23
  3.48333e-23
  5.03291e-23
  7.40809e-23
  9.20788e-23
  9.15638e-23
  7.88826e-23
  6.40790e-23
  5.13581e-23
  4.16836e-23
  3.45795e-23
  2.92996e-23
  2.52631e-23
  2.22079e-23
  1.96349e-23
  1.69315e-23
  1.34432e-23
  1.15573e-23
  1.03353e-23
  9.52488e-24
  8.90816e-24
  8.30438e-24
  7.76198e-24
  7.36700e-24
  7.12554e-24
  6.98324e-24
  6.87997e-24
  6.79085e-24
  6.71637e-24
  6.64217e-24
  6.55190e-24
  6.44526e-24
  6.34565e-24
  6.30258e-24
  6.31982e-24
  6.38563e-24
  6.48408e-24
  6.66244e-24
  6.87853e-24
  7.12277e-24
  7.39267e-24
  7.69001e-24
  8.00382e-24
  8.33791e-24
  8.69085e-24
  9.06087e-24
  9.45493e-24
  9.94555e-24
  1.04674e-23
  1.10117e-23
  1.15809e-23
  1.21736e-23
  1.27950e-23
  1.34424e-23
  1.41185e-23
  1.48203e-23
  1.55647e-23
  1.64669e-23
  1.74325e-23
  1.84438e-23
  1.95047e-23
  2.06124e-23
  2.17704e-23
  2.29761e-23
  2.42321e-23
  2.55362e-23
  2.69136e-23
   Cooling for Wiersma, Schaye and Smith (2008), NO COMPTON.
   z > 11 (photodis) log(T) = 2-8 K, log(dT) = 0.05, log(n_H) = -4 , [Z/Zsol] = 
-2.0
