 -1.29992e-22
 -1.23938e-22
 -1.18274e-22
 -1.12903e-22
 -1.07810e-22
 -1.03007e-22
 -9.84632e-23
 -9.41618e-23
 -9.00826e-23
 -8.62396e-23
 -8.25210e-23
 -7.89749e-23
 -7.55887e-23
 -7.24165e-23
 -6.93340e-23
 -6.62740e-23
 -6.34118e-23
 -6.07334e-23
 -5.81455e-23
 -5.56157e-23
 -5.32215e-23
 -5.09691e-23
 -4.87553e-23
 -4.65895e-23
 -4.45653e-23
 -4.26455e-23
 -4.07187e-23
 -3.89160e-23
 -3.72674e-23
 -3.57389e-23
 -3.42717e-23
 -3.28962e-23
 -3.16406e-23
 -3.04505e-23
 -2.92688e-23
 -2.80972e-23
 -2.69330e-23
 -2.57186e-23
 -2.43848e-23
 -2.29263e-23
 -2.13071e-23
 -1.94398e-23
 -1.71576e-23
 -1.42859e-23
 -1.05245e-23
 -5.60637e-24
  8.95504e-25
  9.24049e-24
  2.00666e-23
  3.35712e-23
  5.08194e-23
  7.17413e-23
  9.71963e-23
  1.27824e-22
  1.64459e-22
  2.07562e-22
  2.57887e-22
  3.15541e-22
  3.80697e-22
  4.52487e-22
  5.26659e-22
  5.96730e-22
  6.56596e-22
  6.96981e-22
  7.12767e-22
  6.99911e-22
  6.68810e-22
  6.27559e-22
  5.87328e-22
  5.43842e-22
  5.02154e-22
  4.72837e-22
  4.54929e-22
  4.39684e-22
  4.25936e-22
  4.16637e-22
  4.16311e-22
  4.27047e-22
  4.41509e-22
  4.52896e-22
  4.59727e-22
  4.51635e-22
  4.34279e-22
  4.00893e-22
  3.53805e-22
  3.03552e-22
  2.61066e-22
  2.34012e-22
  2.18892e-22
  2.12687e-22
  2.12132e-22
  2.16320e-22
  2.25611e-22
  2.39196e-22
  2.57092e-22
  2.80589e-22
  3.07144e-22
  3.38452e-22
  3.74623e-22
  4.15773e-22
  4.61963e-22
  5.13266e-22
  5.69701e-22
  6.32119e-22
  7.02146e-22
  7.80700e-22
  8.69882e-22
  9.70392e-22
  1.08435e-21
  1.21221e-21
  1.35675e-21
  1.51873e-21
  1.70144e-21
  1.90578e-21
  2.13602e-21
  2.39346e-21
  2.68329e-21
  3.00749e-21
  3.37216e-21
  3.78019e-21
  4.23892e-21
   Cooling for Wiersma, Schaye and Smith (2008).
   Redshift = 4.0 log(T) = 2-8 K, log(dT) = 0.05, log(n_H) = -4 , [Z/Zsol] = 
0.50
