  2.28763e-30
  2.70495e-30
  3.17603e-30
  3.70899e-30
  4.30760e-30
  4.98044e-30
  5.73117e-30
  6.56881e-30
  7.49154e-30
  8.49785e-30
  9.60056e-30
  1.08062e-29
  1.21169e-29
  1.35429e-29
  1.50922e-29
  1.67759e-29
  1.87333e-29
  2.08344e-29
  2.29862e-29
  2.53760e-29
  2.78779e-29
  2.99113e-29
  3.28766e-29
  3.68659e-29
  3.99159e-29
  4.45574e-29
  4.84349e-29
  5.49791e-29
  5.85048e-29
  6.84412e-29
  7.22297e-29
  8.69868e-29
  8.93652e-29
  1.14699e-28
  1.25191e-28
  2.46591e-28
  1.26695e-27
  5.07936e-27
  2.08703e-26
  6.58738e-26
  1.71179e-25
  6.35020e-25
  5.25828e-24
  3.46039e-23
  1.19192e-22
  1.88467e-22
  1.96364e-22
  1.88166e-22
  1.89977e-22
  2.06362e-22
  2.38332e-22
  2.81913e-22
  3.43798e-22
  4.20087e-22
  5.17519e-22
  6.41136e-22
  7.91829e-22
  9.69352e-22
  1.14525e-21
  1.29436e-21
  1.41382e-21
  1.44866e-21
  1.41459e-21
  1.42439e-21
  1.47930e-21
  1.52921e-21
  1.55878e-21
  1.58290e-21
  1.53664e-21
  1.27088e-21
  8.99721e-22
  6.52421e-22
  5.65209e-22
  5.29083e-22
  5.15138e-22
  5.02997e-22
  4.65002e-22
  4.49357e-22
  4.43989e-22
  4.51206e-22
  4.55524e-22
  4.41711e-22
  4.16632e-22
  3.82727e-22
  3.38186e-22
  2.81473e-22
  2.23425e-22
  1.75586e-22
  1.42261e-22
  1.16907e-22
  9.59525e-23
  7.93363e-23
  6.69741e-23
  5.79663e-23
  5.14316e-23
  4.67475e-23
  4.40666e-23
  4.23573e-23
  4.16718e-23
  4.19862e-23
  4.24108e-23
  4.25141e-23
  4.17755e-23
  4.00938e-23
  3.79442e-23
  3.56827e-23
  3.35757e-23
  3.19887e-23
  3.08397e-23
  3.03304e-23
  3.02352e-23
  3.06020e-23
  3.12836e-23
  3.22003e-23
  3.33378e-23
  3.46590e-23
  3.61550e-23
  3.77972e-23
  3.95737e-23
  4.14477e-23
  4.34445e-23
   Cooling for Wiersma, Schaye and Smith (2008), NO COMPTON.
   z > 11 (photodis) log(T) = 2-8 K, log(dT) = 0.05, log(n_H) = -5 , [Z/Zsol] = 
0.50
