 -7.40379e-23
 -6.92517e-23
 -6.47727e-23
 -6.06424e-23
 -5.67192e-23
 -5.30926e-23
 -4.96856e-23
 -4.64917e-23
 -4.35045e-23
 -4.07560e-23
 -3.81521e-23
 -3.57175e-23
 -3.34770e-23
 -3.13592e-23
 -2.93767e-23
 -2.75555e-23
 -2.58325e-23
 -2.42232e-23
 -2.27444e-23
 -2.13443e-23
 -2.00386e-23
 -1.88347e-23
 -1.77000e-23
 -1.66386e-23
 -1.56611e-23
 -1.47349e-23
 -1.38734e-23
 -1.30710e-23
 -1.23149e-23
 -1.16165e-23
 -1.09535e-23
 -1.03380e-23
 -9.75271e-24
 -9.20751e-24
 -8.68853e-24
 -8.19417e-24
 -7.72438e-24
 -7.26541e-24
 -6.82393e-24
 -6.38886e-24
 -5.95510e-24
 -5.51804e-24
 -5.07061e-24
 -4.59655e-24
 -4.07341e-24
 -3.47373e-24
 -2.75469e-24
 -1.87830e-24
 -7.82224e-25
  5.81295e-25
  2.26988e-24
  4.31784e-24
  6.83448e-24
  1.00861e-23
  1.48306e-23
  2.26132e-23
  3.57902e-23
  5.53715e-23
  7.61822e-23
  8.75962e-23
  8.69234e-23
  8.02056e-23
  7.28395e-23
  6.68643e-23
  6.22537e-23
  5.82735e-23
  5.42949e-23
  4.99176e-23
  4.49961e-23
  3.87844e-23
  3.16951e-23
  2.74169e-23
  2.51501e-23
  2.38563e-23
  2.27021e-23
  2.13089e-23
  2.00644e-23
  1.94855e-23
  1.94233e-23
  1.94991e-23
  1.94676e-23
  1.89913e-23
  1.83221e-23
  1.72622e-23
  1.57497e-23
  1.39401e-23
  1.21685e-23
  1.08431e-23
  9.93335e-24
  9.33248e-24
  8.88683e-24
  8.62891e-24
  8.52178e-24
  8.51928e-24
  8.60659e-24
  8.81107e-24
  9.03198e-24
  9.31375e-24
  9.64351e-24
  1.00118e-23
  1.04069e-23
  1.08892e-23
  1.13677e-23
  1.18427e-23
  1.23268e-23
  1.28313e-23
  1.33737e-23
  1.39593e-23
  1.45901e-23
  1.52586e-23
  1.59811e-23
  1.68719e-23
  1.78324e-23
  1.88446e-23
  1.99117e-23
  2.10294e-23
  2.22024e-23
  2.34264e-23
  2.47039e-23
  2.60317e-23
  2.74350e-23
   Cooling for Wiersma, Schaye and Smith (2008), NO COMPTON.
   11 < z < 9.89 (highz) log(T) = 2-8 K, log(dT) = 0.05, log(n_H) = -4
 , [Z/Zsol] = -1.0
