 -1.20001e-23
 -1.17765e-23
 -1.15266e-23
 -1.12705e-23
 -1.10088e-23
 -1.07411e-23
 -1.04685e-23
 -1.01920e-23
 -9.91166e-24
 -9.62809e-24
 -9.34128e-24
 -9.05294e-24
 -8.76324e-24
 -8.47262e-24
 -8.18157e-24
 -7.89046e-24
 -7.59964e-24
 -7.31332e-24
 -7.02391e-24
 -6.73745e-24
 -6.45081e-24
 -6.15574e-24
 -5.87207e-24
 -5.59085e-24
 -5.31226e-24
 -5.03614e-24
 -4.76217e-24
 -4.48989e-24
 -4.21873e-24
 -3.94788e-24
 -3.67624e-24
 -3.40205e-24
 -3.12419e-24
 -2.83856e-24
 -2.54153e-24
 -2.22739e-24
 -1.88328e-24
 -1.48818e-24
 -9.94116e-25
 -3.23755e-25
  7.75916e-25
  2.78576e-24
  7.17301e-24
  1.62687e-23
  3.36085e-23
  5.83774e-23
  7.97387e-23
  8.59326e-23
  7.99332e-23
  7.13756e-23
  6.51676e-23
  6.24738e-23
  6.30029e-23
  6.72111e-23
  7.64173e-23
  9.35436e-23
  1.22307e-22
  1.61031e-22
  1.94637e-22
  2.08923e-22
  2.08815e-22
  1.98875e-22
  1.84418e-22
  1.76152e-22
  1.75375e-22
  1.76028e-22
  1.75634e-22
  1.75843e-22
  1.69669e-22
  1.42744e-22
  1.04522e-22
  8.03698e-23
  6.98421e-23
  6.63200e-23
  6.44908e-23
  6.12404e-23
  5.65028e-23
  5.33918e-23
  5.29730e-23
  5.37512e-23
  5.37981e-23
  5.23714e-23
  4.99510e-23
  4.67274e-23
  4.23704e-23
  3.66343e-23
  3.05331e-23
  2.55283e-23
  2.19753e-23
  1.93947e-23
  1.73933e-23
  1.60313e-23
  1.52563e-23
  1.49563e-23
  1.50114e-23
  1.53155e-23
  1.58069e-23
  1.64366e-23
  1.71294e-23
  1.77971e-23
  1.83771e-23
  1.88902e-23
  1.92538e-23
  1.95074e-23
  1.97638e-23
  2.01565e-23
  2.07838e-23
  2.16486e-23
  2.27445e-23
  2.40346e-23
  2.55341e-23
  2.73436e-23
  2.93808e-23
  3.16230e-23
  3.40974e-23
  3.68048e-23
  3.97788e-23
  4.30278e-23
  4.65999e-23
  5.04837e-23
  5.47637e-23
   Cooling for Wiersma, Schaye and Smith (2008).
   Redshift = 7.0 log(T) = 2-8 K, log(dT) = 0.05, log(n_H) = -1 , [Z/Zsol] = 
****
