 -3.28213e-23
 -3.16589e-23
 -3.04387e-23
 -2.92352e-23
 -2.80473e-23
 -2.68778e-23
 -2.57271e-23
 -2.45979e-23
 -2.34904e-23
 -2.24072e-23
 -2.13482e-23
 -2.03156e-23
 -1.93096e-23
 -1.83317e-23
 -1.73822e-23
 -1.64622e-23
 -1.55717e-23
 -1.47114e-23
 -1.38815e-23
 -1.30820e-23
 -1.23134e-23
 -1.15733e-23
 -1.08643e-23
 -1.01850e-23
 -9.53534e-24
 -8.91425e-24
 -8.32174e-24
 -7.75645e-24
 -7.21865e-24
 -6.70649e-24
 -6.22016e-24
 -5.75680e-24
 -5.31746e-24
 -4.89989e-24
 -4.50436e-24
 -4.12848e-24
 -3.77258e-24
 -3.43241e-24
 -3.10383e-24
 -2.76975e-24
 -2.37453e-24
 -1.78993e-24
 -6.73855e-25
  1.56434e-24
  6.04851e-24
  1.38730e-23
  2.52358e-23
  3.69436e-23
  4.37161e-23
  4.38090e-23
  3.96626e-23
  3.45328e-23
  3.01226e-23
  2.73923e-23
  2.75891e-23
  3.33566e-23
  4.82265e-23
  7.11685e-23
  8.93686e-23
  8.99544e-23
  7.81471e-23
  6.37618e-23
  5.12187e-23
  4.16186e-23
  3.45450e-23
  2.92833e-23
  2.52527e-23
  2.22038e-23
  1.96278e-23
  1.69272e-23
  1.34456e-23
  1.15626e-23
  1.03400e-23
  9.53113e-24
  8.91472e-24
  8.31348e-24
  7.77545e-24
  7.38346e-24
  7.14837e-24
  7.01235e-24
  6.90099e-24
  6.81499e-24
  6.73409e-24
  6.65956e-24
  6.57529e-24
  6.47094e-24
  6.37500e-24
  6.33186e-24
  6.35042e-24
  6.41415e-24
  6.51306e-24
  6.69613e-24
  6.91910e-24
  7.17381e-24
  7.45594e-24
  7.76152e-24
  8.08810e-24
  8.43336e-24
  8.79469e-24
  9.16843e-24
  9.56115e-24
  1.00453e-23
  1.05576e-23
  1.10897e-23
  1.16462e-23
  1.22301e-23
  1.28455e-23
  1.34908e-23
  1.41669e-23
  1.48706e-23
  1.56182e-23
  1.65245e-23
  1.74955e-23
  1.85131e-23
  1.95812e-23
  2.06974e-23
  2.18650e-23
  2.30816e-23
  2.43503e-23
  2.56682e-23
  2.70613e-23
   Cooling for Wiersma, Schaye and Smith (2008).
   Redshift = 2.0 log(T) = 2-8 K, log(dT) = 0.05, log(n_H) = -1 , [Z/Zsol] = 
-2.0
