 -4.37760e-23
 -4.18378e-23
 -3.98809e-23
 -3.79751e-23
 -3.61198e-23
 -3.43195e-23
 -3.25725e-23
 -3.08829e-23
 -2.92484e-23
 -2.76724e-23
 -2.61528e-23
 -2.46914e-23
 -2.32867e-23
 -2.19397e-23
 -2.06486e-23
 -1.94139e-23
 -1.82339e-23
 -1.71082e-23
 -1.60353e-23
 -1.50140e-23
 -1.40430e-23
 -1.31192e-23
 -1.22437e-23
 -1.14136e-23
 -1.06280e-23
 -9.88412e-24
 -9.18132e-24
 -8.51681e-24
 -7.89022e-24
 -7.29839e-24
 -6.73937e-24
 -6.21075e-24
 -5.71513e-24
 -5.24958e-24
 -4.80753e-24
 -4.38993e-24
 -3.99996e-24
 -3.62982e-24
 -3.27494e-24
 -2.92689e-24
 -2.55659e-24
 -2.08780e-24
 -1.33781e-24
  1.69932e-26
  2.61297e-24
  7.16828e-24
  1.43182e-23
  2.32229e-23
  3.11119e-23
  3.49913e-23
  3.44603e-23
  3.16079e-23
  2.83555e-23
  2.63268e-23
  2.70871e-23
  3.34977e-23
  4.92252e-23
  7.29767e-23
  9.12054e-23
  9.11437e-23
  7.88047e-23
  6.41908e-23
  5.15855e-23
  4.19879e-23
  3.49422e-23
  2.97264e-23
  2.57511e-23
  2.27583e-23
  2.02460e-23
  1.76360e-23
  1.42669e-23
  1.25005e-23
  1.13992e-23
  1.07222e-23
  1.02512e-23
  9.81410e-24
  9.46115e-24
  9.27791e-24
  9.27508e-24
  9.39965e-24
  9.57980e-24
  9.82172e-24
  1.01078e-23
  1.04457e-23
  1.08231e-23
  1.12378e-23
  1.17237e-23
  1.23342e-23
  1.30848e-23
  1.39698e-23
  1.49912e-23
  1.62127e-23
  1.75972e-23
  1.91552e-23
  2.09000e-23
  2.28456e-23
  2.50139e-23
  2.74231e-23
  3.01035e-23
  3.30750e-23
  3.63883e-23
  4.01419e-23
  4.43314e-23
  4.89785e-23
  5.41656e-23
  5.99285e-23
  6.63748e-23
  7.35385e-23
  8.15567e-23
  9.04644e-23
  1.00457e-22
  1.11692e-22
  1.24302e-22
  1.38326e-22
  1.54042e-22
  1.71537e-22
  1.91141e-22
  2.12982e-22
  2.37455e-22
  2.64744e-22
  2.95342e-22
   Cooling for Wiersma, Schaye and Smith (2008).
   Redshift = 7.0 log(T) = 2-8 K, log(dT) = 0.05, log(n_H) = -2 , [Z/Zsol] = 
-2.0
