 -1.30680e-22
 -1.24831e-22
 -1.19257e-22
 -1.13998e-22
 -1.08979e-22
 -1.04191e-22
 -9.96088e-23
 -9.51904e-23
 -9.09390e-23
 -8.68868e-23
 -8.29906e-23
 -7.92355e-23
 -7.56054e-23
 -7.20694e-23
 -6.86441e-23
 -6.53461e-23
 -6.21238e-23
 -5.89741e-23
 -5.59125e-23
 -5.29316e-23
 -5.00019e-23
 -4.71198e-23
 -4.42992e-23
 -4.15274e-23
 -3.87719e-23
 -3.60487e-23
 -3.33530e-23
 -3.06720e-23
 -2.79900e-23
 -2.52934e-23
 -2.25637e-23
 -1.98010e-23
 -1.69921e-23
 -1.41140e-23
 -1.11434e-23
 -8.06519e-24
 -4.84584e-24
 -1.47440e-24
  2.09554e-24
  5.87834e-24
  9.93443e-24
  1.42811e-23
  1.89831e-23
  2.40869e-23
  2.96283e-23
  3.57150e-23
  4.23675e-23
  4.97304e-23
  5.78195e-23
  6.68308e-23
  7.67678e-23
  8.78466e-23
  1.00222e-22
  1.13990e-22
  1.29529e-22
  1.47156e-22
  1.67231e-22
  1.90507e-22
  2.17389e-22
  2.48519e-22
  2.83158e-22
  3.20567e-22
  3.59582e-22
  4.00686e-22
  4.45724e-22
  4.95550e-22
  5.51564e-22
  6.15133e-22
  6.86800e-22
  7.68008e-22
  8.58887e-22
  9.62011e-22
  1.07761e-21
  1.20803e-21
  1.35388e-21
  1.51823e-21
  1.70199e-21
  1.90910e-21
  2.14075e-21
  2.40167e-21
  2.69359e-21
  3.02215e-21
  3.38991e-21
  3.80353e-21
  4.26670e-21
  4.78734e-21
  5.37062e-21
  6.02593e-21
  6.76042e-21
  7.58520e-21
  8.51009e-21
  9.54821e-21
  1.07129e-20
  1.20195e-20
  1.34861e-20
  1.51305e-20
  1.69772e-20
  1.90468e-20
  2.13721e-20
  2.39769e-20
  2.69050e-20
  3.01832e-20
  3.38704e-20
  3.79964e-20
  4.26392e-20
  4.78320e-20
  5.36783e-20
  6.02139e-20
  6.75753e-20
  7.58010e-20
  8.50704e-20
  9.54264e-20
  1.07095e-19
  1.20136e-19
  1.34823e-19
  1.51244e-19
  1.69728e-19
  1.90407e-19
  2.13671e-19
  2.39710e-19
  2.68991e-19
   Cooling for Wiersma, Schaye and Smith (2008).
   Redshift = 7.0 log(T) = 2-8 K, log(dT) = 0.05, log(n_H) = -5 , [Z/Zsol] = 
-1.5
