 -3.53856e-22
 -3.39368e-22
 -3.25525e-22
 -3.13270e-22
 -3.01435e-22
 -2.90394e-22
 -2.79930e-22
 -2.69374e-22
 -2.59799e-22
 -2.49859e-22
 -2.40232e-22
 -2.30624e-22
 -2.20745e-22
 -2.11398e-22
 -2.01767e-22
 -1.92197e-22
 -1.83003e-22
 -1.73884e-22
 -1.65142e-22
 -1.56504e-22
 -1.48149e-22
 -1.40132e-22
 -1.32758e-22
 -1.25826e-22
 -1.19243e-22
 -1.13077e-22
 -1.07679e-22
 -1.02593e-22
 -9.78568e-23
 -9.36619e-23
 -8.97757e-23
 -8.62977e-23
 -8.29971e-23
 -7.98642e-23
 -7.69779e-23
 -7.42413e-23
 -7.16345e-23
 -6.91219e-23
 -6.67260e-23
 -6.43965e-23
 -6.20574e-23
 -5.97843e-23
 -5.75165e-23
 -5.52338e-23
 -5.29020e-23
 -5.04715e-23
 -4.78807e-23
 -4.50553e-23
 -4.19030e-23
 -3.83668e-23
 -3.44013e-23
 -3.00262e-23
 -2.54167e-23
 -2.02591e-23
 -1.41637e-23
 -8.72433e-24
 -3.23764e-24
  3.92054e-24
  9.90245e-24
  1.56355e-23
  2.22687e-23
  2.98084e-23
  3.64587e-23
  4.26944e-23
  5.03806e-23
  5.62655e-23
  6.07866e-23
  6.62404e-23
  6.97658e-23
  7.32129e-23
  7.49936e-23
  7.61740e-23
  7.65284e-23
  8.02060e-23
  8.02960e-23
  7.97312e-23
  7.98417e-23
  8.07238e-23
  8.22159e-23
  8.36929e-23
  8.57403e-23
  8.72136e-23
  8.76271e-23
  8.61635e-23
  8.32289e-23
  7.94638e-23
  7.55887e-23
  7.20213e-23
  6.81779e-23
  6.54539e-23
  6.31694e-23
  6.22734e-23
  6.23265e-23
  6.33873e-23
  6.55065e-23
  6.87752e-23
  7.18111e-23
  7.74686e-23
  8.44369e-23
  9.26217e-23
  1.00788e-22
  1.09526e-22
  1.18394e-22
  1.27673e-22
  1.37974e-22
  1.49609e-22
  1.63316e-22
  1.79100e-22
  1.97286e-22
  2.17876e-22
  2.41381e-22
  2.67955e-22
  2.97904e-22
  3.31660e-22
  3.69697e-22
  4.12216e-22
  4.60036e-22
  5.13465e-22
  5.73477e-22
  6.40506e-22
  7.15758e-22
   Cooling for Wiersma, Schaye and Smith (2008).
   Redshift = 0.0 log(T) = 2-8 K, log(dT) = 0.05, log(n_H) = -6 , [Z/Zsol] = 
0.50
