  2.29156e-32
  2.71147e-32
  3.18307e-32
  3.71596e-32
  4.31433e-32
  4.98684e-32
  5.73729e-32
  6.57425e-32
  7.49682e-32
  8.50248e-32
  9.60439e-32
  1.08095e-31
  1.21192e-31
  1.35444e-31
  1.50925e-31
  1.67748e-31
  1.86925e-31
  2.07625e-31
  2.26918e-31
  2.44525e-31
  2.75888e-31
  2.95918e-31
  3.25888e-31
  3.71670e-31
  4.03189e-31
  4.54788e-31
  4.84765e-31
  5.57645e-31
  5.91040e-31
  6.82220e-31
  7.16841e-31
  8.21166e-31
  8.75412e-31
  7.55621e-31
  1.18143e-30
  6.70157e-30
  4.07433e-29
  1.66762e-28
  7.13249e-28
  2.59854e-27
  1.56590e-26
  2.01458e-25
  3.03528e-24
  2.40022e-23
  8.61456e-23
  1.31112e-22
  1.23449e-22
  9.96225e-23
  7.93893e-23
  6.58933e-23
  5.63625e-23
  4.87229e-23
  4.33257e-23
  4.11153e-23
  4.32126e-23
  5.21645e-23
  7.15449e-23
  9.97207e-23
  1.22305e-22
  1.26131e-22
  1.17130e-22
  1.03739e-22
  9.04832e-23
  8.12002e-23
  7.59568e-23
  7.23854e-23
  6.94418e-23
  6.73252e-23
  6.37379e-23
  5.38951e-23
  4.01490e-23
  3.16976e-23
  2.77472e-23
  2.61246e-23
  2.51468e-23
  2.37386e-23
  2.19189e-23
  2.06934e-23
  2.03355e-23
  2.03994e-23
  2.04088e-23
  1.98899e-23
  1.91771e-23
  1.81707e-23
  1.67599e-23
  1.49652e-23
  1.30538e-23
  1.15372e-23
  1.04753e-23
  9.76293e-24
  9.21765e-24
  8.87470e-24
  8.70756e-24
  8.66331e-24
  8.72118e-24
  8.90451e-24
  9.10766e-24
  9.37525e-24
  9.69438e-24
  1.00549e-23
  1.04457e-23
  1.09245e-23
  1.14008e-23
  1.18742e-23
  1.23576e-23
  1.28492e-23
  1.33873e-23
  1.39613e-23
  1.45843e-23
  1.52450e-23
  1.59595e-23
  1.68419e-23
  1.77935e-23
  1.87960e-23
  1.98526e-23
  2.09587e-23
  2.21188e-23
  2.33288e-23
  2.45906e-23
  2.59009e-23
  2.72847e-23
   Cooling for Wiersma, Schaye and Smith (2008), NO COMPTON.
   z > 11 (photodis) log(T) = 2-8 K, log(dT) = 0.05, log(n_H) = -4 , [Z/Zsol] = 
-1.0
