 -1.88823e-22
 -1.76822e-22
 -1.65551e-22
 -1.55028e-22
 -1.45171e-22
 -1.35990e-22
 -1.27410e-22
 -1.19424e-22
 -1.11954e-22
 -1.04978e-22
 -9.84278e-23
 -9.22882e-23
 -8.65128e-23
 -8.11372e-23
 -7.60501e-23
 -7.12456e-23
 -6.67232e-23
 -6.24677e-23
 -5.84570e-23
 -5.46805e-23
 -5.11092e-23
 -4.77277e-23
 -4.45200e-23
 -4.14665e-23
 -3.85522e-23
 -3.57578e-23
 -3.30694e-23
 -3.04707e-23
 -2.79468e-23
 -2.54863e-23
 -2.30732e-23
 -2.06899e-23
 -1.83222e-23
 -1.59558e-23
 -1.35743e-23
 -1.11655e-23
 -8.71172e-24
 -6.20069e-24
 -3.60849e-24
 -9.20760e-25
  1.89484e-24
  4.85914e-24
  8.01136e-24
  1.13749e-23
  1.50013e-23
  1.89204e-23
  2.31942e-23
  2.78608e-23
  3.29934e-23
  3.86413e-23
  4.48913e-23
  5.18136e-23
  5.95050e-23
  6.80529e-23
  7.75762e-23
  8.81944e-23
  1.00047e-22
  1.13297e-22
  1.28108e-22
  1.44696e-22
  1.63253e-22
  1.84074e-22
  2.07364e-22
  2.33510e-22
  2.62749e-22
  2.95583e-22
  3.32280e-22
  3.73509e-22
  4.19567e-22
  4.71354e-22
  5.29176e-22
  5.94261e-22
  6.66939e-22
  7.48784e-22
  8.40186e-22
  9.43134e-22
  1.05814e-21
  1.18766e-21
  1.33246e-21
  1.49546e-21
  1.67777e-21
  1.88293e-21
  2.11253e-21
  2.37073e-21
  2.65982e-21
  2.98476e-21
  3.34878e-21
  3.75773e-21
  4.21608e-21
  4.73077e-21
  5.30791e-21
  5.95571e-21
  6.68250e-21
  7.49779e-21
  8.41294e-21
  9.43901e-21
  1.05913e-20
  1.18827e-20
  1.33337e-20
  1.49589e-20
  1.67860e-20
  1.88315e-20
  2.11321e-20
  2.37066e-20
  2.66036e-20
  2.98437e-20
  3.34914e-20
  3.75693e-20
  4.21624e-20
  4.72947e-20
  5.30783e-20
  5.95399e-20
  6.68206e-20
  7.49571e-20
  8.41207e-20
  9.43665e-20
  1.05900e-19
  1.18801e-19
  1.33317e-19
  1.49563e-19
  1.67832e-19
   Cooling for Wiersma, Schaye and Smith (2008).
   Redshift = 3.0 log(T) = 2-8 K, log(dT) = 0.05, log(n_H) = -6 , [Z/Zsol] = 
-1.5
