 -1.97983e-22
 -1.85410e-22
 -1.73570e-22
 -1.62472e-22
 -1.52035e-22
 -1.42360e-22
 -1.33173e-22
 -1.24538e-22
 -1.16419e-22
 -1.08807e-22
 -1.01657e-22
 -9.49869e-23
 -8.86648e-23
 -8.27481e-23
 -7.71619e-23
 -7.18905e-23
 -6.69154e-23
 -6.22159e-23
 -5.77665e-23
 -5.35447e-23
 -4.95559e-23
 -4.57189e-23
 -4.20439e-23
 -3.85071e-23
 -3.50889e-23
 -3.17650e-23
 -2.85149e-23
 -2.53139e-23
 -2.21397e-23
 -1.89671e-23
 -1.57723e-23
 -1.25263e-23
 -9.19278e-24
 -5.75078e-24
 -2.15868e-24
  1.60879e-24
  5.60554e-24
  9.85665e-24
  1.44316e-23
  1.93573e-23
  2.47187e-23
  3.05521e-23
  3.69577e-23
  4.39799e-23
  5.17414e-23
  6.03022e-23
  6.98093e-23
  8.03446e-23
  9.20827e-23
  1.05136e-22
  1.19712e-22
  1.35970e-22
  1.54149e-22
  1.74460e-22
  1.97192e-22
  2.22632e-22
  2.51121e-22
  2.83223e-22
  3.19016e-22
  3.59184e-22
  4.04185e-22
  4.54737e-22
  5.11349e-22
  5.74953e-22
  6.46126e-22
  7.26100e-22
  8.15516e-22
  9.16015e-22
  1.02832e-21
  1.15462e-21
  1.29570e-21
  1.45455e-21
  1.63199e-21
  1.83189e-21
  2.05518e-21
  2.30676e-21
  2.58789e-21
  2.90455e-21
  3.25859e-21
  3.65717e-21
  4.10302e-21
  4.60474e-21
  5.16624e-21
  5.79772e-21
  6.50479e-21
  7.29958e-21
  8.18995e-21
  9.19026e-21
  1.03114e-20
  1.15704e-20
  1.29822e-20
  1.45668e-20
  1.63446e-20
  1.83390e-20
  2.05776e-20
  2.30877e-20
  2.59066e-20
  2.90657e-20
  3.26152e-20
  3.65912e-20
  4.10609e-20
  4.60650e-20
  5.16932e-20
  5.79914e-20
  6.50786e-20
  7.30053e-20
  8.19294e-20
  9.19059e-20
  1.03143e-19
  1.15699e-19
  1.29849e-19
  1.45657e-19
  1.63470e-19
  1.83376e-19
  2.05795e-19
  2.30862e-19
  2.59078e-19
  2.90644e-19
  3.26158e-19
  3.65906e-19
  4.10603e-19
   Cooling for Wiersma, Schaye and Smith (2008).
   Redshift = 4.0 log(T) = 2-8 K, log(dT) = 0.05, log(n_H) = -6 , [Z/Zsol] = 
-Inf
