 -5.40003e-23
 -5.10483e-23
 -4.81405e-23
 -4.53305e-23
 -4.26109e-23
 -3.99708e-23
 -3.74285e-23
 -3.49974e-23
 -3.26615e-23
 -3.04256e-23
 -2.82715e-23
 -2.62283e-23
 -2.42812e-23
 -2.24325e-23
 -2.06783e-23
 -1.90186e-23
 -1.74510e-23
 -1.59747e-23
 -1.45877e-23
 -1.32885e-23
 -1.20745e-23
 -1.08575e-23
 -9.79641e-24
 -8.81293e-24
 -7.90572e-24
 -7.07050e-24
 -6.30397e-24
 -5.59878e-24
 -4.94913e-24
 -4.34738e-24
 -3.78943e-24
 -3.26181e-24
 -2.75431e-24
 -2.25084e-24
 -1.72830e-24
 -1.18203e-24
 -5.84745e-25
  1.14418e-25
  9.74123e-25
  2.03823e-24
  3.40070e-24
  5.12836e-24
  7.44652e-24
  1.05983e-23
  1.50732e-23
  2.14080e-23
  3.02769e-23
  4.19872e-23
  5.62094e-23
  7.14129e-23
  8.64457e-23
  1.01980e-22
  1.20402e-22
  1.43965e-22
  1.75533e-22
  2.18029e-22
  2.75253e-22
  3.45427e-22
  4.13238e-22
  4.61742e-22
  4.90499e-22
  4.92625e-22
  4.76042e-22
  4.71719e-22
  4.84998e-22
  4.99162e-22
  5.07220e-22
  5.13995e-22
  4.98765e-22
  4.18596e-22
  3.05032e-22
  2.32626e-22
  2.01929e-22
  1.92498e-22
  1.87905e-22
  1.78698e-22
  1.64726e-22
  1.55741e-22
  1.55010e-22
  1.57845e-22
  1.58260e-22
  1.53854e-22
  1.46227e-22
  1.35962e-22
  1.22034e-22
  1.03705e-22
  8.42092e-23
  6.81383e-23
  5.65638e-23
  4.79507e-23
  4.12781e-23
  3.67876e-23
  3.37900e-23
  3.22778e-23
  3.18401e-23
  3.21447e-23
  3.30063e-23
  3.42714e-23
  3.57033e-23
  3.70253e-23
  3.80260e-23
  3.86004e-23
  3.86282e-23
  3.82563e-23
  3.78393e-23
  3.78030e-23
  3.84539e-23
  3.98050e-23
  4.18333e-23
  4.44266e-23
  4.75975e-23
  5.14151e-23
  5.58233e-23
  6.07890e-23
  6.63906e-23
  7.26370e-23
  7.96284e-23
  8.73933e-23
  9.60520e-23
  1.05649e-22
  1.16356e-22
   Cooling for Wiersma, Schaye and Smith (2008).
   Redshift = 5.0 log(T) = 2-8 K, log(dT) = 0.05, log(n_H) = -2 , [Z/Zsol] = 0.0
