 -2.30816e-24
 -2.29139e-24
 -2.27374e-24
 -2.25547e-24
 -2.23662e-24
 -2.21712e-24
 -2.19700e-24
 -2.17620e-24
 -2.15472e-24
 -2.13253e-24
 -2.10961e-24
 -2.08592e-24
 -2.06147e-24
 -2.03620e-24
 -2.01011e-24
 -1.98316e-24
 -1.95533e-24
 -1.92660e-24
 -1.89693e-24
 -1.86629e-24
 -1.83464e-24
 -1.80190e-24
 -1.76807e-24
 -1.73314e-24
 -1.69704e-24
 -1.65977e-24
 -1.62122e-24
 -1.58143e-24
 -1.54031e-24
 -1.49788e-24
 -1.45402e-24
 -1.40857e-24
 -1.36155e-24
 -1.31304e-24
 -1.26290e-24
 -1.21109e-24
 -1.15817e-24
 -1.09576e-24
 -9.91843e-25
 -7.23973e-25
  2.04402e-25
  3.07358e-24
  1.15404e-23
  3.18369e-23
  7.01955e-23
  1.08120e-22
  1.12838e-22
  9.54156e-23
  7.55701e-23
  6.02232e-23
  4.91771e-23
  4.03701e-23
  3.32220e-23
  2.85736e-23
  2.75822e-23
  3.28479e-23
  4.79132e-23
  7.11635e-23
  8.86557e-23
  8.76766e-23
  7.46059e-23
  5.96573e-23
  4.70028e-23
  3.72891e-23
  2.99806e-23
  2.45124e-23
  2.03556e-23
  1.71968e-23
  1.47372e-23
  1.28275e-23
  1.04795e-23
  9.32365e-24
  8.40539e-24
  7.68577e-24
  7.10985e-24
  6.59619e-24
  6.19654e-24
  5.89476e-24
  5.66727e-24
  5.50321e-24
  5.38872e-24
  5.34880e-24
  5.34688e-24
  5.37809e-24
  5.43660e-24
  5.51981e-24
  5.62410e-24
  5.74764e-24
  5.88805e-24
  6.04397e-24
  6.21803e-24
  6.45891e-24
  6.72273e-24
  7.00482e-24
  7.30476e-24
  7.62204e-24
  7.95632e-24
  8.30696e-24
  8.67395e-24
  9.05655e-24
  9.46394e-24
  9.97037e-24
  1.05136e-23
  1.10841e-23
  1.16833e-23
  1.23103e-23
  1.29668e-23
  1.36512e-23
  1.43658e-23
  1.51086e-23
  1.58974e-23
  1.68476e-23
  1.78664e-23
  1.89364e-23
  2.00628e-23
  2.12434e-23
  2.24829e-23
  2.37797e-23
  2.51381e-23
  2.65568e-23
  2.80632e-23
   Cooling for Wiersma, Schaye and Smith (2008).
   Redshift = 6.0 log(T) = 2-8 K, log(dT) = 0.05, log(n_H) = 0 , [Z/Zsol] = -Inf
