 -6.35288e-23
 -5.96037e-23
 -5.58632e-23
 -5.23353e-23
 -4.89978e-23
 -4.58543e-23
 -4.28840e-23
 -4.00746e-23
 -3.74351e-23
 -3.49790e-23
 -3.26584e-23
 -3.04634e-23
 -2.84076e-23
 -2.64918e-23
 -2.46868e-23
 -2.29872e-23
 -2.13992e-23
 -1.99047e-23
 -1.85180e-23
 -1.72194e-23
 -1.60038e-23
 -1.48614e-23
 -1.37905e-23
 -1.27919e-23
 -1.18659e-23
 -1.09867e-23
 -1.01779e-23
 -9.41935e-24
 -8.70550e-24
 -8.04517e-24
 -7.42278e-24
 -6.84512e-24
 -6.30093e-24
 -5.79101e-24
 -5.32085e-24
 -4.87461e-24
 -4.46189e-24
 -4.06974e-24
 -3.70179e-24
 -3.35597e-24
 -3.01990e-24
 -2.68015e-24
 -2.30697e-24
 -1.83885e-24
 -1.16324e-24
 -1.28769e-25
  1.49252e-24
  3.87399e-24
  7.09697e-24
  1.08074e-23
  1.43324e-23
  1.68822e-23
  1.83247e-23
  1.94260e-23
  2.20760e-23
  2.93518e-23
  4.50787e-23
  6.85351e-23
  8.73212e-23
  8.85772e-23
  7.72323e-23
  6.31273e-23
  5.07790e-23
  4.12764e-23
  3.42432e-23
  2.90209e-23
  2.50238e-23
  2.19605e-23
  1.93561e-23
  1.66981e-23
  1.33168e-23
  1.14932e-23
  1.02966e-23
  9.49438e-24
  8.87889e-24
  8.27633e-24
  7.74367e-24
  7.35927e-24
  7.12782e-24
  6.99187e-24
  6.88037e-24
  6.79436e-24
  6.71350e-24
  6.63770e-24
  6.55152e-24
  6.44681e-24
  6.35164e-24
  6.30864e-24
  6.32641e-24
  6.38758e-24
  6.48228e-24
  6.65913e-24
  6.87415e-24
  7.12257e-24
  7.39567e-24
  7.69122e-24
  8.00703e-24
  8.34528e-24
  8.69833e-24
  9.06555e-24
  9.45476e-24
  9.94061e-24
  1.04561e-23
  1.09912e-23
  1.15476e-23
  1.21288e-23
  1.27392e-23
  1.33767e-23
  1.40413e-23
  1.47312e-23
  1.54630e-23
  1.63507e-23
  1.73013e-23
  1.82960e-23
  1.93383e-23
  2.04256e-23
  2.15604e-23
  2.27403e-23
  2.39675e-23
  2.52394e-23
  2.65807e-23
   Cooling for Wiersma, Schaye and Smith (2008), NO COMPTON.
   11 < z < 9.89 (highz) log(T) = 2-8 K, log(dT) = 0.05, log(n_H) = -3
 , [Z/Zsol] = -2.0
