 -2.91626e-23
 -2.79550e-23
 -2.66617e-23
 -2.53492e-23
 -2.40196e-23
 -2.26570e-23
 -2.12882e-23
 -1.99431e-23
 -1.86075e-23
 -1.72882e-23
 -1.59692e-23
 -1.46967e-23
 -1.34583e-23
 -1.22589e-23
 -1.11004e-23
 -9.98526e-24
 -8.91440e-24
 -7.88997e-24
 -6.91344e-24
 -5.98645e-24
 -5.10848e-24
 -3.99292e-24
 -3.17717e-24
 -2.41333e-24
 -1.70016e-24
 -1.03449e-24
 -4.10600e-25
  1.80527e-25
  7.46592e-25
  1.29968e-24
  1.85451e-24
  2.42947e-24
  3.04826e-24
  3.75495e-24
  4.61253e-24
  5.65098e-24
  6.99913e-24
  8.81439e-24
  1.13754e-23
  1.48765e-23
  1.97082e-23
  2.57903e-23
  3.43028e-23
  4.61451e-23
  6.26795e-23
  8.43895e-23
  1.11182e-22
  1.40531e-22
  1.69213e-22
  1.97851e-22
  2.31674e-22
  2.76543e-22
  3.36755e-22
  4.15203e-22
  5.14852e-22
  6.38433e-22
  7.90355e-22
  9.67377e-22
  1.14548e-21
  1.29762e-21
  1.41443e-21
  1.44987e-21
  1.41970e-21
  1.42480e-21
  1.48287e-21
  1.53875e-21
  1.57244e-21
  1.60301e-21
  1.56330e-21
  1.31113e-21
  9.50017e-22
  7.18864e-22
  6.21767e-22
  5.92909e-22
  5.79665e-22
  5.51625e-22
  5.07669e-22
  4.79080e-22
  4.76720e-22
  4.85733e-22
  4.86955e-22
  4.72737e-22
  4.48205e-22
  4.15301e-22
  3.70770e-22
  3.12173e-22
  2.49673e-22
  1.97893e-22
  1.60405e-22
  1.32418e-22
  1.09964e-22
  9.31969e-23
  8.19740e-23
  7.52039e-23
  7.16725e-23
  7.03089e-23
  7.04747e-23
  7.16655e-23
  7.30995e-23
  7.38795e-23
  7.32464e-23
  7.07301e-23
  6.60021e-23
  5.95159e-23
  5.23101e-23
  4.57014e-23
  4.05559e-23
  3.68838e-23
  3.44738e-23
  3.29367e-23
  3.20963e-23
  3.18789e-23
  3.20837e-23
  3.25857e-23
  3.33502e-23
  3.43222e-23
  3.54844e-23
  3.68144e-23
  3.83830e-23
  3.99111e-23
  4.15567e-23
   Cooling for Wiersma, Schaye and Smith (2008).
   Redshift = 3.0 log(T) = 2-8 K, log(dT) = 0.05, log(n_H) = -1 , [Z/Zsol] = 
0.50
