  7.16461e-35
  8.52172e-35
  1.00337e-34
  1.17460e-34
  1.36713e-34
  1.58379e-34
  1.82573e-34
  2.09603e-34
  2.39533e-34
  2.71713e-34
  3.07600e-34
  3.46235e-34
  3.88577e-34
  4.35597e-34
  4.86413e-34
  5.40050e-34
  5.78011e-34
  6.55712e-34
  7.28468e-34
  7.67357e-34
  8.46955e-34
  1.02781e-33
  1.11322e-33
  1.08570e-33
  1.24672e-33
  1.59891e-33
  1.66461e-33
  1.52148e-33
  1.89069e-33
  2.56202e-33
  2.53360e-33
  2.25584e-33
  1.00637e-32
  9.59634e-32
  5.79860e-31
  2.84865e-30
  1.42136e-29
  6.27706e-29
  2.78390e-28
  1.25924e-27
  1.21179e-26
  1.80648e-25
  2.87654e-24
  2.36359e-23
  8.57372e-23
  1.30475e-22
  1.22562e-22
  9.84686e-23
  7.78622e-23
  6.38211e-23
  5.35325e-23
  4.48986e-23
  3.82230e-23
  3.44371e-23
  3.46169e-23
  4.12964e-23
  5.80124e-23
  8.31722e-23
  1.02701e-22
  1.03719e-22
  9.24539e-23
  7.85607e-23
  6.63376e-23
  5.74512e-23
  5.15654e-23
  4.75672e-23
  4.47494e-23
  4.30109e-23
  4.13959e-23
  3.83428e-23
  3.39269e-23
  3.21800e-23
  3.22211e-23
  3.33774e-23
  3.50962e-23
  3.70242e-23
  3.92368e-23
  4.20717e-23
  4.56601e-23
  4.98935e-23
  5.46235e-23
  5.98624e-23
  6.56971e-23
  7.22231e-23
  7.94927e-23
  8.75802e-23
  9.66977e-23
  1.07118e-22
  1.19017e-22
  1.32507e-22
  1.47732e-22
  1.64944e-22
  1.84326e-22
  2.06118e-22
  2.30592e-22
  2.58060e-22
  2.88875e-22
  3.23436e-22
  3.62189e-22
  4.05633e-22
  4.54341e-22
  5.09023e-22
  5.70334e-22
  6.39075e-22
  7.16165e-22
  8.02630e-22
  8.99623e-22
  1.00842e-21
  1.13046e-21
  1.26734e-21
  1.42088e-21
  1.59324e-21
  1.78658e-21
  2.00344e-21
  2.24669e-21
  2.51954e-21
  2.82561e-21
  3.16892e-21
  3.55403e-21
  3.98602e-21
  4.47064e-21
   Cooling for Wiersma, Schaye and Smith (2008).
   z > 11 (photodis) log(T) = 2-8 K, log(dT) = 0.05, log(n_H) = 0 , [Z/Zsol] = 
-1.5
