 -1.07718e-24
 -1.07142e-24
 -1.06528e-24
 -1.05886e-24
 -1.05217e-24
 -1.04519e-24
 -1.03793e-24
 -1.03039e-24
 -1.02256e-24
 -1.01444e-24
 -1.00604e-24
 -9.97345e-25
 -9.88360e-25
 -9.79072e-25
 -9.69479e-25
 -9.59563e-25
 -9.49315e-25
 -9.38713e-25
 -9.27739e-25
 -9.16367e-25
 -9.04570e-25
 -8.92229e-25
 -8.79467e-25
 -8.66193e-25
 -8.52367e-25
 -8.37963e-25
 -8.22907e-25
 -8.07184e-25
 -7.90716e-25
 -7.73463e-25
 -7.55273e-25
 -7.35974e-25
 -7.15439e-25
 -6.93408e-25
 -6.69540e-25
 -6.43346e-25
 -6.14284e-25
 -5.73649e-25
 -4.87257e-25
 -2.28795e-25
  7.20189e-25
  3.72198e-24
  1.28021e-23
  3.54093e-23
  7.98375e-23
  1.19329e-22
  1.18165e-22
  9.71950e-23
  7.68044e-23
  6.21349e-23
  5.15794e-23
  4.30646e-23
  3.64360e-23
  3.25593e-23
  3.25176e-23
  3.89440e-23
  5.53069e-23
  7.99833e-23
  9.90600e-23
  9.95077e-23
  8.78739e-23
  7.35231e-23
  6.07352e-23
  5.11822e-23
  4.45225e-23
  3.96685e-23
  3.58868e-23
  3.30665e-23
  3.02376e-23
  2.58226e-23
  1.98789e-23
  1.64175e-23
  1.45350e-23
  1.35326e-23
  1.28293e-23
  1.20396e-23
  1.12029e-23
  1.06164e-23
  1.03659e-23
  1.02921e-23
  1.01893e-23
  1.00056e-23
  9.75615e-24
  9.45558e-24
  9.06556e-24
  8.55893e-24
  8.03368e-24
  7.63420e-24
  7.39390e-24
  7.26346e-24
  7.20574e-24
  7.27038e-24
  7.41246e-24
  7.61633e-24
  7.86933e-24
  8.16014e-24
  8.48190e-24
  8.82879e-24
  9.19281e-24
  9.56411e-24
  9.94390e-24
  1.04009e-23
  1.08698e-23
  1.13455e-23
  1.18395e-23
  1.23636e-23
  1.29282e-23
  1.35310e-23
  1.41714e-23
  1.48434e-23
  1.55617e-23
  1.64398e-23
  1.73821e-23
  1.83701e-23
  1.94067e-23
  2.04888e-23
  2.16191e-23
  2.27946e-23
  2.40173e-23
  2.52844e-23
  2.66204e-23
   Cooling for Wiersma, Schaye and Smith (2008), NO COMPTON.
   11 < z < 9.89 (highz) log(T) = 2-8 K, log(dT) = 0.05, log(n_H) = 0
 , [Z/Zsol] = -1.5
