 -2.04050e-23
 -1.98464e-23
 -1.92499e-23
 -1.86524e-23
 -1.80647e-23
 -1.74623e-23
 -1.68631e-23
 -1.62662e-23
 -1.56718e-23
 -1.50811e-23
 -1.44944e-23
 -1.39135e-23
 -1.33389e-23
 -1.27717e-23
 -1.22124e-23
 -1.16620e-23
 -1.11211e-23
 -1.05904e-23
 -1.00705e-23
 -9.56205e-24
 -9.06555e-24
 -8.57435e-24
 -8.10208e-24
 -7.64287e-24
 -7.19723e-24
 -6.76498e-24
 -6.34638e-24
 -5.94106e-24
 -5.54932e-24
 -5.17035e-24
 -4.80416e-24
 -4.44878e-24
 -4.10476e-24
 -3.76993e-24
 -3.44320e-24
 -3.12214e-24
 -2.80334e-24
 -2.47821e-24
 -2.13048e-24
 -1.72613e-24
 -1.15381e-24
 -1.82508e-25
  1.85858e-24
  6.07268e-24
  1.44373e-23
  2.81385e-23
  4.50634e-23
  5.74886e-23
  5.98745e-23
  5.53929e-23
  4.90717e-23
  4.39091e-23
  4.06419e-23
  3.97073e-23
  4.24198e-23
  5.15757e-23
  7.08829e-23
  9.88472e-23
  1.21499e-22
  1.25629e-22
  1.16870e-22
  1.03602e-22
  9.04174e-23
  8.11789e-23
  7.59436e-23
  7.24165e-23
  6.94564e-23
  6.73696e-23
  6.37385e-23
  5.39093e-23
  4.02022e-23
  3.17639e-23
  2.77999e-23
  2.61889e-23
  2.52118e-23
  2.38270e-23
  2.20483e-23
  2.08497e-23
  2.05530e-23
  2.06776e-23
  2.06038e-23
  2.01137e-23
  1.93339e-23
  1.83214e-23
  1.69675e-23
  1.51923e-23
  1.33136e-23
  1.17919e-23
  1.07381e-23
  9.99938e-24
  9.45265e-24
  9.14985e-24
  9.04395e-24
  9.09580e-24
  9.26650e-24
  9.52159e-24
  9.84040e-24
  1.02062e-23
  1.05942e-23
  1.09751e-23
  1.13335e-23
  1.17264e-23
  1.20828e-23
  1.24074e-23
  1.27344e-23
  1.31041e-23
  1.35450e-23
  1.40559e-23
  1.46313e-23
  1.52569e-23
  1.59433e-23
  1.67999e-23
  1.77290e-23
  1.87096e-23
  1.97440e-23
  2.08280e-23
  2.19638e-23
  2.31483e-23
  2.43858e-23
  2.56653e-23
  2.70155e-23
   Cooling for Wiersma, Schaye and Smith (2008).
   Redshift = 1.0 log(T) = 2-8 K, log(dT) = 0.05, log(n_H) = -1 , [Z/Zsol] = 
-1.0
