 -1.93364e-37
 -2.34662e-37
 -2.81659e-37
 -3.35473e-37
 -3.96254e-37
 -4.66038e-37
 -5.45195e-37
 -6.35575e-37
 -7.38042e-37
 -8.54816e-37
 -9.87033e-37
 -1.13627e-36
 -1.30494e-36
 -1.49611e-36
 -1.71180e-36
 -1.95536e-36
 -2.16006e-36
 -2.52459e-36
 -2.89077e-36
 -2.88300e-36
 -4.42338e-36
 -7.31081e-36
 -1.20654e-35
 -5.45937e-36
 -4.99512e-36
 -2.75327e-35
 -5.80255e-35
 -7.05323e-36
 -1.16062e-35
 -2.97315e-35
 -2.03293e-35
 -7.05115e-36
 -6.15422e-35
  1.82702e-34
  7.50794e-33
  8.21443e-32
  8.66218e-31
  6.43293e-30
  5.47594e-29
  5.28193e-28
  1.04666e-26
  1.85029e-25
  2.93197e-24
  2.35559e-23
  8.50756e-23
  1.29312e-22
  1.21095e-22
  9.67131e-23
  7.57524e-23
  6.12504e-23
  5.03759e-23
  4.10282e-23
  3.34909e-23
  2.86819e-23
  2.76457e-23
  3.29045e-23
  4.79671e-23
  7.12262e-23
  8.87145e-23
  8.77184e-23
  7.46298e-23
  5.96703e-23
  4.70094e-23
  3.72918e-23
  2.99810e-23
  2.45114e-23
  2.03535e-23
  1.71940e-23
  1.47336e-23
  1.28233e-23
  1.04747e-23
  9.31818e-24
  8.39920e-24
  7.67878e-24
  7.10199e-24
  6.58735e-24
  6.18661e-24
  5.88362e-24
  5.65476e-24
  5.48917e-24
  5.37297e-24
  5.33112e-24
  5.32706e-24
  5.35584e-24
  5.41164e-24
  5.49180e-24
  5.59268e-24
  5.71238e-24
  5.84848e-24
  5.99957e-24
  6.16822e-24
  6.40302e-24
  6.66002e-24
  6.93445e-24
  7.22580e-24
  7.53345e-24
  7.85692e-24
  8.19544e-24
  8.54880e-24
  8.91615e-24
  9.30638e-24
  9.79362e-24
  1.03153e-23
  1.08615e-23
  1.14336e-23
  1.20301e-23
  1.26524e-23
  1.32986e-23
  1.39700e-23
  1.46646e-23
  1.53991e-23
  1.62887e-23
  1.72391e-23
  1.82327e-23
  1.92731e-23
  2.03575e-23
  2.14887e-23
  2.26643e-23
  2.38864e-23
  2.51525e-23
  2.64873e-23
   Cooling for Wiersma, Schaye and Smith (2008), NO COMPTON.
   z > 11 (photodis) log(T) = 2-8 K, log(dT) = 0.05, log(n_H) = -1 , [Z/Zsol] = 
-Inf
