 -1.51989e-22
 -1.43584e-22
 -1.35580e-22
 -1.27950e-22
 -1.20670e-22
 -1.13779e-22
 -1.07212e-22
 -1.00954e-22
 -9.49941e-23
 -8.93321e-23
 -8.39493e-23
 -7.88565e-23
 -7.40168e-23
 -6.94489e-23
 -6.50795e-23
 -6.09889e-23
 -5.70907e-23
 -5.34016e-23
 -4.99425e-23
 -4.66251e-23
 -4.35392e-23
 -4.05788e-23
 -3.78119e-23
 -3.51833e-23
 -3.26974e-23
 -3.03658e-23
 -2.81412e-23
 -2.60469e-23
 -2.40556e-23
 -2.21679e-23
 -2.03820e-23
 -1.86677e-23
 -1.70414e-23
 -1.54849e-23
 -1.39838e-23
 -1.25349e-23
 -1.11338e-23
 -9.77320e-24
 -8.44247e-24
 -7.12565e-24
 -5.81968e-24
 -4.51225e-24
 -3.19499e-24
 -1.85807e-24
 -4.88685e-25
  9.26204e-25
  2.40100e-24
  3.94829e-24
  5.58747e-24
  7.33359e-24
  9.21004e-24
  1.12405e-23
  1.34489e-23
  1.58634e-23
  1.85387e-23
  2.15087e-23
  2.48590e-23
  2.86894e-23
  3.31197e-23
  3.82569e-23
  4.41764e-23
  5.09126e-23
  5.83350e-23
  6.62595e-23
  7.44876e-23
  8.29874e-23
  9.18910e-23
  1.01504e-22
  1.12092e-22
  1.24009e-22
  1.37247e-22
  1.52512e-22
  1.69717e-22
  1.89256e-22
  2.11208e-22
  2.36005e-22
  2.63832e-22
  2.95279e-22
  3.30515e-22
  3.70250e-22
  4.14747e-22
  4.64888e-22
  5.21034e-22
  5.84200e-22
  6.54943e-22
  7.34473e-22
  8.23573e-22
  9.23678e-22
  1.03588e-21
  1.16186e-21
  1.30314e-21
  1.46174e-21
  1.63968e-21
  1.83927e-21
  2.06330e-21
  2.31447e-21
  2.59653e-21
  2.91260e-21
  3.26771e-21
  3.66547e-21
  4.11258e-21
  4.61321e-21
  5.17625e-21
  5.80627e-21
  6.51518e-21
  7.30803e-21
  8.20059e-21
  9.19837e-21
  1.03222e-20
  1.15779e-20
  1.29928e-20
  1.45737e-20
  1.63550e-20
  1.83457e-20
  2.05875e-20
  2.30940e-20
  2.59154e-20
  2.90715e-20
  3.26224e-20
  3.65965e-20
  4.10654e-20
   Cooling for Wiersma, Schaye and Smith (2008).
   Redshift = 4.0 log(T) = 2-8 K, log(dT) = 0.05, log(n_H) = -5 , [Z/Zsol] = 
-Inf
