 -1.07925e-22
 -1.02679e-22
 -9.77868e-23
 -9.31423e-23
 -8.87356e-23
 -8.45997e-23
 -8.06160e-23
 -7.68792e-23
 -7.33186e-23
 -6.98646e-23
 -6.66060e-23
 -6.34635e-23
 -6.04318e-23
 -5.74868e-23
 -5.46191e-23
 -5.18315e-23
 -4.91076e-23
 -4.64271e-23
 -4.37752e-23
 -4.11304e-23
 -3.84788e-23
 -3.58207e-23
 -3.31407e-23
 -3.04154e-23
 -2.76243e-23
 -2.47563e-23
 -2.17828e-23
 -1.86917e-23
 -1.54580e-23
 -1.20598e-23
 -8.46070e-24
 -4.64131e-24
 -5.51636e-25
  3.82978e-24
  8.55737e-24
  1.36577e-23
  1.92276e-23
  2.52829e-23
  3.19054e-23
  3.91418e-23
  4.71593e-23
  5.59816e-23
  6.57622e-23
  7.65673e-23
  8.85474e-23
  1.01812e-22
  1.16657e-22
  1.33187e-22
  1.51669e-22
  1.72276e-22
  1.95292e-22
  2.20938e-22
  2.49921e-22
  2.82210e-22
  3.18829e-22
  3.60496e-22
  4.07799e-22
  4.62845e-22
  5.26166e-22
  5.97966e-22
  6.76050e-22
  7.59110e-22
  8.48055e-22
  9.44709e-22
  1.05377e-21
  1.17598e-21
  1.31365e-21
  1.46950e-21
  1.64458e-21
  1.84233e-21
  2.06347e-21
  2.31346e-21
  2.59331e-21
  2.90889e-21
  3.26172e-21
  3.65945e-21
  4.10396e-21
  4.60470e-21
  5.16446e-21
  5.79459e-21
  6.49936e-21
  7.29232e-21
  8.17978e-21
  9.17793e-21
  1.02957e-20
  1.15523e-20
  1.29601e-20
  1.45418e-20
  1.63146e-20
  1.83055e-20
  2.05380e-20
  2.30437e-20
  2.58551e-20
  2.90088e-20
  3.25489e-20
  3.65182e-20
  4.09759e-20
  4.59717e-20
  5.15849e-20
  5.78741e-20
  6.49428e-20
  7.28565e-20
  8.17573e-20
  9.17175e-20
  1.02925e-19
  1.15461e-19
  1.29574e-19
  1.45352e-19
  1.63123e-19
  1.82980e-19
  2.05357e-19
  2.30357e-19
  2.58527e-19
  2.90008e-19
  3.25463e-19
  3.65106e-19
  4.09730e-19
  4.59649e-19
  5.15813e-19
  5.78674e-19
  6.49361e-19
   Cooling for Wiersma, Schaye and Smith (2008).
   Redshift = 9.0 log(T) = 2-8 K, log(dT) = 0.05, log(n_H) = -5 , [Z/Zsol] = 
-1.5
