 -3.15177e-24
 -3.11898e-24
 -3.08351e-24
 -3.04700e-24
 -3.00949e-24
 -2.97090e-24
 -2.93129e-24
 -2.89056e-24
 -2.84877e-24
 -2.80583e-24
 -2.76178e-24
 -2.71654e-24
 -2.67014e-24
 -2.62254e-24
 -2.57376e-24
 -2.52376e-24
 -2.47255e-24
 -2.42010e-24
 -2.36641e-24
 -2.31146e-24
 -2.25524e-24
 -2.19765e-24
 -2.13877e-24
 -2.07859e-24
 -2.01711e-24
 -1.95433e-24
 -1.89020e-24
 -1.82480e-24
 -1.75811e-24
 -1.69019e-24
 -1.62096e-24
 -1.55021e-24
 -1.47815e-24
 -1.40489e-24
 -1.33041e-24
 -1.25471e-24
 -1.17777e-24
 -1.09363e-24
 -9.76476e-25
 -7.24326e-25
  5.61299e-26
  2.35828e-24
  8.94643e-24
  2.43302e-23
  5.38364e-23
  8.78511e-23
  1.00419e-22
  9.02861e-23
  7.36751e-23
  5.96248e-23
  4.90395e-23
  4.03401e-23
  3.32058e-23
  2.85580e-23
  2.75786e-23
  3.28471e-23
  4.78881e-23
  7.11192e-23
  8.86170e-23
  8.76615e-23
  7.46043e-23
  5.96596e-23
  4.70047e-23
  3.72896e-23
  2.99800e-23
  2.45108e-23
  2.03532e-23
  1.71938e-23
  1.47335e-23
  1.28233e-23
  1.04747e-23
  9.31817e-24
  8.39921e-24
  7.67881e-24
  7.10202e-24
  6.58739e-24
  6.18666e-24
  5.88367e-24
  5.65483e-24
  5.48924e-24
  5.37305e-24
  5.33121e-24
  5.32716e-24
  5.35595e-24
  5.41176e-24
  5.49194e-24
  5.59283e-24
  5.71255e-24
  5.84867e-24
  5.99978e-24
  6.16846e-24
  6.40328e-24
  6.66031e-24
  6.93478e-24
  7.22617e-24
  7.53386e-24
  7.85737e-24
  8.19594e-24
  8.54936e-24
  8.91677e-24
  9.30707e-24
  9.79439e-24
  1.03161e-23
  1.08625e-23
  1.14347e-23
  1.20314e-23
  1.26537e-23
  1.33001e-23
  1.39717e-23
  1.46665e-23
  1.54012e-23
  1.62911e-23
  1.72418e-23
  1.82358e-23
  1.92765e-23
  2.03614e-23
  2.14931e-23
  2.26694e-23
  2.38921e-23
  2.51589e-23
  2.64945e-23
   Cooling for Wiersma, Schaye and Smith (2008).
   Redshift = 0.0 log(T) = 2-8 K, log(dT) = 0.05, log(n_H) = -1 , [Z/Zsol] = 
-Inf
