 -7.65627e-23
 -7.18573e-23
 -6.74408e-23
 -6.33386e-23
 -5.94888e-23
 -5.58900e-23
 -5.25123e-23
 -4.93347e-23
 -4.63503e-23
 -4.35744e-23
 -4.09735e-23
 -3.85379e-23
 -3.62516e-23
 -3.40976e-23
 -3.20697e-23
 -3.01766e-23
 -2.84035e-23
 -2.67376e-23
 -2.51707e-23
 -2.36898e-23
 -2.22893e-23
 -2.09745e-23
 -1.97412e-23
 -1.85765e-23
 -1.74743e-23
 -1.64343e-23
 -1.54462e-23
 -1.45077e-23
 -1.36237e-23
 -1.27858e-23
 -1.19869e-23
 -1.12249e-23
 -1.05055e-23
 -9.82061e-24
 -9.16573e-24
 -8.54064e-24
 -7.94953e-24
 -7.38490e-24
 -6.84401e-24
 -6.32711e-24
 -5.83597e-24
 -5.36128e-24
 -4.89965e-24
 -4.44593e-24
 -3.98208e-24
 -3.48863e-24
 -2.93437e-24
 -2.28334e-24
 -1.49181e-24
 -5.32523e-25
  6.08747e-25
  1.90837e-24
  3.31867e-24
  4.81088e-24
  6.47453e-24
  8.63346e-24
  1.19380e-23
  1.71953e-23
  2.46926e-23
  3.30048e-23
  3.89101e-23
  3.99402e-23
  3.69715e-23
  3.21944e-23
  2.73087e-23
  2.30619e-23
  1.95322e-23
  1.67145e-23
  1.44605e-23
  1.26818e-23
  1.04804e-23
  9.38853e-24
  8.52267e-24
  7.84886e-24
  7.31600e-24
  6.84503e-24
  6.48901e-24
  6.23324e-24
  6.05507e-24
  5.94484e-24
  5.88937e-24
  5.91489e-24
  5.98549e-24
  6.09763e-24
  6.24631e-24
  6.43049e-24
  6.64758e-24
  6.89759e-24
  7.17954e-24
  7.49422e-24
  7.84616e-24
  8.28657e-24
  8.77415e-24
  9.30715e-24
  9.88866e-24
  1.05216e-23
  1.12102e-23
  1.19580e-23
  1.27711e-23
  1.36534e-23
  1.46224e-23
  1.57577e-23
  1.70082e-23
  1.83700e-23
  1.98597e-23
  2.14826e-23
  2.32602e-23
  2.51981e-23
  2.73244e-23
  2.96446e-23
  3.22110e-23
  3.51471e-23
  3.84037e-23
  4.19744e-23
  4.59171e-23
  5.02467e-23
  5.50308e-23
  6.02928e-23
  6.61124e-23
  7.25241e-23
  7.96451e-23
   Cooling for Wiersma, Schaye and Smith (2008).
   Redshift = 2.0 log(T) = 2-8 K, log(dT) = 0.05, log(n_H) = -3 , [Z/Zsol] = 
-Inf
