 -2.50677e-22
 -2.36159e-22
 -2.22558e-22
 -2.09486e-22
 -1.97127e-22
 -1.85340e-22
 -1.74189e-22
 -1.63556e-22
 -1.53491e-22
 -1.43878e-22
 -1.34695e-22
 -1.25975e-22
 -1.17652e-22
 -1.09624e-22
 -1.01977e-22
 -9.46204e-23
 -8.74784e-23
 -8.05708e-23
 -7.39334e-23
 -6.73782e-23
 -6.09458e-23
 -5.45938e-23
 -4.83151e-23
 -4.20038e-23
 -3.56215e-23
 -2.91346e-23
 -2.24835e-23
 -1.56254e-23
 -8.46828e-24
 -9.73012e-25
  6.95745e-24
  1.53780e-23
  2.44050e-23
  3.40991e-23
  4.46297e-23
  5.60538e-23
  6.85541e-23
  8.22133e-23
  9.72980e-23
  1.13887e-22
  1.32305e-22
  1.52670e-22
  1.75423e-22
  2.00612e-22
  2.28757e-22
  2.60077e-22
  2.95131e-22
  3.34226e-22
  3.78027e-22
  4.26957e-22
  4.81805e-22
  5.43234e-22
  6.12352e-22
  6.89445e-22
  7.75892e-22
  8.72796e-22
  9.81462e-22
  1.10340e-21
  1.24013e-21
  1.39369e-21
  1.56584e-21
  1.75928e-21
  1.97598e-21
  2.21947e-21
  2.49193e-21
  2.79803e-21
  3.14027e-21
  3.52498e-21
  3.95504e-21
  4.43895e-21
  4.97982e-21
  5.58901e-21
  6.26979e-21
  7.03693e-21
  7.89402e-21
  8.85989e-21
  9.93925e-21
  1.11551e-20
  1.25144e-20
  1.40447e-20
  1.57565e-20
  1.76827e-20
  1.98384e-20
  2.22628e-20
  2.49773e-20
  2.80286e-20
  3.14469e-20
  3.52874e-20
  3.95918e-20
  4.44254e-20
  4.98458e-20
  5.59294e-20
  6.27549e-20
  7.04117e-20
  7.90065e-20
  8.86433e-20
  9.94660e-20
  1.11595e-19
  1.25223e-19
  1.40488e-19
  1.57649e-19
  1.76862e-19
  1.98471e-19
  2.22653e-19
  2.49863e-19
  2.80298e-19
  3.14561e-19
  3.52866e-19
  3.96011e-19
  4.44221e-19
  4.98549e-19
  5.59245e-19
  6.27637e-19
  7.04067e-19
  7.90146e-19
  8.86392e-19
  9.94730e-19
  1.11593e-18
  1.25228e-18
  1.40490e-18
  1.57652e-18
   Cooling for Wiersma, Schaye and Smith (2008).
   Redshift = 6.0 log(T) = 2-8 K, log(dT) = 0.05, log(n_H) = -6 , [Z/Zsol] = 
-2.0
