 -3.76677e-22
 -3.57757e-22
 -3.40110e-22
 -3.23264e-22
 -3.07659e-22
 -2.93075e-22
 -2.79728e-22
 -2.67369e-22
 -2.55987e-22
 -2.45229e-22
 -2.34888e-22
 -2.24926e-22
 -2.15147e-22
 -2.05425e-22
 -1.95932e-22
 -1.86622e-22
 -1.77392e-22
 -1.68313e-22
 -1.59564e-22
 -1.50777e-22
 -1.42052e-22
 -1.33330e-22
 -1.24656e-22
 -1.15779e-22
 -1.06630e-22
 -9.71994e-23
 -8.73917e-23
 -7.72413e-23
 -6.65847e-23
 -5.55460e-23
 -4.40297e-23
 -3.20520e-23
 -1.95692e-23
 -6.57107e-24
  7.04379e-24
  2.13184e-23
  3.64011e-23
  5.24043e-23
  6.95776e-23
  8.80581e-23
  1.08145e-22
  1.30007e-22
  1.54100e-22
  1.80518e-22
  2.09789e-22
  2.42152e-22
  2.78156e-22
  3.18214e-22
  3.62897e-22
  4.12673e-22
  4.68244e-22
  5.30452e-22
  6.00444e-22
  6.78295e-22
  7.65490e-22
  8.63137e-22
  9.72544e-22
  1.09523e-21
  1.23272e-21
  1.38706e-21
  1.56001e-21
  1.75429e-21
  1.97186e-21
  2.21627e-21
  2.48969e-21
  2.79682e-21
  3.14016e-21
  3.52605e-21
  3.95737e-21
  4.44266e-21
  4.98502e-21
  5.59586e-21
  6.27843e-21
  7.04758e-21
  7.90698e-21
  8.87538e-21
  9.95745e-21
  1.11763e-20
  1.25390e-20
  1.40729e-20
  1.57888e-20
  1.77194e-20
  1.98801e-20
  2.23099e-20
  2.50306e-20
  2.80887e-20
  3.15146e-20
  3.53636e-20
  3.96775e-20
  4.45218e-20
  4.99599e-20
  5.60576e-20
  6.28988e-20
  7.05733e-20
  7.91880e-20
  8.88471e-20
  9.96948e-20
  1.11852e-19
  1.25511e-19
  1.40812e-19
  1.58012e-19
  1.77269e-19
  1.98928e-19
  2.23166e-19
  2.50439e-19
  2.80943e-19
  3.15286e-19
  3.53679e-19
  3.96923e-19
  4.45244e-19
  4.99697e-19
  5.60533e-19
  6.29082e-19
  7.05689e-19
  7.91966e-19
  8.88434e-19
  9.97021e-19
  1.11850e-18
  1.25517e-18
  1.40814e-18
  1.58015e-18
   Cooling for Wiersma, Schaye and Smith (2008).
   Redshift = 6.0 log(T) = 2-8 K, log(dT) = 0.05, log(n_H) = -6 , [Z/Zsol] = 
****
