 -1.27398e-24
 -1.25308e-24
 -1.22845e-24
 -1.20143e-24
 -1.17222e-24
 -1.14069e-24
 -1.10739e-24
 -1.07258e-24
 -1.03668e-24
 -1.00003e-24
 -9.62909e-25
 -9.25978e-25
 -8.89446e-25
 -8.53578e-25
 -8.18560e-25
 -7.84579e-25
 -7.51680e-25
 -7.19917e-25
 -6.89296e-25
 -6.59803e-25
 -6.31380e-25
 -6.01098e-25
 -5.74326e-25
 -5.48344e-25
 -5.23014e-25
 -4.98139e-25
 -4.73448e-25
 -4.48494e-25
 -4.22664e-25
 -3.94953e-25
 -3.63450e-25
 -3.25568e-25
 -2.77715e-25
 -2.10552e-25
 -1.16464e-25
  1.87327e-26
  2.23319e-25
  5.36912e-25
  1.05759e-24
  1.96608e-24
  3.90109e-24
  8.30689e-24
  1.93793e-23
  4.45364e-23
  9.20674e-23
  1.36663e-22
  1.41419e-22
  1.26358e-22
  1.13046e-22
  1.07518e-22
  1.09580e-22
  1.17540e-22
  1.31582e-22
  1.52918e-22
  1.83198e-22
  2.25469e-22
  2.83513e-22
  3.55249e-22
  4.23414e-22
  4.70797e-22
  4.98901e-22
  5.00030e-22
  4.81807e-22
  4.76735e-22
  4.89764e-22
  5.03953e-22
  5.11663e-22
  5.19201e-22
  5.05071e-22
  4.23946e-22
  3.07908e-22
  2.33861e-22
  2.02472e-22
  1.92836e-22
  1.88259e-22
  1.79046e-22
  1.64861e-22
  1.55597e-22
  1.54688e-22
  1.57427e-22
  1.57739e-22
  1.53217e-22
  1.45459e-22
  1.35079e-22
  1.21042e-22
  1.02574e-22
  8.28822e-23
  6.65936e-23
  5.48379e-23
  4.60991e-23
  3.91241e-23
  3.39946e-23
  3.06362e-23
  2.87004e-23
  2.78030e-23
  2.76050e-23
  2.79045e-23
  2.85416e-23
  2.92696e-23
  2.98043e-23
  2.99126e-23
  2.94964e-23
  2.84101e-23
  2.67907e-23
  2.49686e-23
  2.33598e-23
  2.22541e-23
  2.16344e-23
  2.14435e-23
  2.15567e-23
  2.19315e-23
  2.26236e-23
  2.35076e-23
  2.45325e-23
  2.56933e-23
  2.69722e-23
  2.83705e-23
  2.98772e-23
  3.14945e-23
  3.32111e-23
  3.50575e-23
   Cooling for Wiersma, Schaye and Smith (2008).
   Redshift = 8.0 log(T) = 2-8 K, log(dT) = 0.05, log(n_H) = 0 , [Z/Zsol] = 0.0
