 -7.75935e-23
 -7.27391e-23
 -6.81903e-23
 -6.40134e-23
 -6.00368e-23
 -5.63287e-23
 -5.29058e-23
 -4.96643e-23
 -4.66348e-23
 -4.38398e-23
 -4.11877e-23
 -3.87351e-23
 -3.64277e-23
 -3.42599e-23
 -3.22590e-23
 -3.03586e-23
 -2.85972e-23
 -2.69349e-23
 -2.53830e-23
 -2.39210e-23
 -2.25527e-23
 -2.12585e-23
 -2.00434e-23
 -1.89006e-23
 -1.78111e-23
 -1.67871e-23
 -1.58113e-23
 -1.48799e-23
 -1.39963e-23
 -1.31488e-23
 -1.23328e-23
 -1.15429e-23
 -1.07760e-23
 -1.00283e-23
 -9.29798e-24
 -8.57745e-24
 -7.86193e-24
 -7.14753e-24
 -6.42840e-24
 -5.70276e-24
 -4.96086e-24
 -4.19708e-24
 -3.40407e-24
 -2.57295e-24
 -1.68720e-24
 -7.31220e-25
  3.22812e-25
  1.49932e-24
  2.83527e-24
  4.35809e-24
  6.10658e-24
  8.11567e-24
  1.04648e-23
  1.33557e-23
  1.72888e-23
  2.32621e-23
  3.28109e-23
  4.72299e-23
  6.46597e-23
  7.84647e-23
  8.34985e-23
  8.16356e-23
  7.77191e-23
  7.46060e-23
  7.30691e-23
  7.33268e-23
  7.52046e-23
  7.86487e-23
  8.35109e-23
  8.98817e-23
  9.67846e-23
  1.05962e-22
  1.16631e-22
  1.28972e-22
  1.42990e-22
  1.58935e-22
  1.76955e-22
  1.97434e-22
  2.20445e-22
  2.46426e-22
  2.75537e-22
  3.08328e-22
  3.45039e-22
  3.86313e-22
  4.32519e-22
  4.84484e-22
  5.42754e-22
  6.08292e-22
  6.81798e-22
  7.64374e-22
  8.56990e-22
  9.61003e-22
  1.07771e-21
  1.20863e-21
  1.35557e-21
  1.52032e-21
  1.70532e-21
  1.91264e-21
  2.14555e-21
  2.40642e-21
  2.69966e-21
  3.02801e-21
  3.39728e-21
  3.81047e-21
  4.27539e-21
  4.79533e-21
  5.38066e-21
  6.03497e-21
  6.77190e-21
  7.59529e-21
  8.52314e-21
  9.55980e-21
  1.07279e-20
  1.20331e-20
  1.35031e-20
  1.51467e-20
  1.69966e-20
  1.90660e-20
  2.13942e-20
  2.39999e-20
  2.69299e-20
   Cooling for Wiersma, Schaye and Smith (2008).
   Redshift = 7.0 log(T) = 2-8 K, log(dT) = 0.05, log(n_H) = -4 , [Z/Zsol] = 
-2.0
