 -2.30495e-24
 -2.28765e-24
 -2.26931e-24
 -2.25028e-24
 -2.23059e-24
 -2.21017e-24
 -2.18906e-24
 -2.16723e-24
 -2.14470e-24
 -2.12143e-24
 -2.09745e-24
 -2.07271e-24
 -2.04724e-24
 -2.02100e-24
 -1.99400e-24
 -1.96620e-24
 -1.93759e-24
 -1.90813e-24
 -1.87782e-24
 -1.84660e-24
 -1.81444e-24
 -1.78111e-24
 -1.74690e-24
 -1.71165e-24
 -1.67529e-24
 -1.63782e-24
 -1.59911e-24
 -1.55919e-24
 -1.51795e-24
 -1.47536e-24
 -1.43122e-24
 -1.38528e-24
 -1.33741e-24
 -1.28732e-24
 -1.23456e-24
 -1.17856e-24
 -1.11877e-24
 -1.04561e-24
 -9.24615e-25
 -6.31278e-25
  3.35345e-25
  3.25815e-24
  1.18003e-23
  3.22005e-23
  7.07000e-23
  1.08779e-22
  1.13636e-22
  9.63790e-23
  7.67623e-23
  6.17207e-23
  5.10828e-23
  4.28075e-23
  3.63313e-23
  3.25037e-23
  3.25031e-23
  3.89391e-23
  5.53721e-23
  8.01720e-23
  9.92754e-23
  9.98213e-23
  8.80451e-23
  7.35942e-23
  6.07554e-23
  5.11844e-23
  4.45289e-23
  3.96718e-23
  3.58902e-23
  3.30699e-23
  3.02411e-23
  2.58266e-23
  1.98838e-23
  1.64233e-23
  1.45412e-23
  1.35397e-23
  1.28372e-23
  1.20484e-23
  1.12128e-23
  1.06276e-23
  1.03785e-23
  1.03062e-23
  1.02051e-23
  1.00233e-23
  9.77603e-24
  9.47789e-24
  9.09058e-24
  8.58700e-24
  8.06517e-24
  7.66954e-24
  7.43355e-24
  7.30796e-24
  7.25567e-24
  7.32640e-24
  7.47531e-24
  7.68684e-24
  7.94844e-24
  8.24890e-24
  8.58148e-24
  8.94050e-24
  9.31815e-24
  9.70472e-24
  1.01017e-23
  1.05779e-23
  1.10684e-23
  1.15683e-23
  1.20895e-23
  1.26440e-23
  1.32429e-23
  1.38840e-23
  1.45675e-23
  1.52877e-23
  1.60604e-23
  1.69992e-23
  1.80099e-23
  1.90743e-23
  2.01970e-23
  2.13754e-23
  2.26140e-23
  2.39107e-23
  2.52698e-23
  2.66894e-23
  2.81971e-23
   Cooling for Wiersma, Schaye and Smith (2008).
   Redshift = 6.0 log(T) = 2-8 K, log(dT) = 0.05, log(n_H) = 0 , [Z/Zsol] = -1.5
