 -6.35316e-23
 -5.96057e-23
 -5.58649e-23
 -5.23369e-23
 -4.89986e-23
 -4.58561e-23
 -4.28863e-23
 -4.00778e-23
 -3.74388e-23
 -3.49827e-23
 -3.26621e-23
 -3.04671e-23
 -2.84108e-23
 -2.64938e-23
 -2.46874e-23
 -2.29859e-23
 -2.13954e-23
 -1.98975e-23
 -1.85067e-23
 -1.72030e-23
 -1.59814e-23
 -1.48326e-23
 -1.37536e-23
 -1.27459e-23
 -1.18094e-23
 -1.09182e-23
 -1.00958e-23
 -9.32178e-24
 -8.59097e-24
 -7.91122e-24
 -7.26751e-24
 -6.66574e-24
 -6.09509e-24
 -5.55582e-24
 -5.05286e-24
 -4.57081e-24
 -4.11802e-24
 -3.68255e-24
 -3.26699e-24
 -2.86879e-24
 -2.47596e-24
 -2.07453e-24
 -1.63390e-24
 -1.09410e-24
 -3.42347e-25
  7.72664e-25
  2.47627e-24
  4.94140e-24
  8.24865e-24
  1.20414e-23
  1.56488e-23
  1.82789e-23
  1.97986e-23
  2.09689e-23
  2.36806e-23
  3.10127e-23
  4.68048e-23
  7.03567e-23
  8.92993e-23
  9.07903e-23
  7.98028e-23
  6.63203e-23
  5.48532e-23
  4.62700e-23
  4.01486e-23
  3.59713e-23
  3.32413e-23
  3.16776e-23
  3.09965e-23
  3.10851e-23
  3.09754e-23
  3.23304e-23
  3.42171e-23
  3.66572e-23
  3.96108e-23
  4.30741e-23
  4.71182e-23
  5.18214e-23
  5.71893e-23
  6.33242e-23
  7.02554e-23
  7.81431e-23
  8.70133e-23
  9.70222e-23
  1.08253e-22
  1.20894e-22
  1.35066e-22
  1.50995e-22
  1.68851e-22
  1.88900e-22
  2.11381e-22
  2.36659e-22
  2.65013e-22
  2.96807e-22
  3.32479e-22
  3.72457e-22
  4.17333e-22
  4.67601e-22
  5.24055e-22
  5.87263e-22
  6.58298e-22
  7.37876e-22
  8.27353e-22
  9.27444e-22
  1.04003e-21
  1.16591e-21
  1.30759e-21
  1.46592e-21
  1.64420e-21
  1.84336e-21
  2.06774e-21
  2.31849e-21
  2.60098e-21
  2.91661e-21
  3.27200e-21
  3.66930e-21
  4.11642e-21
  4.61652e-21
  5.17907e-21
  5.80860e-21
  6.51642e-21
   Cooling for Wiersma, Schaye and Smith (2008).
   Redshift = 9.0 log(T) = 2-8 K, log(dT) = 0.05, log(n_H) = -3 , [Z/Zsol] = 
-Inf
