  2.28962e-34
  2.70878e-34
  3.17944e-34
  3.71201e-34
  4.31020e-34
  4.98253e-34
  5.73290e-34
  6.56984e-34
  7.49233e-34
  8.49793e-34
  9.59970e-34
  1.08049e-33
  1.21145e-33
  1.35396e-33
  1.50878e-33
  1.67699e-33
  1.85274e-33
  2.03217e-33
  2.25195e-33
  2.34348e-33
  2.63138e-33
  2.87378e-33
  3.36860e-33
  3.87982e-33
  4.34583e-33
  5.82658e-33
  5.04350e-33
  2.78062e-33
  5.47845e-33
  2.81541e-32
  2.30767e-32
  4.11614e-33
  1.53377e-32
  7.07112e-32
  4.94380e-31
  7.29205e-31
  4.85528e-30
  2.24318e-29
  1.18979e-28
  7.37634e-28
  1.10732e-26
  1.88453e-25
  2.96556e-24
  2.36740e-23
  8.51753e-23
  1.29442e-22
  1.21310e-22
  9.69987e-23
  7.61152e-23
  6.17149e-23
  5.09758e-23
  4.17994e-23
  3.44758e-23
  2.99267e-23
  2.92045e-23
  3.48343e-23
  5.03301e-23
  7.40805e-23
  9.20786e-23
  9.15635e-23
  7.88826e-23
  6.40797e-23
  5.13595e-23
  4.16867e-23
  3.45823e-23
  2.93058e-23
  2.52665e-23
  2.22141e-23
  1.96371e-23
  1.69345e-23
  1.34486e-23
  1.15634e-23
  1.03396e-23
  9.53003e-24
  8.91318e-24
  8.31156e-24
  7.77300e-24
  7.38033e-24
  7.14459e-24
  7.00800e-24
  6.89611e-24
  6.80943e-24
  6.72778e-24
  6.65240e-24
  6.56721e-24
  6.46180e-24
  6.36456e-24
  6.31974e-24
  6.33596e-24
  6.39644e-24
  6.49340e-24
  6.67736e-24
  6.89793e-24
  7.15023e-24
  7.42957e-24
  7.73191e-24
  8.05487e-24
  8.39606e-24
  8.75283e-24
  9.12147e-24
  9.50844e-24
  9.98616e-24
  1.04912e-23
  1.10152e-23
  1.15627e-23
  1.21364e-23
  1.27403e-23
  1.33728e-23
  1.40344e-23
  1.47219e-23
  1.54514e-23
  1.63374e-23
  1.72854e-23
  1.82774e-23
  1.93167e-23
  2.04006e-23
  2.15319e-23
  2.27078e-23
  2.39304e-23
  2.51972e-23
  2.65328e-23
   Cooling for Wiersma, Schaye and Smith (2008), NO COMPTON.
   z > 11 (photodis) log(T) = 2-8 K, log(dT) = 0.05, log(n_H) = -2 , [Z/Zsol] = 
-2.0
