  1.18570e-33
  1.30366e-33
  1.42460e-33
  1.57156e-33
  1.73965e-33
  1.93122e-33
  2.14626e-33
  2.38533e-33
  2.64752e-33
  2.92540e-33
  3.24418e-33
  3.59923e-33
  3.96949e-33
  4.38521e-33
  4.82591e-33
  5.32314e-33
  5.88985e-33
  6.49785e-33
  7.12530e-33
  7.81783e-33
  8.55979e-33
  9.16136e-33
  1.00475e-32
  1.12481e-32
  1.21745e-32
  1.35808e-32
  1.47800e-32
  1.67974e-32
  1.79137e-32
  2.09956e-32
  2.22380e-32
  2.68714e-32
  2.77852e-32
  3.62347e-32
  4.68520e-32
  1.59603e-31
  1.26138e-30
  7.99386e-30
  6.15075e-29
  5.51933e-28
  1.06266e-26
  1.87433e-25
  2.96281e-24
  2.36586e-23
  8.50744e-23
  1.29248e-22
  1.21081e-22
  9.67308e-23
  7.57855e-23
  6.12961e-23
  5.04367e-23
  4.11063e-23
  3.35912e-23
  2.88083e-23
  2.78039e-23
  3.31013e-23
  4.82086e-23
  7.15179e-23
  8.90567e-23
  8.81071e-23
  7.50593e-23
  6.01149e-23
  4.74471e-23
  3.77358e-23
  3.04452e-23
  2.49937e-23
  2.08472e-23
  1.76972e-23
  1.52240e-23
  1.32314e-23
  1.07674e-23
  9.53457e-24
  8.58996e-24
  7.86022e-24
  7.28129e-24
  6.76533e-24
  6.35535e-24
  6.05047e-24
  5.82331e-24
  5.66379e-24
  5.55318e-24
  5.51169e-24
  5.50496e-24
  5.52893e-24
  5.57726e-24
  5.64693e-24
  5.73777e-24
  5.85169e-24
  5.98774e-24
  6.14258e-24
  6.31779e-24
  6.56213e-24
  6.83182e-24
  7.12203e-24
  7.43224e-24
  7.76186e-24
  8.11083e-24
  8.47834e-24
  8.86469e-24
  9.26933e-24
  9.70152e-24
  1.02356e-23
  1.08097e-23
  1.14143e-23
  1.20521e-23
  1.27221e-23
  1.34272e-23
  1.41663e-23
  1.49426e-23
  1.57546e-23
  1.66217e-23
  1.76594e-23
  1.87769e-23
  1.99573e-23
  2.12081e-23
  2.25278e-23
  2.39239e-23
  2.53959e-23
  2.69514e-23
  2.85907e-23
  3.03451e-23
   Cooling for Wiersma, Schaye and Smith (2008), NO COMPTON.
   z > 11 (photodis) log(T) = 2-8 K, log(dT) = 0.05, log(n_H) = -5 , [Z/Zsol] = 
-3.0
