 -3.28224e-23
 -3.16608e-23
 -3.04416e-23
 -2.92392e-23
 -2.80525e-23
 -2.68842e-23
 -2.57349e-23
 -2.46070e-23
 -2.35009e-23
 -2.24189e-23
 -2.13613e-23
 -2.03299e-23
 -1.93251e-23
 -1.83484e-23
 -1.73999e-23
 -1.64809e-23
 -1.55913e-23
 -1.47318e-23
 -1.39026e-23
 -1.31038e-23
 -1.23358e-23
 -1.15972e-23
 -1.08887e-23
 -1.02098e-23
 -9.56051e-24
 -8.93967e-24
 -8.34734e-24
 -7.78218e-24
 -7.24448e-24
 -6.73245e-24
 -6.24631e-24
 -5.78326e-24
 -5.34441e-24
 -4.92767e-24
 -4.53351e-24
 -4.15961e-24
 -3.80667e-24
 -3.47096e-24
 -3.14910e-24
 -2.82455e-24
 -2.44260e-24
 -1.87448e-24
 -7.80350e-25
  1.42997e-24
  5.88010e-24
  1.36655e-23
  2.49839e-23
  3.66365e-23
  4.33344e-23
  4.33301e-23
  3.90583e-23
  3.37677e-23
  2.91511e-23
  2.61620e-23
  2.60428e-23
  3.14362e-23
  4.58746e-23
  6.83313e-23
  8.60255e-23
  8.61290e-23
  7.39129e-23
  5.93689e-23
  4.68804e-23
  3.72323e-23
  2.99516e-23
  2.44956e-23
  2.03447e-23
  1.71888e-23
  1.47307e-23
  1.28217e-23
  1.04746e-23
  9.31881e-24
  8.40038e-24
  7.68044e-24
  7.10410e-24
  6.58990e-24
  6.18962e-24
  5.88709e-24
  5.65875e-24
  5.49371e-24
  5.37812e-24
  5.33695e-24
  5.33363e-24
  5.36324e-24
  5.41997e-24
  5.50117e-24
  5.60321e-24
  5.72422e-24
  5.86178e-24
  6.01450e-24
  6.18498e-24
  6.42184e-24
  6.68114e-24
  6.95816e-24
  7.25241e-24
  7.56331e-24
  7.89042e-24
  8.23303e-24
  8.59099e-24
  8.96348e-24
  9.35949e-24
  9.85320e-24
  1.03821e-23
  1.09366e-23
  1.15178e-23
  1.21246e-23
  1.27584e-23
  1.34175e-23
  1.41034e-23
  1.48143e-23
  1.55671e-23
  1.64771e-23
  1.74507e-23
  1.84701e-23
  1.95394e-23
  2.06563e-23
  2.18241e-23
  2.30406e-23
  2.43087e-23
  2.56263e-23
  2.70190e-23
   Cooling for Wiersma, Schaye and Smith (2008).
   Redshift = 2.0 log(T) = 2-8 K, log(dT) = 0.05, log(n_H) = -1 , [Z/Zsol] = 
-Inf
