 -1.45624e-22
 -1.38349e-22
 -1.31364e-22
 -1.24740e-22
 -1.18333e-22
 -1.12246e-22
 -1.06417e-22
 -1.00856e-22
 -9.54986e-23
 -9.03711e-23
 -8.54571e-23
 -8.07786e-23
 -7.63052e-23
 -7.20178e-23
 -6.79107e-23
 -6.39798e-23
 -6.02199e-23
 -5.66389e-23
 -5.32241e-23
 -4.99565e-23
 -4.68304e-23
 -4.38229e-23
 -4.09867e-23
 -3.82679e-23
 -3.56476e-23
 -3.31633e-23
 -3.07742e-23
 -2.84765e-23
 -2.62779e-23
 -2.41621e-23
 -2.21111e-23
 -2.01321e-23
 -1.81965e-23
 -1.63232e-23
 -1.44707e-23
 -1.26513e-23
 -1.08436e-23
 -9.03447e-24
 -7.22217e-24
 -5.37916e-24
 -3.49682e-24
 -1.56012e-24
  4.51464e-25
  2.55163e-24
  4.76715e-24
  7.11413e-24
  9.62822e-24
  1.23225e-23
  1.52398e-23
  1.84150e-23
  2.18796e-23
  2.56809e-23
  2.98846e-23
  3.45300e-23
  3.97039e-23
  4.55236e-23
  5.21665e-23
  5.97935e-23
  6.86392e-23
  7.89241e-23
  9.07108e-23
  1.03896e-22
  1.18146e-22
  1.32967e-22
  1.48323e-22
  1.64521e-22
  1.82110e-22
  2.01751e-22
  2.23831e-22
  2.48918e-22
  2.76992e-22
  3.09141e-22
  3.45303e-22
  3.86225e-22
  4.32087e-22
  4.83830e-22
  5.41773e-22
  6.07155e-22
  6.80344e-22
  7.62817e-22
  8.55130e-22
  9.59081e-22
  1.07545e-21
  1.20636e-21
  1.35295e-21
  1.51774e-21
  1.70237e-21
  1.90979e-21
  2.14228e-21
  2.40334e-21
  2.69608e-21
  3.02469e-21
  3.39337e-21
  3.80693e-21
  4.27115e-21
  4.79162e-21
  5.37613e-21
  6.03115e-21
  6.76711e-21
  7.59146e-21
  8.51814e-21
  9.55567e-21
  1.07226e-20
  1.20284e-20
  1.34977e-20
  1.51410e-20
  1.69911e-20
  1.90594e-20
  2.13889e-20
  2.39918e-20
  2.69250e-20
  3.02021e-20
  3.38947e-20
  3.80212e-20
  4.26686e-20
  4.78648e-20
  5.37138e-20
  6.02569e-20
  6.76184e-20
  7.58575e-20
  8.51224e-20
   Cooling for Wiersma, Schaye and Smith (2008).
   Redshift = 5.0 log(T) = 2-8 K, log(dT) = 0.05, log(n_H) = -5 , [Z/Zsol] = 
-2.0
