 -1.14776e-22
 -1.08967e-22
 -1.03487e-22
 -9.82483e-23
 -9.32787e-23
 -8.86112e-23
 -8.41800e-23
 -7.99696e-23
 -7.59322e-23
 -7.21186e-23
 -6.84635e-23
 -6.49491e-23
 -6.15924e-23
 -5.83983e-23
 -5.53275e-23
 -5.23475e-23
 -4.95107e-23
 -4.68146e-23
 -4.42283e-23
 -4.17446e-23
 -3.93568e-23
 -3.70848e-23
 -3.49221e-23
 -3.28561e-23
 -3.08865e-23
 -2.90062e-23
 -2.72037e-23
 -2.55043e-23
 -2.39273e-23
 -2.24490e-23
 -2.10769e-23
 -1.97882e-23
 -1.85685e-23
 -1.74291e-23
 -1.63728e-23
 -1.53540e-23
 -1.44058e-23
 -1.34901e-23
 -1.25788e-23
 -1.17040e-23
 -1.08044e-23
 -9.88223e-24
 -8.87900e-24
 -7.74461e-24
 -6.38660e-24
 -4.72380e-24
 -2.61636e-24
  1.65211e-26
  3.39023e-24
  7.54365e-24
  1.28308e-23
  1.92645e-23
  2.70121e-23
  3.63958e-23
  4.77090e-23
  6.12266e-23
  7.70776e-23
  9.54981e-23
  1.16548e-22
  1.39928e-22
  1.64481e-22
  1.88261e-22
  2.08606e-22
  2.23209e-22
  2.30184e-22
  2.28687e-22
  2.21620e-22
  2.10110e-22
  1.97383e-22
  1.82797e-22
  1.68701e-22
  1.59128e-22
  1.53331e-22
  1.48511e-22
  1.44061e-22
  1.40709e-22
  1.40186e-22
  1.43299e-22
  1.47832e-22
  1.51598e-22
  1.54008e-22
  1.51913e-22
  1.47246e-22
  1.37834e-22
  1.24087e-22
  1.08979e-22
  9.60070e-23
  8.79455e-23
  8.38860e-23
  8.28526e-23
  8.36971e-23
  8.63535e-23
  9.08678e-23
  9.69847e-23
  1.04724e-22
  1.14511e-22
  1.25552e-22
  1.38420e-22
  1.53194e-22
  1.69940e-22
  1.88743e-22
  2.09712e-22
  2.32882e-22
  2.58547e-22
  2.87320e-22
  3.19535e-22
  3.56003e-22
  3.96999e-22
  4.43380e-22
  4.95340e-22
  5.54007e-22
  6.19760e-22
  6.93880e-22
  7.76714e-22
  8.69984e-22
  9.74223e-22
  1.09151e-21
  1.22265e-21
  1.37010e-21
  1.53502e-21
  1.72038e-21
   Cooling for Wiersma, Schaye and Smith (2008).
   Redshift = 3.0 log(T) = 2-8 K, log(dT) = 0.05, log(n_H) = -4 , [Z/Zsol] = 0.0
