 -8.10739e-24
 -7.99007e-24
 -7.86068e-24
 -7.72756e-24
 -7.59109e-24
 -7.45141e-24
 -7.30869e-24
 -7.16296e-24
 -7.01442e-24
 -6.86311e-24
 -6.70914e-24
 -6.55278e-24
 -6.39422e-24
 -6.23353e-24
 -6.07089e-24
 -5.90639e-24
 -5.74017e-24
 -5.57233e-24
 -5.40301e-24
 -5.23232e-24
 -5.06039e-24
 -4.88516e-24
 -4.71080e-24
 -4.53567e-24
 -4.35968e-24
 -4.18299e-24
 -4.00853e-24
 -3.83027e-24
 -3.65090e-24
 -3.47057e-24
 -3.28897e-24
 -3.10547e-24
 -2.92007e-24
 -2.73173e-24
 -2.53963e-24
 -2.34199e-24
 -2.13554e-24
 -1.90950e-24
 -1.63372e-24
 -1.22677e-24
 -3.85404e-25
  1.59634e-24
  6.68710e-24
  1.81117e-23
  4.02650e-23
  6.95987e-23
  8.85640e-23
  8.73119e-23
  7.51792e-23
  6.26411e-23
  5.31855e-23
  4.66942e-23
  4.23832e-23
  4.07242e-23
  4.30287e-23
  5.20893e-23
  7.14977e-23
  9.96648e-23
  1.22265e-22
  1.26117e-22
  1.17142e-22
  1.03775e-22
  9.05512e-23
  8.13002e-23
  7.60671e-23
  7.25453e-23
  6.95916e-23
  6.75172e-23
  6.39043e-23
  5.40960e-23
  4.04094e-23
  3.19947e-23
  2.80581e-23
  2.64785e-23
  2.55367e-23
  2.41917e-23
  2.24573e-23
  2.13086e-23
  2.10677e-23
  2.12552e-23
  2.12519e-23
  2.08410e-23
  2.01499e-23
  1.92370e-23
  1.79947e-23
  1.63449e-23
  1.46067e-23
  1.32431e-23
  1.23664e-23
  1.18264e-23
  1.15027e-23
  1.14501e-23
  1.16249e-23
  1.19916e-23
  1.25158e-23
  1.31671e-23
  1.39310e-23
  1.47957e-23
  1.57441e-23
  1.67528e-23
  1.78176e-23
  1.90006e-23
  2.02457e-23
  2.15650e-23
  2.30111e-23
  2.46325e-23
  2.64827e-23
  2.85690e-23
  3.09188e-23
  3.35272e-23
  3.64482e-23
  3.98010e-23
  4.35430e-23
  4.76671e-23
  5.22418e-23
  5.72843e-23
  6.28759e-23
  6.90451e-23
  7.58909e-23
  8.34472e-23
  9.18559e-23
   Cooling for Wiersma, Schaye and Smith (2008).
   Redshift = 9.0 log(T) = 2-8 K, log(dT) = 0.05, log(n_H) = -1 , [Z/Zsol] = 
-1.0
