 -3.15988e-24
 -3.13265e-24
 -3.10339e-24
 -3.07310e-24
 -3.04184e-24
 -3.00951e-24
 -2.97619e-24
 -2.94181e-24
 -2.90642e-24
 -2.86996e-24
 -2.83245e-24
 -2.79387e-24
 -2.75423e-24
 -2.71350e-24
 -2.67169e-24
 -2.62876e-24
 -2.58471e-24
 -2.53950e-24
 -2.49311e-24
 -2.44552e-24
 -2.39668e-24
 -2.34630e-24
 -2.29481e-24
 -2.24199e-24
 -2.18780e-24
 -2.13223e-24
 -2.07517e-24
 -2.01667e-24
 -1.95663e-24
 -1.89504e-24
 -1.83171e-24
 -1.76634e-24
 -1.69884e-24
 -1.62893e-24
 -1.55615e-24
 -1.47991e-24
 -1.39966e-24
 -1.30585e-24
 -1.16547e-24
 -8.60647e-25
  7.79855e-26
  2.83789e-24
  1.07659e-23
  2.94487e-23
  6.46913e-23
  1.01739e-22
  1.09928e-22
  9.52195e-23
  7.63922e-23
  6.13727e-23
  5.06944e-23
  4.25608e-23
  3.62225e-23
  3.24658e-23
  3.24772e-23
  3.89107e-23
  5.53593e-23
  8.01570e-23
  9.92620e-23
  9.98132e-23
  8.80409e-23
  7.35923e-23
  6.07536e-23
  5.11829e-23
  4.45275e-23
  3.96703e-23
  3.58886e-23
  3.30682e-23
  3.02392e-23
  2.58245e-23
  1.98815e-23
  1.64207e-23
  1.45383e-23
  1.35364e-23
  1.28335e-23
  1.20443e-23
  1.12083e-23
  1.06225e-23
  1.03727e-23
  1.02997e-23
  1.01978e-23
  1.00152e-23
  9.76691e-24
  9.46765e-24
  9.07909e-24
  8.57411e-24
  8.05070e-24
  7.65331e-24
  7.41534e-24
  7.28752e-24
  7.23274e-24
  7.30067e-24
  7.44644e-24
  7.65445e-24
  7.91210e-24
  8.20812e-24
  8.53572e-24
  8.88917e-24
  9.26054e-24
  9.64009e-24
  1.00292e-23
  1.04965e-23
  1.09771e-23
  1.14658e-23
  1.19745e-23
  1.25151e-23
  1.30982e-23
  1.37217e-23
  1.43853e-23
  1.50834e-23
  1.58311e-23
  1.67419e-23
  1.77212e-23
  1.87504e-23
  1.98335e-23
  2.09676e-23
  2.21563e-23
  2.33973e-23
  2.46936e-23
  2.60431e-23
  2.74718e-23
   Cooling for Wiersma, Schaye and Smith (2008).
   Redshift = 5.0 log(T) = 2-8 K, log(dT) = 0.05, log(n_H) = 0 , [Z/Zsol] = -1.5
