 -2.80741e-22
 -2.66499e-22
 -2.52724e-22
 -2.39267e-22
 -2.26212e-22
 -2.13659e-22
 -2.01477e-22
 -1.89652e-22
 -1.78141e-22
 -1.66861e-22
 -1.55872e-22
 -1.45155e-22
 -1.34676e-22
 -1.24270e-22
 -1.14092e-22
 -1.03988e-22
 -9.38952e-23
 -8.38616e-23
 -7.37047e-23
 -6.35009e-23
 -5.30509e-23
 -4.23931e-23
 -3.13509e-23
 -1.99040e-23
 -7.90534e-24
  4.72845e-24
  1.81351e-23
  3.24185e-23
  4.78115e-23
  6.43540e-23
  8.23405e-23
  1.01962e-22
  1.23409e-22
  1.46881e-22
  1.72829e-22
  2.01533e-22
  2.33260e-22
  2.68306e-22
  3.07403e-22
  3.50738e-22
  3.99256e-22
  4.53528e-22
  5.13922e-22
  5.81193e-22
  6.56630e-22
  7.40796e-22
  8.35227e-22
  9.40739e-22
  1.05915e-21
  1.19178e-21
  1.34155e-21
  1.50824e-21
  1.69519e-21
  1.90470e-21
  2.13975e-21
  2.40339e-21
  2.69911e-21
  3.03104e-21
  3.40335e-21
  3.82156e-21
  4.29043e-21
  4.81729e-21
  5.40737e-21
  6.07026e-21
  6.81184e-21
  7.64499e-21
  8.57675e-21
  9.62464e-21
  1.08050e-20
  1.21260e-20
  1.36021e-20
  1.52649e-20
  1.71231e-20
  1.92171e-20
  2.15565e-20
  2.41930e-20
  2.71392e-20
  3.04577e-20
  3.41679e-20
  3.83448e-20
  4.30169e-20
  4.82741e-20
  5.41576e-20
  6.07744e-20
  6.81832e-20
  7.65112e-20
  8.58407e-20
  9.63223e-20
  1.08070e-19
  1.21263e-19
  1.36056e-19
  1.52660e-19
  1.71288e-19
  1.92186e-19
  2.15644e-19
  2.41945e-19
  2.71484e-19
  3.04587e-19
  3.41782e-19
  3.83446e-19
  4.30283e-19
  4.82721e-19
  5.41699e-19
  6.07697e-19
  6.81964e-19
  7.65028e-19
  8.58545e-19
  9.63091e-19
  1.08085e-18
  1.21243e-18
  1.36071e-18
  1.52636e-18
  1.71303e-18
  1.92163e-18
  2.15657e-18
  2.41925e-18
  2.71494e-18
  3.04573e-18
  3.41790e-18
  3.83443e-18
  4.30284e-18
   Cooling for Wiersma, Schaye and Smith (2008).
   Redshift = 8.0 log(T) = 2-8 K, log(dT) = 0.05, log(n_H) = -6 , [Z/Zsol] = 
-2.0
