 -3.51773e-23
 -3.35561e-23
 -3.18625e-23
 -3.01596e-23
 -2.84527e-23
 -2.67191e-23
 -2.49959e-23
 -2.33191e-23
 -2.16677e-23
 -2.00492e-23
 -1.84399e-23
 -1.68996e-23
 -1.54095e-23
 -1.39748e-23
 -1.25964e-23
 -1.12769e-23
 -1.00178e-23
 -8.81892e-24
 -7.68284e-24
 -6.61067e-24
 -5.60151e-24
 -4.31666e-24
 -3.39222e-24
 -2.53283e-24
 -1.73897e-24
 -1.00797e-24
 -3.33901e-25
  2.91680e-25
  8.78348e-25
  1.43714e-24
  1.98245e-24
  2.53581e-24
  3.12090e-24
  3.78025e-24
  4.58488e-24
  5.55176e-24
  6.80356e-24
  8.49566e-24
  1.08766e-23
  1.41407e-23
  1.86189e-23
  2.42965e-23
  3.21516e-23
  4.28539e-23
  5.74823e-23
  7.66368e-23
  1.01001e-22
  1.29590e-22
  1.60344e-22
  1.91948e-22
  2.28250e-22
  2.73923e-22
  3.34270e-22
  4.12560e-22
  5.11530e-22
  6.34266e-22
  7.84532e-22
  9.60216e-22
  1.13726e-21
  1.28871e-21
  1.40512e-21
  1.44162e-21
  1.41326e-21
  1.41898e-21
  1.47698e-21
  1.53343e-21
  1.56785e-21
  1.59788e-21
  1.55726e-21
  1.30601e-21
  9.47043e-22
  7.17407e-22
  6.20947e-22
  5.92263e-22
  5.78972e-22
  5.50887e-22
  5.07068e-22
  4.78662e-22
  4.76385e-22
  4.85408e-22
  4.86682e-22
  4.72476e-22
  4.47961e-22
  4.15049e-22
  3.70489e-22
  3.11867e-22
  2.49357e-22
  1.97509e-22
  1.59782e-22
  1.31316e-22
  1.08849e-22
  9.30358e-23
  8.17884e-23
  7.50714e-23
  7.15640e-23
  7.01948e-23
  7.03525e-23
  7.15325e-23
  7.29531e-23
  7.37173e-23
  7.30650e-23
  7.05275e-23
  6.57755e-23
  5.92630e-23
  5.20286e-23
  4.53886e-23
  4.02078e-23
  3.64958e-23
  3.40401e-23
  3.24516e-23
  3.15529e-23
  3.12700e-23
  3.14010e-23
  3.18202e-23
  3.24915e-23
  3.33592e-23
  3.44039e-23
  3.55885e-23
  3.68942e-23
  3.82783e-23
  3.97588e-23
   Cooling for Wiersma, Schaye and Smith (2008), NO COMPTON.
   11 < z < 9.89 (highz) log(T) = 2-8 K, log(dT) = 0.05, log(n_H) = -2
 , [Z/Zsol] = 0.50
