  2.29179e-31
  2.70899e-31
  3.17981e-31
  3.71258e-31
  4.31099e-31
  4.98365e-31
  5.73417e-31
  6.57159e-31
  7.49405e-31
  8.49999e-31
  9.60243e-31
  1.08079e-30
  1.21181e-30
  1.35438e-30
  1.50926e-30
  1.67760e-30
  1.87330e-30
  2.08336e-30
  2.29849e-30
  2.53741e-30
  2.78756e-30
  2.99087e-30
  3.28735e-30
  3.68622e-30
  3.99119e-30
  4.45528e-30
  4.84301e-30
  5.49738e-30
  5.84995e-30
  6.84353e-30
  7.22242e-30
  8.69811e-30
  8.93609e-30
  1.14699e-29
  1.25257e-29
  2.47326e-29
  1.27470e-28
  5.13686e-28
  2.13646e-27
  7.06552e-27
  2.66361e-26
  2.32064e-25
  3.19170e-24
  2.47500e-23
  8.84764e-23
  1.35153e-22
  1.28588e-22
  1.05848e-22
  8.71721e-23
  7.57614e-23
  6.91728e-23
  6.51184e-23
  6.45236e-23
  6.78247e-23
  7.66360e-23
  9.37316e-23
  1.22359e-22
  1.61046e-22
  1.94375e-22
  2.08389e-22
  2.08554e-22
  1.98574e-22
  1.83772e-22
  1.76007e-22
  1.74918e-22
  1.74987e-22
  1.74203e-22
  1.73772e-22
  1.66932e-22
  1.38638e-22
  9.94097e-23
  7.36402e-23
  6.40934e-23
  5.98341e-23
  5.79223e-23
  5.62472e-23
  5.20895e-23
  5.02549e-23
  4.95151e-23
  5.00912e-23
  5.04221e-23
  4.90074e-23
  4.65007e-23
  4.31414e-23
  3.87434e-23
  3.31510e-23
  2.74445e-23
  2.27768e-23
  1.95763e-23
  1.71875e-23
  1.52557e-23
  1.38188e-23
  1.28289e-23
  1.21920e-23
  1.18196e-23
  1.16493e-23
  1.16962e-23
  1.18566e-23
  1.21361e-23
  1.25317e-23
  1.29631e-23
  1.34542e-23
  1.38974e-23
  1.42741e-23
  1.46339e-23
  1.50116e-23
  1.54363e-23
  1.59434e-23
  1.65278e-23
  1.72081e-23
  1.79791e-23
  1.89500e-23
  2.00240e-23
  2.11781e-23
  2.24176e-23
  2.37374e-23
  2.51435e-23
  2.66325e-23
  2.82101e-23
  2.98728e-23
  3.16513e-23
   Cooling for Wiersma, Schaye and Smith (2008), NO COMPTON.
   z > 11 (photodis) log(T) = 2-8 K, log(dT) = 0.05, log(n_H) = -5 , [Z/Zsol] = 
****
