 -1.69870e-22
 -1.58609e-22
 -1.48045e-22
 -1.38184e-22
 -1.28939e-22
 -1.20311e-22
 -1.12227e-22
 -1.04683e-22
 -9.76198e-23
 -9.10279e-23
 -8.48590e-23
 -7.91012e-23
 -7.37151e-23
 -6.86870e-23
 -6.39851e-23
 -5.95941e-23
 -5.54883e-23
 -5.16520e-23
 -4.80645e-23
 -4.47096e-23
 -4.15708e-23
 -3.86312e-23
 -3.58786e-23
 -3.32967e-23
 -3.08753e-23
 -2.85984e-23
 -2.64578e-23
 -2.44382e-23
 -2.25328e-23
 -2.07269e-23
 -1.90144e-23
 -1.73799e-23
 -1.58188e-23
 -1.43177e-23
 -1.28706e-23
 -1.14648e-23
 -1.00932e-23
 -8.74391e-24
 -7.40805e-24
 -6.07468e-24
 -4.73247e-24
 -3.36861e-24
 -1.97154e-24
 -5.30747e-25
  9.70356e-25
  2.54364e-24
  4.20899e-24
  5.98036e-24
  7.88137e-24
  9.92924e-24
  1.21524e-23
  1.45775e-23
  1.72331e-23
  2.01475e-23
  2.33591e-23
  2.69068e-23
  3.08360e-23
  3.51987e-23
  4.00481e-23
  4.54542e-23
  5.14784e-23
  5.82225e-23
  6.57463e-23
  7.41708e-23
  8.35718e-23
  9.41094e-23
  1.05868e-22
  1.19059e-22
  1.33776e-22
  1.50303e-22
  1.68730e-22
  1.89473e-22
  2.12617e-22
  2.38659e-22
  2.67721e-22
  3.00426e-22
  3.36951e-22
  3.78069e-22
  4.24024e-22
  4.75743e-22
  5.33583e-22
  5.98684e-22
  6.71530e-22
  7.53441e-22
  8.45146e-22
  9.48214e-22
  1.06366e-21
  1.19336e-21
  1.33870e-21
  1.50191e-21
  1.68490e-21
  1.89033e-21
  2.12079e-21
  2.37930e-21
  2.66945e-21
  2.99476e-21
  3.36008e-21
  3.76946e-21
  4.22942e-21
  4.74460e-21
  5.32373e-21
  5.97215e-21
  6.70142e-21
  7.51746e-21
  8.43568e-21
  9.46265e-21
  1.06188e-20
  1.19112e-20
  1.33669e-20
  1.49934e-20
  1.68263e-20
  1.88741e-20
  2.11815e-20
  2.37601e-20
  2.66641e-20
  2.99110e-20
  3.35657e-20
  3.76542e-20
  4.22540e-20
  4.74021e-20
  5.31911e-20
   Cooling for Wiersma, Schaye and Smith (2008).
   Redshift = 2.0 log(T) = 2-8 K, log(dT) = 0.05, log(n_H) = -6 , [Z/Zsol] = 
-Inf
