 -1.73652e-24
 -1.72646e-24
 -1.71472e-24
 -1.70254e-24
 -1.68993e-24
 -1.67686e-24
 -1.66333e-24
 -1.64931e-24
 -1.63482e-24
 -1.61981e-24
 -1.60429e-24
 -1.58822e-24
 -1.57161e-24
 -1.55442e-24
 -1.53666e-24
 -1.51827e-24
 -1.49927e-24
 -1.47960e-24
 -1.45925e-24
 -1.43818e-24
 -1.41637e-24
 -1.39369e-24
 -1.37023e-24
 -1.34591e-24
 -1.32069e-24
 -1.29455e-24
 -1.26738e-24
 -1.23921e-24
 -1.20994e-24
 -1.17957e-24
 -1.14795e-24
 -1.11491e-24
 -1.08042e-24
 -1.04441e-24
 -1.00664e-24
 -9.66916e-25
 -9.25344e-25
 -8.73306e-25
 -7.77398e-25
 -5.11533e-25
  4.38129e-25
  3.40644e-24
  1.22556e-23
  3.36571e-23
  7.46005e-23
  1.13237e-22
  1.15398e-22
  9.63228e-23
  7.61183e-23
  6.09394e-23
  5.00616e-23
  4.13089e-23
  3.42761e-23
  2.98399e-23
  2.91549e-23
  3.47919e-23
  5.02792e-23
  7.40203e-23
  9.20211e-23
  9.15217e-23
  7.88586e-23
  6.40666e-23
  5.13535e-23
  4.16850e-23
  3.45831e-23
  2.93083e-23
  2.52703e-23
  2.22189e-23
  1.96428e-23
  1.69414e-23
  1.34570e-23
  1.15727e-23
  1.03502e-23
  9.54191e-24
  8.92657e-24
  8.32660e-24
  7.78985e-24
  7.39930e-24
  7.16593e-24
  7.03195e-24
  6.92290e-24
  6.83949e-24
  6.76151e-24
  6.69027e-24
  6.60972e-24
  6.50952e-24
  6.41823e-24
  6.38030e-24
  6.40472e-24
  6.47503e-24
  6.58134e-24
  6.77270e-24
  7.00500e-24
  7.27017e-24
  7.56406e-24
  7.88281e-24
  8.22420e-24
  8.58604e-24
  8.96602e-24
  9.36064e-24
  9.77684e-24
  1.02873e-23
  1.08291e-23
  1.13943e-23
  1.19881e-23
  1.26136e-23
  1.32760e-23
  1.39738e-23
  1.47090e-23
  1.54786e-23
  1.63007e-23
  1.72901e-23
  1.83546e-23
  1.94768e-23
  2.06627e-23
  2.19105e-23
  2.32262e-23
  2.46084e-23
  2.60632e-23
  2.75899e-23
  2.92177e-23
   Cooling for Wiersma, Schaye and Smith (2008).
   Redshift = 7.0 log(T) = 2-8 K, log(dT) = 0.05, log(n_H) = 0 , [Z/Zsol] = -2.0
