 -3.99378e-24
 -3.86696e-24
 -3.72619e-24
 -3.57242e-24
 -3.40684e-24
 -3.22812e-24
 -3.04031e-24
 -2.84583e-24
 -2.64628e-24
 -2.44392e-24
 -2.23896e-24
 -2.03728e-24
 -1.83905e-24
 -1.52863e-24
 -1.15540e-24
 -9.31610e-25
 -7.12389e-25
 -4.97560e-25
 -2.87241e-25
 -8.12059e-26
  1.20681e-25
  3.49427e-25
  5.46306e-25
  7.40851e-25
  9.35238e-25
  1.13295e-24
  1.33968e-24
  1.56243e-24
  1.81091e-24
  2.09410e-24
  2.42638e-24
  2.82009e-24
  3.29322e-24
  3.88198e-24
  4.61654e-24
  5.55105e-24
  6.80441e-24
  8.51805e-24
  1.10365e-23
  1.46637e-23
  2.02489e-23
  2.88519e-23
  4.39781e-23
  7.05887e-23
  1.13816e-22
  1.60911e-22
  1.85027e-22
  1.89771e-22
  1.94873e-22
  2.10233e-22
  2.39377e-22
  2.83569e-22
  3.43698e-22
  4.21424e-22
  5.19371e-22
  6.41565e-22
  7.93476e-22
  9.71316e-22
  1.15006e-21
  1.30116e-21
  1.41807e-21
  1.45322e-21
  1.42219e-21
  1.42678e-21
  1.48471e-21
  1.54037e-21
  1.57377e-21
  1.60449e-21
  1.56519e-21
  1.31280e-21
  9.50869e-22
  7.19258e-22
  6.21965e-22
  5.93052e-22
  5.79819e-22
  5.51795e-22
  5.07803e-22
  4.79154e-22
  4.76774e-22
  4.85780e-22
  4.87003e-22
  4.72779e-22
  4.48239e-22
  4.15334e-22
  3.70820e-22
  3.12224e-22
  2.49713e-22
  1.97896e-22
  1.60392e-22
  1.32405e-22
  1.09941e-22
  9.31627e-23
  8.19302e-23
  7.51513e-23
  7.16112e-23
  7.02385e-23
  7.03945e-23
  7.15747e-23
  7.29998e-23
  7.37757e-23
  7.30987e-23
  7.05734e-23
  6.58276e-23
  5.93215e-23
  5.20931e-23
  4.54589e-23
  4.03275e-23
  3.66469e-23
  3.42267e-23
  3.26750e-23
  3.18128e-23
  3.15642e-23
  3.17260e-23
  3.21720e-23
  3.28654e-23
  3.37514e-23
  3.48111e-23
  3.60094e-23
  3.73295e-23
  3.87309e-23
  4.02340e-23
   Cooling for Wiersma, Schaye and Smith (2008).
   Redshift = 4.0 log(T) = 2-8 K, log(dT) = 0.05, log(n_H) = 0 , [Z/Zsol] = 0.50
