  2.27979e-30
  2.69997e-30
  3.17175e-30
  3.70482e-30
  4.30209e-30
  4.97484e-30
  5.72558e-30
  6.56298e-30
  7.48592e-30
  8.49215e-30
  9.59316e-30
  1.07990e-29
  1.21096e-29
  1.35356e-29
  1.50847e-29
  1.67682e-29
  1.86335e-29
  2.07373e-29
  2.29479e-29
  2.53179e-29
  2.79941e-29
  3.07741e-29
  3.38908e-29
  3.72981e-29
  4.08484e-29
  4.48300e-29
  4.75776e-29
  5.25921e-29
  6.08758e-29
  6.73909e-29
  7.25473e-29
  8.26953e-29
  8.94165e-29
  9.45898e-29
  1.10003e-28
  1.38555e-28
  4.11775e-28
  1.61636e-27
  6.63817e-27
  2.11929e-26
  6.12644e-26
  3.28453e-25
  3.68422e-24
  2.70534e-23
  9.57895e-23
  1.47760e-22
  1.44270e-22
  1.24978e-22
  1.10260e-22
  1.06094e-22
  1.07300e-22
  1.15321e-22
  1.27466e-22
  1.47165e-22
  1.74952e-22
  2.14657e-22
  2.70362e-22
  3.47428e-22
  4.12022e-22
  4.55513e-22
  4.91583e-22
  4.89156e-22
  4.67330e-22
  4.58032e-22
  4.68926e-22
  4.82091e-22
  4.87023e-22
  4.90001e-22
  4.73000e-22
  3.89227e-22
  2.71217e-22
  1.95155e-22
  1.61395e-22
  1.45728e-22
  1.34908e-22
  1.18974e-22
  9.79116e-23
  8.01194e-23
  7.00833e-23
  6.43867e-23
  5.93199e-23
  5.41706e-23
  5.13668e-23
  5.19663e-23
  5.41188e-23
  5.49691e-23
  5.28225e-23
  4.87001e-23
  4.37026e-23
  3.85597e-23
  3.32969e-23
  2.90721e-23
  2.59067e-23
  2.36615e-23
  2.21301e-23
  2.11410e-23
  2.03874e-23
  2.02216e-23
  2.06536e-23
  2.13815e-23
  2.22541e-23
  2.32146e-23
  2.40177e-23
  2.46294e-23
  2.51362e-23
  2.56490e-23
  2.63741e-23
  2.73466e-23
  2.85987e-23
  3.00955e-23
  3.18988e-23
  3.40912e-23
  3.65398e-23
  3.93610e-23
  4.25046e-23
  4.59725e-23
  4.98114e-23
  5.40304e-23
  5.86827e-23
  6.37817e-23
  6.94187e-23
   Cooling for Wiersma, Schaye and Smith (2008), NO COMPTON.
   z > 11 (photodis) log(T) = 2-8 K, log(dT) = 0.05, log(n_H) = -6 , [Z/Zsol] = 
0.0
