  2.33341e-32
  2.74935e-32
  3.21764e-32
  3.74847e-32
  4.34498e-32
  5.01572e-32
  5.76423e-32
  6.59932e-32
  7.51912e-32
  8.52143e-32
  9.62118e-32
  1.08242e-31
  1.21305e-31
  1.35530e-31
  1.50974e-31
  1.67777e-31
  1.87299e-31
  2.08254e-31
  2.29720e-31
  2.53555e-31
  2.78526e-31
  2.98819e-31
  3.28420e-31
  3.68253e-31
  3.98715e-31
  4.45069e-31
  4.83818e-31
  5.49208e-31
  5.84467e-31
  6.83770e-31
  7.21699e-31
  8.69238e-31
  8.93182e-31
  1.14695e-30
  1.25911e-30
  2.54675e-30
  1.35219e-29
  5.71193e-29
  2.63078e-28
  1.18470e-27
  1.21818e-26
  1.91769e-25
  2.98505e-24
  2.37646e-23
  8.54049e-23
  1.29822e-22
  1.21810e-22
  9.76165e-23
  7.68916e-23
  6.27013e-23
  5.22568e-23
  4.34390e-23
  3.65961e-23
  3.25985e-23
  3.25477e-23
  3.89912e-23
  5.54119e-23
  8.02150e-23
  9.92879e-23
  9.97919e-23
  8.80277e-23
  7.35655e-23
  6.06903e-23
  5.11682e-23
  4.44801e-23
  3.95648e-23
  3.57449e-23
  3.28591e-23
  2.99617e-23
  2.54141e-23
  1.93786e-23
  1.57621e-23
  1.39818e-23
  1.29092e-23
  1.22008e-23
  1.15723e-23
  1.07982e-23
  1.03447e-23
  1.00677e-23
  9.97969e-24
  9.91197e-24
  9.73708e-24
  9.48748e-24
  9.18279e-24
  8.79919e-24
  8.31881e-24
  7.84646e-24
  7.49588e-24
  7.30780e-24
  7.21554e-24
  7.18607e-24
  7.26708e-24
  7.41441e-24
  7.61455e-24
  7.85845e-24
  8.13951e-24
  8.45913e-24
  8.80652e-24
  9.18248e-24
  9.58625e-24
  1.00184e-23
  1.05483e-23
  1.11096e-23
  1.16921e-23
  1.23029e-23
  1.29445e-23
  1.36223e-23
  1.43389e-23
  1.50966e-23
  1.58958e-23
  1.67535e-23
  1.77848e-23
  1.88981e-23
  2.00759e-23
  2.13256e-23
  2.26453e-23
  2.40424e-23
  2.55160e-23
  2.70737e-23
  2.87153e-23
  3.04720e-23
   Cooling for Wiersma, Schaye and Smith (2008), NO COMPTON.
   z > 11 (photodis) log(T) = 2-8 K, log(dT) = 0.05, log(n_H) = -5 , [Z/Zsol] = 
-1.5
