 -2.77787e-24
 -2.66501e-24
 -2.53170e-24
 -2.38239e-24
 -2.21826e-24
 -2.03812e-24
 -1.84545e-24
 -1.64207e-24
 -1.43040e-24
 -1.21280e-24
 -9.90944e-25
 -7.69591e-25
 -5.50033e-25
 -3.34116e-25
 -1.23135e-25
  8.18086e-26
  2.80782e-25
  4.74056e-25
  6.61737e-25
  8.44208e-25
  1.02187e-24
  1.22699e-24
  1.39887e-24
  1.56818e-24
  1.73713e-24
  1.90920e-24
  2.09034e-24
  2.28758e-24
  2.51071e-24
  2.76949e-24
  3.07908e-24
  3.45307e-24
  3.91136e-24
  4.49181e-24
  5.22737e-24
  6.17561e-24
  7.45944e-24
  9.21756e-24
  1.18035e-23
  1.54927e-23
  2.11379e-23
  2.96969e-23
  4.44461e-23
  6.98732e-23
  1.11204e-22
  1.57014e-22
  1.81276e-22
  1.86866e-22
  1.92765e-22
  2.09180e-22
  2.39506e-22
  2.84105e-22
  3.44262e-22
  4.21638e-22
  5.19784e-22
  6.42078e-22
  7.93552e-22
  9.71724e-22
  1.15037e-21
  1.30185e-21
  1.41832e-21
  1.45324e-21
  1.42211e-21
  1.42672e-21
  1.48475e-21
  1.54042e-21
  1.57384e-21
  1.60456e-21
  1.56519e-21
  1.31277e-21
  9.50923e-22
  7.19289e-22
  6.21990e-22
  5.93077e-22
  5.79845e-22
  5.51819e-22
  5.07823e-22
  4.79174e-22
  4.76782e-22
  4.85788e-22
  4.87011e-22
  4.72787e-22
  4.48246e-22
  4.15341e-22
  3.70814e-22
  3.12216e-22
  2.49704e-22
  1.97906e-22
  1.60402e-22
  1.32401e-22
  1.09933e-22
  9.31526e-23
  8.19176e-23
  7.51362e-23
  7.15936e-23
  7.02182e-23
  7.03713e-23
  7.15483e-23
  7.29671e-23
  7.37305e-23
  7.30784e-23
  7.05413e-23
  6.57899e-23
  5.92775e-23
  5.20419e-23
  4.53997e-23
  4.02165e-23
  3.65025e-23
  3.40454e-23
  3.24558e-23
  3.15564e-23
  3.12730e-23
  3.14037e-23
  3.18227e-23
  3.24938e-23
  3.33615e-23
  3.44062e-23
  3.56049e-23
  3.70256e-23
  3.83883e-23
  3.98479e-23
   Cooling for Wiersma, Schaye and Smith (2008).
   Redshift = 0.0 log(T) = 2-8 K, log(dT) = 0.05, log(n_H) = -1 , [Z/Zsol] = 
0.50
