 -1.70891e-24
 -1.69395e-24
 -1.67647e-24
 -1.65783e-24
 -1.63811e-24
 -1.61722e-24
 -1.59539e-24
 -1.57268e-24
 -1.54923e-24
 -1.52515e-24
 -1.50052e-24
 -1.47555e-24
 -1.45033e-24
 -1.42492e-24
 -1.39938e-24
 -1.37375e-24
 -1.34802e-24
 -1.32223e-24
 -1.29633e-24
 -1.27030e-24
 -1.24411e-24
 -1.21653e-24
 -1.18973e-24
 -1.16261e-24
 -1.13508e-24
 -1.10706e-24
 -1.07839e-24
 -1.04892e-24
 -1.01839e-24
 -9.86417e-25
 -9.52241e-25
 -9.14844e-25
 -8.72924e-25
 -8.23247e-25
 -7.62999e-25
 -6.87228e-25
 -5.86412e-25
 -4.41355e-25
 -1.96848e-25
  2.91411e-25
  1.57704e-24
  5.02116e-24
  1.45510e-23
  3.69219e-23
  7.92853e-23
  1.19527e-22
  1.23064e-22
  1.05592e-22
  8.75985e-23
  7.53895e-23
  6.84905e-23
  6.49066e-23
  6.43893e-23
  6.78993e-23
  7.68172e-23
  9.37969e-23
  1.22512e-22
  1.61258e-22
  1.94862e-22
  2.09131e-22
  2.09003e-22
  1.99031e-22
  1.84532e-22
  1.76245e-22
  1.75467e-22
  1.76109e-22
  1.75705e-22
  1.75931e-22
  1.69780e-22
  1.42823e-22
  1.04527e-22
  8.03242e-23
  6.97684e-23
  6.62299e-23
  6.43889e-23
  6.11248e-23
  5.63666e-23
  5.32312e-23
  5.27884e-23
  5.35426e-23
  5.35633e-23
  5.21065e-23
  4.96525e-23
  4.63919e-23
  4.19941e-23
  3.62116e-23
  3.00570e-23
  2.49916e-23
  2.13711e-23
  1.87153e-23
  1.66297e-23
  1.51734e-23
  1.42929e-23
  1.38748e-23
  1.37974e-23
  1.39533e-23
  1.42782e-23
  1.47213e-23
  1.52045e-23
  1.56375e-23
  1.59529e-23
  1.61705e-23
  1.62018e-23
  1.60835e-23
  1.59213e-23
  1.58459e-23
  1.59505e-23
  1.62284e-23
  1.66633e-23
  1.72144e-23
  1.78807e-23
  1.87587e-23
  1.97454e-23
  2.08129e-23
  2.19634e-23
  2.31900e-23
  2.44965e-23
  2.58784e-23
  2.73398e-23
  2.88763e-23
  3.05168e-23
   Cooling for Wiersma, Schaye and Smith (2008).
   Redshift = 7.0 log(T) = 2-8 K, log(dT) = 0.05, log(n_H) = 0 , [Z/Zsol] = ****
