 -1.06520e-22
 -1.01291e-22
 -9.64144e-23
 -9.17853e-23
 -8.73934e-23
 -8.32725e-23
 -7.93026e-23
 -7.55805e-23
 -7.20342e-23
 -6.85964e-23
 -6.53527e-23
 -6.22257e-23
 -5.92100e-23
 -5.62826e-23
 -5.34336e-23
 -5.06670e-23
 -4.79634e-23
 -4.53030e-23
 -4.26718e-23
 -4.00490e-23
 -3.74215e-23
 -3.47873e-23
 -3.21312e-23
 -2.94305e-23
 -2.66647e-23
 -2.38225e-23
 -2.08757e-23
 -1.78102e-23
 -1.46013e-23
 -1.12274e-23
 -7.65180e-24
 -3.85500e-24
  2.12947e-25
  4.57339e-24
  9.28126e-24
  1.43628e-23
  1.99140e-23
  2.59509e-23
  3.25562e-23
  3.97753e-23
  4.77735e-23
  5.65756e-23
  6.63365e-23
  7.71196e-23
  8.90725e-23
  1.02309e-22
  1.17121e-22
  1.33614e-22
  1.52051e-22
  1.72607e-22
  1.95558e-22
  2.21133e-22
  2.50035e-22
  2.82228e-22
  3.18740e-22
  3.60291e-22
  4.07448e-22
  4.62352e-22
  5.25521e-22
  5.97162e-22
  6.75103e-22
  7.58012e-22
  8.46837e-22
  9.43347e-22
  1.05234e-21
  1.17444e-21
  1.31204e-21
  1.46783e-21
  1.64285e-21
  1.84055e-21
  2.06163e-21
  2.31157e-21
  2.59119e-21
  2.90655e-21
  3.25906e-21
  3.65642e-21
  4.10059e-21
  4.60103e-21
  5.16061e-21
  5.79065e-21
  6.49546e-21
  7.28859e-21
  8.17626e-21
  9.17457e-21
  1.02924e-20
  1.15489e-20
  1.29566e-20
  1.45381e-20
  1.63106e-20
  1.83011e-20
  2.05332e-20
  2.30384e-20
  2.58492e-20
  2.90023e-20
  3.25416e-20
  3.65100e-20
  4.09668e-20
  4.59615e-20
  5.15735e-20
  5.78597e-20
  6.49264e-20
  7.28382e-20
  8.17368e-20
  9.16946e-20
  1.02900e-19
  1.15432e-19
  1.29542e-19
  1.45315e-19
  1.63082e-19
  1.82934e-19
  2.05306e-19
  2.30300e-19
  2.58463e-19
  2.89936e-19
  3.25383e-19
  3.65016e-19
  4.09628e-19
  4.59535e-19
  5.15686e-19
  5.78530e-19
  6.49200e-19
   Cooling for Wiersma, Schaye and Smith (2008).
   Redshift = 9.0 log(T) = 2-8 K, log(dT) = 0.05, log(n_H) = -5 , [Z/Zsol] = 
-Inf
