 -1.08357e-22
 -1.02815e-22
 -9.75341e-23
 -9.25628e-23
 -8.78312e-23
 -8.33321e-23
 -7.90487e-23
 -7.49509e-23
 -7.10412e-23
 -6.73772e-23
 -6.38639e-23
 -6.04805e-23
 -5.72266e-23
 -5.40709e-23
 -5.10325e-23
 -4.81007e-23
 -4.52830e-23
 -4.25701e-23
 -3.99815e-23
 -3.75010e-23
 -3.51025e-23
 -3.27934e-23
 -3.05849e-23
 -2.84685e-23
 -2.64348e-23
 -2.44856e-23
 -2.25916e-23
 -2.08515e-23
 -1.92226e-23
 -1.77072e-23
 -1.63134e-23
 -1.50291e-23
 -1.38478e-23
 -1.27610e-23
 -1.17016e-23
 -1.06688e-23
 -9.63386e-24
 -8.55619e-24
 -7.39486e-24
 -6.09852e-24
 -4.61297e-24
 -2.87018e-24
 -6.96144e-25
  2.12381e-24
  5.94354e-24
  1.10888e-23
  1.80734e-23
  2.73092e-23
  3.95720e-23
  5.53645e-23
  7.61428e-23
  1.02076e-22
  1.34397e-22
  1.73900e-22
  2.21635e-22
  2.77967e-22
  3.42975e-22
  4.17136e-22
  4.99539e-22
  5.89535e-22
  6.84245e-22
  7.80000e-22
  8.72856e-22
  9.57277e-22
  1.02555e-21
  1.06549e-21
  1.07151e-21
  1.03018e-21
  9.42261e-22
  8.06296e-22
  6.68836e-22
  5.81381e-22
  5.41138e-22
  5.21465e-22
  5.01355e-22
  4.73022e-22
  4.47606e-22
  4.39868e-22
  4.45056e-22
  4.52135e-22
  4.54376e-22
  4.40651e-22
  4.20321e-22
  3.87222e-22
  3.39246e-22
  2.80605e-22
  2.21551e-22
  1.75438e-22
  1.42024e-22
  1.18040e-22
  9.84682e-23
  8.28825e-23
  7.15852e-23
  6.32274e-23
  5.73298e-23
  5.47602e-23
  5.23136e-23
  5.14326e-23
  5.17317e-23
  5.29409e-23
  5.44339e-23
  5.58516e-23
  5.62495e-23
  5.59249e-23
  5.52372e-23
  5.45949e-23
  5.46494e-23
  5.55219e-23
  5.73320e-23
  5.99345e-23
  6.33731e-23
  6.77526e-23
  7.29183e-23
  7.88575e-23
  8.56608e-23
  9.32975e-23
  1.01941e-22
  1.11583e-22
  1.22362e-22
  1.34315e-22
  1.47648e-22
   Cooling for Wiersma, Schaye and Smith (2008).
   Redshift = 1.0 log(T) = 2-8 K, log(dT) = 0.05, log(n_H) = -4 , [Z/Zsol] = 
0.50
