 -2.46065e-22
 -2.39279e-22
 -2.32947e-22
 -2.26784e-22
 -2.21132e-22
 -2.15555e-22
 -2.10435e-22
 -2.05436e-22
 -2.00434e-22
 -1.95772e-22
 -1.91259e-22
 -1.86790e-22
 -1.82393e-22
 -1.78052e-22
 -1.73781e-22
 -1.69357e-22
 -1.65084e-22
 -1.60877e-22
 -1.56665e-22
 -1.52465e-22
 -1.48232e-22
 -1.44075e-22
 -1.39936e-22
 -1.35730e-22
 -1.31566e-22
 -1.27378e-22
 -1.23182e-22
 -1.19164e-22
 -1.15235e-22
 -1.11415e-22
 -1.07729e-22
 -1.04176e-22
 -1.00752e-22
 -9.74585e-23
 -9.43098e-23
 -9.12794e-23
 -8.83672e-23
 -8.55457e-23
 -8.27561e-23
 -8.00477e-23
 -7.73518e-23
 -7.45872e-23
 -7.16528e-23
 -6.85786e-23
 -6.53534e-23
 -6.18564e-23
 -5.80103e-23
 -5.37196e-23
 -4.87996e-23
 -4.32708e-23
 -3.64132e-23
 -2.89312e-23
 -2.03715e-23
 -1.03969e-23
  9.69237e-25
  1.41488e-23
  2.99737e-23
  4.84411e-23
  6.98817e-23
  9.30834e-23
  1.14542e-22
  1.30998e-22
  1.41768e-22
  1.48685e-22
  1.52331e-22
  1.54542e-22
  1.55538e-22
  1.56746e-22
  1.56874e-22
  1.56693e-22
  1.57432e-22
  1.56648e-22
  1.72245e-22
  1.88389e-22
  2.13737e-22
  2.37063e-22
  2.54715e-22
  2.74919e-22
  2.80745e-22
  2.75958e-22
  2.57569e-22
  2.23344e-22
  1.82503e-22
  1.44698e-22
  1.14174e-22
  9.13674e-23
  7.50305e-23
  6.33971e-23
  5.50428e-23
  4.86717e-23
  4.36469e-23
  3.97646e-23
  3.67797e-23
  3.45533e-23
  3.30471e-23
  3.23201e-23
  3.26900e-23
  3.33983e-23
  3.45040e-23
  3.56498e-23
  3.63593e-23
  3.63305e-23
  3.53424e-23
  3.36997e-23
  3.19277e-23
  3.04121e-23
  2.93434e-23
  2.87037e-23
  2.84518e-23
  2.85062e-23
  2.88555e-23
  2.95871e-23
  3.05714e-23
  3.17510e-23
  3.31223e-23
  3.46586e-23
  3.63571e-23
  3.81955e-23
  4.01668e-23
  4.22381e-23
  4.44449e-23
   Cooling for Wiersma, Schaye and Smith (2008), NO COMPTON.
   11 < z < 9.89 (highz) log(T) = 2-8 K, log(dT) = 0.05, log(n_H) = -5
 , [Z/Zsol] = 0.50
