  2.28806e-32
  2.70735e-32
  3.17893e-32
  3.71234e-32
  4.31143e-32
  4.98496e-32
  5.73649e-32
  6.57505e-32
  7.49884e-32
  8.50621e-32
  9.61014e-32
  1.08175e-31
  1.21299e-31
  1.35580e-31
  1.51092e-31
  1.67948e-31
  1.87335e-31
  2.00574e-31
  2.25779e-31
  2.42359e-31
  2.67431e-31
  3.12211e-31
  3.43687e-31
  3.88441e-31
  4.02291e-31
  3.28833e-31
  4.95913e-31
  5.48959e-31
  5.89679e-31
  5.30642e-31
  7.65379e-31
  2.93000e-30
  1.27570e-30
  3.26103e-31
  3.65896e-30
  2.06034e-29
  1.26913e-28
  5.13522e-28
  2.13671e-27
  7.06913e-27
  2.66645e-26
  2.32289e-25
  3.19351e-24
  2.47517e-23
  8.84885e-23
  1.35191e-22
  1.28641e-22
  1.05946e-22
  8.72750e-23
  7.59375e-23
  6.93132e-23
  6.53761e-23
  6.45952e-23
  6.79975e-23
  7.68809e-23
  9.38440e-23
  1.22564e-22
  1.61329e-22
  1.94937e-22
  2.09187e-22
  2.09035e-22
  1.99048e-22
  1.84540e-22
  1.76251e-22
  1.75473e-22
  1.76111e-22
  1.75696e-22
  1.75923e-22
  1.69788e-22
  1.42824e-22
  1.04516e-22
  8.02989e-23
  6.97231e-23
  6.61529e-23
  6.43728e-23
  6.11058e-23
  5.63423e-23
  5.31990e-23
  5.27442e-23
  5.34875e-23
  5.35225e-23
  5.20557e-23
  4.95895e-23
  4.63109e-23
  4.19020e-23
  3.61396e-23
  2.99939e-23
  2.49003e-23
  2.12345e-23
  1.84959e-23
  1.62822e-23
  1.46456e-23
  1.35453e-23
  1.29737e-23
  1.26681e-23
  1.25747e-23
  1.26382e-23
  1.29506e-23
  1.32763e-23
  1.36211e-23
  1.39624e-23
  1.43844e-23
  1.46849e-23
  1.48528e-23
  1.48978e-23
  1.49745e-23
  1.51829e-23
  1.55110e-23
  1.59182e-23
  1.64132e-23
  1.70013e-23
  1.77644e-23
  1.86451e-23
  1.95905e-23
  2.06012e-23
  2.16700e-23
  2.27979e-23
  2.39768e-23
  2.52124e-23
  2.64953e-23
  2.78498e-23
   Cooling for Wiersma, Schaye and Smith (2008), NO COMPTON.
   z > 11 (photodis) log(T) = 2-8 K, log(dT) = 0.05, log(n_H) = -3 , [Z/Zsol] = 
****
