 -4.16218e-23
 -3.93251e-23
 -3.70995e-23
 -3.49762e-23
 -3.29466e-23
 -3.10146e-23
 -2.91723e-23
 -2.74224e-23
 -2.57577e-23
 -2.41794e-23
 -2.26810e-23
 -2.12627e-23
 -1.99192e-23
 -1.86496e-23
 -1.74491e-23
 -1.63164e-23
 -1.52472e-23
 -1.42395e-23
 -1.32870e-23
 -1.23882e-23
 -1.15480e-23
 -1.07600e-23
 -1.00155e-23
 -9.31278e-24
 -8.65735e-24
 -8.04322e-24
 -7.46361e-24
 -6.91798e-24
 -6.40947e-24
 -5.93245e-24
 -5.48316e-24
 -5.06128e-24
 -4.66335e-24
 -4.28963e-24
 -3.94111e-24
 -3.61246e-24
 -3.30350e-24
 -3.01075e-24
 -2.73182e-24
 -2.46264e-24
 -2.19261e-24
 -1.89229e-24
 -1.49660e-24
 -8.90089e-25
  1.59159e-25
  1.94253e-24
  4.87432e-24
  9.12548e-24
  1.43873e-23
  1.94469e-23
  2.28154e-23
  2.39934e-23
  2.36460e-23
  2.32046e-23
  2.44646e-23
  3.01243e-23
  4.36307e-23
  6.47875e-23
  8.32049e-23
  8.60968e-23
  7.62832e-23
  6.29056e-23
  5.08115e-23
  4.13985e-23
  3.44057e-23
  2.91902e-23
  2.51919e-23
  2.21550e-23
  1.95781e-23
  1.68832e-23
  1.34211e-23
  1.15497e-23
  1.03320e-23
  9.52385e-24
  8.90965e-24
  8.30841e-24
  7.77143e-24
  7.38084e-24
  7.14635e-24
  7.01040e-24
  6.89990e-24
  6.81401e-24
  6.73322e-24
  6.65856e-24
  6.57433e-24
  6.47107e-24
  6.37606e-24
  6.33278e-24
  6.35067e-24
  6.41256e-24
  6.50828e-24
  6.68656e-24
  6.90358e-24
  7.15452e-24
  7.43063e-24
  7.72966e-24
  8.04946e-24
  8.39224e-24
  8.75044e-24
  9.12347e-24
  9.51934e-24
  1.00126e-23
  1.05362e-23
  1.10807e-23
  1.16475e-23
  1.22403e-23
  1.28638e-23
  1.35159e-23
  1.41970e-23
  1.49055e-23
  1.56581e-23
  1.65690e-23
  1.75459e-23
  1.85700e-23
  1.96454e-23
  2.07696e-23
  2.19461e-23
  2.31726e-23
  2.44521e-23
  2.57827e-23
  2.71899e-23
   Cooling for Wiersma, Schaye and Smith (2008).
   Redshift = 0.0 log(T) = 2-8 K, log(dT) = 0.05, log(n_H) = -3 , [Z/Zsol] = 
-2.0
