 -3.15059e-24
 -3.11754e-24
 -3.08177e-24
 -3.04489e-24
 -3.00699e-24
 -2.96795e-24
 -2.92785e-24
 -2.88661e-24
 -2.84428e-24
 -2.80079e-24
 -2.75618e-24
 -2.71038e-24
 -2.66343e-24
 -2.61531e-24
 -2.56601e-24
 -2.51552e-24
 -2.46384e-24
 -2.41095e-24
 -2.35683e-24
 -2.30148e-24
 -2.24488e-24
 -2.18682e-24
 -2.12758e-24
 -2.06706e-24
 -2.00523e-24
 -1.94212e-24
 -1.87761e-24
 -1.81179e-24
 -1.74461e-24
 -1.67609e-24
 -1.60610e-24
 -1.53439e-24
 -1.46111e-24
 -1.38625e-24
 -1.30967e-24
 -1.23121e-24
 -1.15045e-24
 -1.06102e-24
 -9.36063e-25
 -6.73043e-25
  1.22796e-25
  2.44473e-24
  9.05869e-24
  2.44742e-23
  5.40179e-23
  8.80698e-23
  1.00674e-22
  9.05915e-23
  7.40516e-23
  6.00978e-23
  4.96418e-23
  4.11110e-23
  3.41894e-23
  2.98010e-23
  2.91351e-23
  3.47737e-23
  5.02461e-23
  7.39672e-23
  9.19746e-23
  9.15011e-23
  7.88535e-23
  6.40664e-23
  5.13532e-23
  4.16834e-23
  3.45803e-23
  2.93045e-23
  2.52657e-23
  2.22135e-23
  1.96365e-23
  1.69341e-23
  1.34486e-23
  1.15633e-23
  1.03396e-23
  9.53000e-24
  8.91319e-24
  8.31156e-24
  7.77298e-24
  7.38035e-24
  7.14466e-24
  7.00808e-24
  6.89612e-24
  6.80944e-24
  6.72779e-24
  6.65243e-24
  6.56726e-24
  6.46188e-24
  6.36478e-24
  6.32032e-24
  6.33741e-24
  6.39950e-24
  6.49659e-24
  6.67761e-24
  6.89830e-24
  7.15045e-24
  7.42971e-24
  7.73208e-24
  8.05506e-24
  8.39627e-24
  8.75307e-24
  9.12173e-24
  9.50874e-24
  9.98649e-24
  1.04916e-23
  1.10156e-23
  1.15631e-23
  1.21369e-23
  1.27409e-23
  1.33735e-23
  1.40352e-23
  1.47228e-23
  1.54523e-23
  1.63385e-23
  1.72866e-23
  1.82788e-23
  1.93183e-23
  2.04025e-23
  2.15340e-23
  2.27103e-23
  2.39336e-23
  2.52007e-23
  2.65367e-23
   Cooling for Wiersma, Schaye and Smith (2008).
   Redshift = 0.0 log(T) = 2-8 K, log(dT) = 0.05, log(n_H) = -1 , [Z/Zsol] = 
-2.0
