 -3.62298e-24
 -3.58751e-24
 -3.54923e-24
 -3.50975e-24
 -3.46914e-24
 -3.42729e-24
 -3.38427e-24
 -3.33999e-24
 -3.29449e-24
 -3.24771e-24
 -3.19968e-24
 -3.15033e-24
 -3.09969e-24
 -3.04773e-24
 -2.99445e-24
 -2.93982e-24
 -2.88384e-24
 -2.82648e-24
 -2.76774e-24
 -2.70759e-24
 -2.64600e-24
 -2.58280e-24
 -2.51822e-24
 -2.45217e-24
 -2.38462e-24
 -2.31559e-24
 -2.24497e-24
 -2.17283e-24
 -2.09912e-24
 -2.02386e-24
 -1.94692e-24
 -1.86807e-24
 -1.78743e-24
 -1.70502e-24
 -1.62067e-24
 -1.53427e-24
 -1.44585e-24
 -1.34782e-24
 -1.21107e-24
 -9.29427e-25
 -7.83419e-26
  2.40790e-24
  9.50805e-24
  2.61197e-23
  5.77286e-23
  9.30697e-23
  1.04371e-22
  9.25615e-23
  7.48590e-23
  6.00659e-23
  4.92466e-23
  4.08191e-23
  3.40613e-23
  2.97602e-23
  2.90994e-23
  3.47294e-23
  5.02271e-23
  7.39499e-23
  9.19564e-23
  9.14826e-23
  7.88396e-23
  6.40570e-23
  5.13472e-23
  4.16799e-23
  3.45782e-23
  2.93033e-23
  2.52650e-23
  2.22130e-23
  1.96363e-23
  1.69340e-23
  1.34486e-23
  1.15633e-23
  1.03395e-23
  9.52999e-24
  8.91320e-24
  8.31159e-24
  7.77301e-24
  7.38038e-24
  7.14470e-24
  7.00812e-24
  6.89617e-24
  6.80949e-24
  6.72784e-24
  6.65249e-24
  6.56733e-24
  6.46196e-24
  6.36486e-24
  6.32041e-24
  6.33751e-24
  6.39961e-24
  6.49671e-24
  6.67775e-24
  6.89845e-24
  7.15062e-24
  7.42991e-24
  7.73230e-24
  8.05530e-24
  8.39655e-24
  8.75338e-24
  9.12208e-24
  9.50913e-24
  9.98693e-24
  1.04921e-23
  1.10162e-23
  1.15637e-23
  1.21376e-23
  1.27418e-23
  1.33745e-23
  1.40365e-23
  1.47242e-23
  1.54540e-23
  1.63404e-23
  1.72887e-23
  1.82811e-23
  1.93209e-23
  2.04053e-23
  2.15370e-23
  2.27134e-23
  2.39367e-23
  2.52042e-23
  2.65406e-23
   Cooling for Wiersma, Schaye and Smith (2008).
   Redshift = 1.0 log(T) = 2-8 K, log(dT) = 0.05, log(n_H) = 0 , [Z/Zsol] = -2.0
