 -1.58650e-22
 -1.48460e-22
 -1.38855e-22
 -1.29961e-22
 -1.21461e-22
 -1.13497e-22
 -1.06105e-22
 -9.90714e-23
 -9.24623e-23
 -8.63299e-23
 -8.05441e-23
 -7.51005e-23
 -6.99958e-23
 -6.52243e-23
 -6.08084e-23
 -5.66190e-23
 -5.26974e-23
 -4.90304e-23
 -4.56005e-23
 -4.23970e-23
 -3.94096e-23
 -3.66294e-23
 -3.40082e-23
 -3.15574e-23
 -2.92687e-23
 -2.71284e-23
 -2.51300e-23
 -2.32604e-23
 -2.15151e-23
 -1.98832e-23
 -1.83578e-23
 -1.69271e-23
 -1.56045e-23
 -1.43492e-23
 -1.31752e-23
 -1.20718e-23
 -1.10381e-23
 -1.00642e-23
 -9.14934e-24
 -8.28472e-24
 -7.46898e-24
 -6.69240e-24
 -5.95531e-24
 -5.25162e-24
 -4.57887e-24
 -3.93143e-24
 -3.30612e-24
 -2.69776e-24
 -2.10251e-24
 -1.51548e-24
 -9.31807e-25
 -3.42058e-25
  2.54383e-25
  8.62622e-25
  1.48995e-24
  2.14595e-24
  2.84357e-24
  3.59995e-24
  4.43458e-24
  5.37044e-24
  6.42647e-24
  7.62903e-24
  8.97047e-24
  1.04441e-23
  1.20220e-23
  1.36730e-23
  1.53613e-23
  1.70675e-23
  1.87924e-23
  2.05634e-23
  2.23171e-23
  2.43358e-23
  2.65500e-23
  2.90308e-23
  3.18081e-23
  3.49125e-23
  3.84246e-23
  4.24256e-23
  4.69375e-23
  5.20527e-23
  5.78032e-23
  6.43300e-23
  7.16531e-23
  7.99022e-23
  8.91473e-23
  9.95441e-23
  1.11193e-22
  1.24278e-22
  1.38939e-22
  1.55395e-22
  1.73843e-22
  1.94590e-22
  2.17857e-22
  2.43942e-22
  2.73203e-22
  3.05991e-22
  3.42790e-22
  3.84005e-22
  4.30285e-22
  4.82097e-22
  5.40318e-22
  6.05550e-22
  6.78892e-22
  7.60926e-22
  8.53193e-22
  9.56347e-22
  1.07243e-21
  1.20216e-21
  1.34822e-21
  1.51137e-21
  1.69518e-21
  1.90060e-21
  2.13202e-21
  2.39056e-21
  2.68167e-21
  3.00708e-21
  3.37329e-21
  3.78288e-21
  4.24360e-21
  4.75915e-21
  5.33880e-21
   Cooling for Wiersma, Schaye and Smith (2008).
   Redshift = 2.0 log(T) = 2-8 K, log(dT) = 0.05, log(n_H) = -5 , [Z/Zsol] = 
-Inf
