 -4.87601e-23
 -4.64051e-23
 -4.40620e-23
 -4.17957e-23
 -3.96027e-23
 -3.74882e-23
 -3.54487e-23
 -3.34888e-23
 -3.16039e-23
 -2.97972e-23
 -2.80645e-23
 -2.64084e-23
 -2.48250e-23
 -2.33153e-23
 -2.18759e-23
 -2.05066e-23
 -1.92045e-23
 -1.79685e-23
 -1.67960e-23
 -1.56851e-23
 -1.46338e-23
 -1.36358e-23
 -1.26959e-23
 -1.18083e-23
 -1.09717e-23
 -1.01827e-23
 -9.43764e-24
 -8.74011e-24
 -8.08066e-24
 -7.45881e-24
 -6.87983e-24
 -6.33446e-24
 -5.81832e-24
 -5.33136e-24
 -4.87618e-24
 -4.44608e-24
 -4.03787e-24
 -3.64953e-24
 -3.27595e-24
 -2.90884e-24
 -2.52297e-24
 -2.06080e-24
 -1.38045e-24
 -2.38865e-25
  1.84798e-24
  5.45367e-24
  1.12062e-23
  1.87998e-23
  2.64309e-23
  3.14642e-23
  3.27094e-23
  3.13869e-23
  2.92774e-23
  2.81350e-23
  2.97560e-23
  3.70264e-23
  5.35828e-23
  7.82345e-23
  9.76099e-23
  9.88273e-23
  8.75499e-23
  7.33718e-23
  6.06971e-23
  5.12110e-23
  4.45970e-23
  3.97856e-23
  3.60495e-23
  3.32432e-23
  3.04242e-23
  2.60884e-23
  2.02770e-23
  1.69268e-23
  1.51331e-23
  1.42128e-23
  1.35934e-23
  1.28991e-23
  1.21755e-23
  1.17174e-23
  1.16064e-23
  1.16861e-23
  1.17550e-23
  1.17645e-23
  1.17312e-23
  1.16727e-23
  1.15529e-23
  1.13507e-23
  1.11678e-23
  1.11529e-23
  1.13416e-23
  1.16905e-23
  1.21754e-23
  1.28585e-23
  1.36832e-23
  1.46535e-23
  1.57663e-23
  1.70207e-23
  1.84245e-23
  1.99840e-23
  2.17105e-23
  2.36079e-23
  2.57038e-23
  2.80816e-23
  3.07108e-23
  3.36040e-23
  3.68184e-23
  4.03852e-23
  4.43750e-23
  4.88071e-23
  5.37607e-23
  5.92522e-23
  6.54019e-23
  7.23477e-23
  8.01274e-23
  8.87564e-23
  9.83987e-23
  1.09103e-22
  1.21065e-22
  1.34357e-22
  1.49212e-22
  1.65737e-22
  1.84231e-22
   Cooling for Wiersma, Schaye and Smith (2008).
   Redshift = 6.0 log(T) = 2-8 K, log(dT) = 0.05, log(n_H) = -2 , [Z/Zsol] = 
-1.5
