  2.28985e-32
  2.70656e-32
  3.17806e-32
  3.71166e-32
  4.30846e-32
  4.98152e-32
  5.73281e-32
  6.57070e-32
  7.49427e-32
  8.50124e-32
  9.60415e-32
  1.08111e-31
  1.21224e-31
  1.35501e-31
  1.51006e-31
  1.67853e-31
  1.80072e-31
  2.03418e-31
  2.25926e-31
  2.24324e-31
  3.36045e-31
  5.54669e-31
  8.93092e-31
  4.44033e-31
  4.16644e-31
  2.33397e-30
  5.40382e-30
  6.96331e-31
  1.31164e-30
  3.74960e-30
  2.95962e-30
  1.35573e-30
  2.60397e-29
  1.50341e-28
  1.21725e-28
  2.10128e-28
  1.32831e-27
  5.30109e-27
  2.06395e-26
  6.55940e-26
  1.71935e-25
  6.35147e-25
  5.21159e-24
  3.44031e-23
  1.19621e-22
  1.89744e-22
  1.97858e-22
  1.90129e-22
  1.92066e-22
  2.09325e-22
  2.41065e-22
  2.85956e-22
  3.46126e-22
  4.23647e-22
  5.22017e-22
  6.44591e-22
  7.96538e-22
  9.75159e-22
  1.15433e-21
  1.30629e-21
  1.42311e-21
  1.45845e-21
  1.42794e-21
  1.43319e-21
  1.49197e-21
  1.54847e-21
  1.58280e-21
  1.61460e-21
  1.57647e-21
  1.32541e-21
  9.65036e-22
  7.35080e-22
  6.39688e-22
  6.12931e-22
  6.02122e-22
  5.76816e-22
  5.35867e-22
  5.10635e-22
  5.12079e-22
  5.25393e-22
  5.31449e-22
  5.22646e-22
  5.04190e-22
  4.78111e-22
  4.41244e-22
  3.91240e-22
  3.38370e-22
  2.97391e-22
  2.72026e-22
  2.57645e-22
  2.50460e-22
  2.50827e-22
  2.58832e-22
  2.73638e-22
  2.94316e-22
  3.20118e-22
  3.50764e-22
  3.86155e-22
  4.25963e-22
  4.69799e-22
  5.17475e-22
  5.69163e-22
  6.25253e-22
  6.87007e-22
  7.56366e-22
  8.35665e-22
  9.26910e-22
  1.03139e-21
  1.15033e-21
  1.28495e-21
  1.43687e-21
  1.60807e-21
  1.80060e-21
  2.01689e-21
  2.25978e-21
  2.53241e-21
  2.83839e-21
  3.18173e-21
  3.56703e-21
  3.99912e-21
  4.48386e-21
   Cooling for Wiersma, Schaye and Smith (2008).
   z > 11 (photodis) log(T) = 2-8 K, log(dT) = 0.05, log(n_H) = -1 , [Z/Zsol] = 
0.50
