 -8.71267e-23
 -8.24235e-23
 -7.79845e-23
 -7.38384e-23
 -6.99233e-23
 -6.62363e-23
 -6.27492e-23
 -5.94351e-23
 -5.62927e-23
 -5.33439e-23
 -5.05537e-23
 -4.79111e-23
 -4.54019e-23
 -4.30051e-23
 -4.07255e-23
 -3.85814e-23
 -3.65278e-23
 -3.45647e-23
 -3.27004e-23
 -3.09299e-23
 -2.92344e-23
 -2.76103e-23
 -2.60669e-23
 -2.45969e-23
 -2.31872e-23
 -2.18366e-23
 -2.05508e-23
 -1.93268e-23
 -1.81556e-23
 -1.70342e-23
 -1.59654e-23
 -1.49431e-23
 -1.39685e-23
 -1.30384e-23
 -1.21565e-23
 -1.13146e-23
 -1.05119e-23
 -9.74662e-24
 -9.01934e-24
 -8.32666e-24
 -7.67015e-24
 -7.04232e-24
 -6.44677e-24
 -5.87224e-24
 -5.32653e-24
 -4.79727e-24
 -4.27317e-24
 -3.75351e-24
 -3.22102e-24
 -2.66933e-24
 -2.08623e-24
 -1.45918e-24
 -7.76644e-25
 -5.16987e-27
  9.36777e-25
  2.21344e-24
  4.09069e-24
  6.94801e-24
  1.10979e-23
  1.64206e-23
  2.19446e-23
  2.59228e-23
  2.72502e-23
  2.61398e-23
  2.37010e-23
  2.08910e-23
  1.82321e-23
  1.59212e-23
  1.39765e-23
  1.23817e-23
  1.04613e-23
  9.45334e-24
  8.66326e-24
  8.05641e-24
  7.58177e-24
  7.16153e-24
  6.85478e-24
  6.65357e-24
  6.53542e-24
  6.48876e-24
  6.49938e-24
  6.59140e-24
  6.73280e-24
  6.91959e-24
  7.14707e-24
  7.41718e-24
  7.73174e-24
  8.09686e-24
  8.51297e-24
  8.98205e-24
  9.50899e-24
  1.01474e-23
  1.08588e-23
  1.16439e-23
  1.25093e-23
  1.34616e-23
  1.45090e-23
  1.56591e-23
  1.69246e-23
  1.83138e-23
  1.98526e-23
  2.16256e-23
  2.35929e-23
  2.57566e-23
  2.81485e-23
  3.07804e-23
  3.36943e-23
  3.69026e-23
  4.04601e-23
  4.43798e-23
  4.87487e-23
  5.36989e-23
  5.92249e-23
  6.53318e-23
  7.21310e-23
  7.96544e-23
  8.80337e-23
  9.73177e-23
  1.07662e-22
  1.19139e-22
  1.31955e-22
   Cooling for Wiersma, Schaye and Smith (2008).
   Redshift = 1.0 log(T) = 2-8 K, log(dT) = 0.05, log(n_H) = -4 , [Z/Zsol] = 
-3.0
