  7.24008e-33
  8.56994e-33
  1.00632e-32
  1.17529e-32
  1.36509e-32
  1.57842e-32
  1.81654e-32
  2.08214e-32
  2.37492e-32
  2.69414e-32
  3.04393e-32
  3.42659e-32
  3.84250e-32
  4.29515e-32
  4.78698e-32
  5.32146e-32
  5.88012e-32
  6.45071e-32
  7.14955e-32
  7.44055e-32
  8.35539e-32
  9.12545e-32
  1.06967e-31
  1.23187e-31
  1.37967e-31
  1.84953e-31
  1.60064e-31
  8.82098e-32
  1.73775e-31
  8.93005e-31
  7.31707e-31
  1.30401e-31
  4.85132e-31
  2.22628e-30
  1.54118e-29
  2.05555e-29
  1.27118e-28
  5.13479e-28
  2.09100e-27
  7.05984e-27
  2.66668e-26
  2.32021e-25
  3.18932e-24
  2.47331e-23
  8.84912e-23
  1.35225e-22
  1.28663e-22
  1.05955e-22
  8.72803e-23
  7.59419e-23
  6.93160e-23
  6.53778e-23
  6.45966e-23
  6.80007e-23
  7.68808e-23
  9.38441e-23
  1.22565e-22
  1.61330e-22
  1.94938e-22
  2.09188e-22
  2.09037e-22
  1.99058e-22
  1.84542e-22
  1.76253e-22
  1.75474e-22
  1.76117e-22
  1.75711e-22
  1.75940e-22
  1.69790e-22
  1.42826e-22
  1.04517e-22
  8.03176e-23
  6.97592e-23
  6.62188e-23
  6.43756e-23
  6.11102e-23
  5.63510e-23
  5.32124e-23
  5.27654e-23
  5.35169e-23
  5.35368e-23
  5.20771e-23
  4.96196e-23
  4.63543e-23
  4.19516e-23
  3.61631e-23
  2.99988e-23
  2.49156e-23
  2.12602e-23
  1.85456e-23
  1.64470e-23
  1.50738e-23
  1.41782e-23
  1.37522e-23
  1.36628e-23
  1.38021e-23
  1.41086e-23
  1.45310e-23
  1.49909e-23
  1.53979e-23
  1.56839e-23
  1.58688e-23
  1.58631e-23
  1.57036e-23
  1.54950e-23
  1.53677e-23
  1.54094e-23
  1.56197e-23
  1.59783e-23
  1.64446e-23
  1.70158e-23
  1.77882e-23
  1.86568e-23
  1.95931e-23
  2.05966e-23
  2.16595e-23
  2.27823e-23
  2.39591e-23
  2.51897e-23
  2.64679e-23
  2.78176e-23
   Cooling for Wiersma, Schaye and Smith (2008), NO COMPTON.
   z > 11 (photodis) log(T) = 2-8 K, log(dT) = 0.05, log(n_H) = -2 , [Z/Zsol] = 
****
