 -7.35094e-23
 -6.87494e-23
 -6.42915e-23
 -6.01950e-23
 -5.62990e-23
 -5.26977e-23
 -4.93197e-23
 -4.61497e-23
 -4.31903e-23
 -4.04636e-23
 -3.78781e-23
 -3.54682e-23
 -3.32474e-23
 -3.11460e-23
 -2.91836e-23
 -2.73780e-23
 -2.56678e-23
 -2.40726e-23
 -2.26036e-23
 -2.12127e-23
 -1.99145e-23
 -1.87151e-23
 -1.75856e-23
 -1.65268e-23
 -1.55511e-23
 -1.46253e-23
 -1.37642e-23
 -1.29604e-23
 -1.22027e-23
 -1.15015e-23
 -1.08358e-23
 -1.02168e-23
 -9.62913e-24
 -9.08273e-24
 -8.56517e-24
 -8.07684e-24
 -7.61943e-24
 -7.18109e-24
 -6.77191e-24
 -6.38296e-24
 -6.01028e-24
 -5.65075e-24
 -5.30389e-24
 -4.96049e-24
 -4.60795e-24
 -4.22844e-24
 -3.79405e-24
 -3.27720e-24
 -2.64152e-24
 -1.85987e-24
 -9.07414e-25
  2.34150e-25
  1.63172e-24
  3.54889e-24
  6.72426e-24
  1.27076e-23
  2.38198e-23
  4.10697e-23
  5.92481e-23
  6.77553e-23
  6.40597e-23
  5.43574e-23
  4.42048e-23
  3.56800e-23
  2.89336e-23
  2.37843e-23
  1.98202e-23
  1.67843e-23
  1.44240e-23
  1.25720e-23
  1.03279e-23
  9.19722e-24
  8.29753e-24
  7.59150e-24
  7.02585e-24
  6.51982e-24
  6.12599e-24
  5.82853e-24
  5.60428e-24
  5.44254e-24
  5.32966e-24
  5.29075e-24
  5.28934e-24
  5.32056e-24
  5.37867e-24
  5.46107e-24
  5.56416e-24
  5.68610e-24
  5.82450e-24
  5.97799e-24
  6.14917e-24
  6.38672e-24
  6.64670e-24
  6.92436e-24
  7.21925e-24
  7.53077e-24
  7.85851e-24
  8.20174e-24
  8.56033e-24
  8.93347e-24
  9.33016e-24
  9.82463e-24
  1.03544e-23
  1.09096e-23
  1.14918e-23
  1.20995e-23
  1.27343e-23
  1.33945e-23
  1.40816e-23
  1.47937e-23
  1.55479e-23
  1.64595e-23
  1.74347e-23
  1.84559e-23
  1.95273e-23
  2.06463e-23
  2.18164e-23
  2.30355e-23
  2.43064e-23
  2.56271e-23
  2.70231e-23
   Cooling for Wiersma, Schaye and Smith (2008), NO COMPTON.
   11 < z < 9.89 (highz) log(T) = 2-8 K, log(dT) = 0.05, log(n_H) = -4
 , [Z/Zsol] = -Inf
