  7.22244e-35
  8.53590e-35
  1.00220e-34
  1.17038e-34
  1.35847e-34
  1.57058e-34
  1.80733e-34
  2.07135e-34
  2.36233e-34
  2.67953e-34
  3.02690e-34
  3.40699e-34
  3.81985e-34
  4.26932e-34
  4.75731e-34
  5.28747e-34
  5.67165e-34
  6.40600e-34
  7.11380e-34
  7.06310e-34
  1.05795e-33
  1.74618e-33
  2.81123e-33
  1.39821e-33
  1.31206e-33
  7.35017e-33
  1.70230e-32
  2.19393e-33
  4.13414e-33
  1.18214e-32
  9.33364e-33
  4.27763e-33
  8.22319e-32
  4.75288e-31
  3.92143e-31
  7.45871e-31
  5.06058e-30
  2.31609e-29
  1.19782e-28
  7.33592e-28
  1.09748e-26
  1.86437e-25
  2.93909e-24
  2.35898e-23
  8.51838e-23
  1.29502e-22
  1.21335e-22
  9.70059e-23
  7.61172e-23
  6.17152e-23
  5.09749e-23
  4.17981e-23
  3.44744e-23
  2.99251e-23
  2.92025e-23
  3.48314e-23
  5.03260e-23
  7.40752e-23
  9.20735e-23
  9.15595e-23
  7.88802e-23
  6.40779e-23
  5.13586e-23
  4.16862e-23
  3.45820e-23
  2.93056e-23
  2.52664e-23
  2.22140e-23
  1.96370e-23
  1.69345e-23
  1.34489e-23
  1.15634e-23
  1.03396e-23
  9.53000e-24
  8.91319e-24
  8.31156e-24
  7.77296e-24
  7.38031e-24
  7.14461e-24
  7.00802e-24
  6.89606e-24
  6.80936e-24
  6.72770e-24
  6.65233e-24
  6.56715e-24
  6.46176e-24
  6.36463e-24
  6.32015e-24
  6.33723e-24
  6.39929e-24
  6.49636e-24
  6.67734e-24
  6.89800e-24
  7.15012e-24
  7.42935e-24
  7.73168e-24
  8.05461e-24
  8.39577e-24
  8.75251e-24
  9.12111e-24
  9.50804e-24
  9.98571e-24
  1.04907e-23
  1.10146e-23
  1.15620e-23
  1.21357e-23
  1.27395e-23
  1.33719e-23
  1.40335e-23
  1.47209e-23
  1.54502e-23
  1.63360e-23
  1.72839e-23
  1.82757e-23
  1.93149e-23
  2.03986e-23
  2.15295e-23
  2.27052e-23
  2.39279e-23
  2.51944e-23
  2.65295e-23
   Cooling for Wiersma, Schaye and Smith (2008), NO COMPTON.
   z > 11 (photodis) log(T) = 2-8 K, log(dT) = 0.05, log(n_H) = -1 , [Z/Zsol] = 
-2.0
