 -6.35236e-23
 -5.96000e-23
 -5.58612e-23
 -5.23351e-23
 -4.89995e-23
 -4.58583e-23
 -4.28901e-23
 -4.00833e-23
 -3.74463e-23
 -3.49923e-23
 -3.26740e-23
 -3.04814e-23
 -2.84277e-23
 -2.65137e-23
 -2.47105e-23
 -2.30127e-23
 -2.14262e-23
 -1.99328e-23
 -1.85474e-23
 -1.72496e-23
 -1.60345e-23
 -1.48929e-23
 -1.38222e-23
 -1.28237e-23
 -1.18976e-23
 -1.10180e-23
 -1.02088e-23
 -9.44963e-24
 -8.73511e-24
 -8.07409e-24
 -7.45099e-24
 -6.87270e-24
 -6.32802e-24
 -5.81787e-24
 -5.34804e-24
 -4.90253e-24
 -4.49133e-24
 -4.10172e-24
 -3.73778e-24
 -3.39775e-24
 -3.06959e-24
 -2.74033e-24
 -2.38128e-24
 -1.93148e-24
 -1.28019e-24
 -2.77514e-25
  1.30251e-24
  3.63099e-24
  6.78508e-24
  1.04074e-23
  1.38198e-23
  1.62303e-23
  1.75006e-23
  1.83952e-23
  2.07977e-23
  2.77853e-23
  4.31784e-23
  6.62553e-23
  8.46245e-23
  8.54605e-23
  7.37557e-23
  5.94719e-23
  4.71050e-23
  3.75276e-23
  3.03040e-23
  2.48913e-23
  2.07689e-23
  1.76313e-23
  1.51650e-23
  1.31859e-23
  1.07443e-23
  9.52369e-24
  8.57887e-24
  7.85171e-24
  7.27215e-24
  6.74958e-24
  6.33633e-24
  6.02574e-24
  5.79707e-24
  5.63481e-24
  5.51940e-24
  5.47342e-24
  5.46191e-24
  5.48046e-24
  5.52227e-24
  5.58414e-24
  5.66561e-24
  5.76924e-24
  5.89371e-24
  6.03601e-24
  6.19748e-24
  6.42672e-24
  6.67977e-24
  6.95188e-24
  7.24171e-24
  7.54847e-24
  7.87154e-24
  8.21043e-24
  8.56421e-24
  8.93204e-24
  9.32272e-24
  9.81043e-24
  1.03322e-23
  1.08781e-23
  1.14495e-23
  1.20454e-23
  1.26676e-23
  1.33141e-23
  1.39862e-23
  1.46819e-23
  1.54178e-23
  1.63091e-23
  1.72617e-23
  1.82579e-23
  1.93011e-23
  2.03888e-23
  2.15239e-23
  2.27038e-23
  2.39307e-23
  2.52022e-23
  2.65431e-23
   Cooling for Wiersma, Schaye and Smith (2008), NO COMPTON.
   11 < z < 9.89 (highz) log(T) = 2-8 K, log(dT) = 0.05, log(n_H) = -3
 , [Z/Zsol] = -3.0
