 -2.87708e-22
 -2.71897e-22
 -2.57107e-22
 -2.42925e-22
 -2.29612e-22
 -2.17003e-22
 -2.05207e-22
 -1.94067e-22
 -1.83615e-22
 -1.73665e-22
 -1.64141e-22
 -1.55057e-22
 -1.46306e-22
 -1.37780e-22
 -1.29591e-22
 -1.21660e-22
 -1.13904e-22
 -1.06358e-22
 -9.91001e-23
 -9.18891e-23
 -8.47827e-23
 -7.77342e-23
 -7.07517e-23
 -6.36863e-23
 -5.64909e-23
 -4.91388e-23
 -4.15600e-23
 -3.37343e-23
 -2.55486e-23
 -1.70120e-23
 -8.02762e-24
  1.43835e-24
  1.14811e-23
  2.21462e-23
  3.35832e-23
  4.58451e-23
  5.91044e-23
  7.34525e-23
  8.91510e-23
  1.06296e-22
  1.25205e-22
  1.46009e-22
  1.69157e-22
  1.94706e-22
  2.23183e-22
  2.54809e-22
  2.90142e-22
  3.29520e-22
  3.73580e-22
  4.22759e-22
  4.77819e-22
  5.39478e-22
  6.08852e-22
  6.86168e-22
  7.72834e-22
  8.69957e-22
  9.78841e-22
  1.10100e-21
  1.23795e-21
  1.39174e-21
  1.56413e-21
  1.75782e-21
  1.97477e-21
  2.21853e-21
  2.49127e-21
  2.79768e-21
  3.14024e-21
  3.52530e-21
  3.95572e-21
  4.44004e-21
  4.98135e-21
  5.59102e-21
  6.27233e-21
  7.04006e-21
  7.89783e-21
  8.86444e-21
  9.94460e-21
  1.11613e-20
  1.25216e-20
  1.40530e-20
  1.57660e-20
  1.76935e-20
  1.98506e-20
  2.22766e-20
  2.49930e-20
  2.80463e-20
  3.14668e-20
  3.53098e-20
  3.96170e-20
  4.44537e-20
  4.98794e-20
  5.59671e-20
  6.27972e-20
  7.04592e-20
  7.90598e-20
  8.87032e-20
  9.95332e-20
  1.11670e-19
  1.25308e-19
  1.40583e-19
  1.57756e-19
  1.76982e-19
  1.98606e-19
  2.22803e-19
  2.50033e-19
  2.80487e-19
  3.14774e-19
  3.53105e-19
  3.96279e-19
  4.44522e-19
  4.98886e-19
  5.59623e-19
  6.28062e-19
  7.04544e-19
  7.90681e-19
  8.86992e-19
  9.95404e-19
  1.11668e-18
  1.25313e-18
  1.40585e-18
  1.57759e-18
   Cooling for Wiersma, Schaye and Smith (2008).
   Redshift = 6.0 log(T) = 2-8 K, log(dT) = 0.05, log(n_H) = -6 , [Z/Zsol] = 
-1.0
