  7.24009e-33
  8.56571e-33
  1.00566e-32
  1.17430e-32
  1.36370e-32
  1.57664e-32
  1.81424e-32
  2.07934e-32
  2.37140e-32
  2.68987e-32
  3.03886e-32
  3.42056e-32
  3.83545e-32
  4.28690e-32
  4.77729e-32
  5.31015e-32
  5.92297e-32
  6.34145e-32
  7.13820e-32
  7.66231e-32
  8.45488e-32
  9.87048e-32
  1.08656e-31
  1.22805e-31
  1.27184e-31
  1.03963e-31
  1.56786e-31
  1.73559e-31
  1.86436e-31
  1.67775e-31
  2.41996e-31
  9.26411e-31
  4.03384e-31
  1.03392e-31
  1.16213e-30
  6.57125e-30
  4.07231e-29
  1.66763e-28
  7.13259e-28
  2.59877e-27
  1.56630e-26
  2.01504e-25
  3.03499e-24
  2.40006e-23
  8.61468e-23
  1.31117e-22
  1.23456e-22
  9.96252e-23
  7.93939e-23
  6.58944e-23
  5.63649e-23
  4.87285e-23
  4.33278e-23
  4.11157e-23
  4.32166e-23
  5.21773e-23
  7.15598e-23
  9.97231e-23
  1.22309e-22
  1.26133e-22
  1.17134e-22
  1.03747e-22
  9.05011e-23
  8.12351e-23
  7.59900e-23
  7.24515e-23
  6.94774e-23
  6.73886e-23
  6.37664e-23
  5.39334e-23
  4.02133e-23
  3.17644e-23
  2.77916e-23
  2.61700e-23
  2.52127e-23
  2.38277e-23
  2.20474e-23
  2.08462e-23
  2.05460e-23
  2.06678e-23
  2.05994e-23
  2.01070e-23
  1.93244e-23
  1.83073e-23
  1.69513e-23
  1.51840e-23
  1.33096e-23
  1.17807e-23
  1.07146e-23
  9.95199e-24
  9.36736e-24
  9.01050e-24
  8.83837e-24
  8.84541e-24
  8.94814e-24
  9.12911e-24
  9.37055e-24
  9.70102e-24
  1.00458e-23
  1.04063e-23
  1.07814e-23
  1.12483e-23
  1.17004e-23
  1.21274e-23
  1.25333e-23
  1.29659e-23
  1.34578e-23
  1.40041e-23
  1.45926e-23
  1.52249e-23
  1.59140e-23
  1.67646e-23
  1.76941e-23
  1.86738e-23
  1.97062e-23
  2.07872e-23
  2.19192e-23
  2.30979e-23
  2.43265e-23
  2.56005e-23
  2.69443e-23
   Cooling for Wiersma, Schaye and Smith (2008), NO COMPTON.
   z > 11 (photodis) log(T) = 2-8 K, log(dT) = 0.05, log(n_H) = -3 , [Z/Zsol] = 
-1.0
