 -9.08247e-23
 -8.56611e-23
 -8.08503e-23
 -7.63315e-23
 -7.20760e-23
 -6.80923e-23
 -6.43410e-23
 -6.08069e-23
 -5.74726e-23
 -5.43346e-23
 -5.13716e-23
 -4.85876e-23
 -4.59598e-23
 -4.34724e-23
 -4.11148e-23
 -3.88825e-23
 -3.67696e-23
 -3.47707e-23
 -3.28751e-23
 -3.10715e-23
 -2.93576e-23
 -2.77323e-23
 -2.61788e-23
 -2.46940e-23
 -2.32861e-23
 -2.19462e-23
 -2.06613e-23
 -1.94319e-23
 -1.82652e-23
 -1.71517e-23
 -1.60830e-23
 -1.50602e-23
 -1.40832e-23
 -1.31483e-23
 -1.22528e-23
 -1.13942e-23
 -1.05756e-23
 -9.78826e-24
 -9.03033e-24
 -8.29986e-24
 -7.59572e-24
 -6.91161e-24
 -6.24814e-24
 -5.59750e-24
 -4.95115e-24
 -4.30393e-24
 -3.63896e-24
 -2.94894e-24
 -2.21425e-24
 -1.42192e-24
 -5.51066e-25
  4.14897e-25
  1.50335e-24
  2.76812e-24
  4.33454e-24
  6.42302e-24
  9.40367e-24
  1.37558e-23
  1.98053e-23
  2.72386e-23
  3.44554e-23
  3.92366e-23
  4.07588e-23
  3.96689e-23
  3.73904e-23
  3.48271e-23
  3.24995e-23
  3.06534e-23
  2.93658e-23
  2.85745e-23
  2.76498e-23
  2.79056e-23
  2.86610e-23
  2.98376e-23
  3.13876e-23
  3.33124e-23
  3.57239e-23
  3.86879e-23
  4.21277e-23
  4.60364e-23
  5.04135e-23
  5.52652e-23
  6.06515e-23
  6.66010e-23
  7.31872e-23
  8.06329e-23
  8.91218e-23
  9.88711e-23
  1.09951e-22
  1.22499e-22
  1.36633e-22
  1.52588e-22
  1.70528e-22
  1.90671e-22
  2.13291e-22
  2.38669e-22
  2.67150e-22
  2.99059e-22
  3.34896e-22
  3.75016e-22
  4.20094e-22
  4.70609e-22
  5.27384e-22
  5.90874e-22
  6.62272e-22
  7.42089e-22
  8.31908e-22
  9.32278e-22
  1.04528e-21
  1.17150e-21
  1.31370e-21
  1.47264e-21
  1.65168e-21
  1.85169e-21
  2.07688e-21
  2.32860e-21
  2.61184e-21
  2.92862e-21
  3.28492e-21
  3.68361e-21
  4.13184e-21
   Cooling for Wiersma, Schaye and Smith (2008).
   Redshift = 4.0 log(T) = 2-8 K, log(dT) = 0.05, log(n_H) = -4 , [Z/Zsol] = 
-1.5
