 -3.54530e-23
 -3.41264e-23
 -3.27519e-23
 -3.13967e-23
 -3.00631e-23
 -2.87542e-23
 -2.74703e-23
 -2.62143e-23
 -2.49862e-23
 -2.37887e-23
 -2.26214e-23
 -2.14868e-23
 -2.03845e-23
 -1.93164e-23
 -1.82821e-23
 -1.72829e-23
 -1.63185e-23
 -1.53895e-23
 -1.44959e-23
 -1.36371e-23
 -1.28133e-23
 -1.20224e-23
 -1.12667e-23
 -1.05442e-23
 -9.85489e-24
 -9.19729e-24
 -8.57124e-24
 -7.97509e-24
 -7.40896e-24
 -6.87071e-24
 -6.36038e-24
 -5.87482e-24
 -5.41496e-24
 -4.97831e-24
 -4.56499e-24
 -4.17240e-24
 -3.80068e-24
 -3.44559e-24
 -3.10201e-24
 -2.75855e-24
 -2.36220e-24
 -1.80164e-24
 -7.78621e-25
  1.22321e-24
  5.19392e-24
  1.21235e-23
  2.24563e-23
  3.36464e-23
  4.09567e-23
  4.20512e-23
  3.87989e-23
  3.41617e-23
  3.00404e-23
  2.75435e-23
  2.80223e-23
  3.42869e-23
  5.00305e-23
  7.38818e-23
  9.20618e-23
  9.18168e-23
  7.93538e-23
  6.47058e-23
  5.21142e-23
  4.25591e-23
  3.55738e-23
  3.04291e-23
  2.65359e-23
  2.36409e-23
  2.12377e-23
  1.87388e-23
  1.54865e-23
  1.38587e-23
  1.29181e-23
  1.24254e-23
  1.21614e-23
  1.19574e-23
  1.18639e-23
  1.19727e-23
  1.22970e-23
  1.27906e-23
  1.33836e-23
  1.40900e-23
  1.48958e-23
  1.58185e-23
  1.68508e-23
  1.80015e-23
  1.93116e-23
  2.08481e-23
  2.26365e-23
  2.46870e-23
  2.70155e-23
  2.97040e-23
  3.27345e-23
  3.61390e-23
  3.99566e-23
  4.42262e-23
  4.90047e-23
  5.43391e-23
  6.03063e-23
  6.69594e-23
  7.44118e-23
  8.27991e-23
  9.22003e-23
  1.02679e-22
  1.14429e-22
  1.27532e-22
  1.42242e-22
  1.58644e-22
  1.77068e-22
  1.97603e-22
  2.20699e-22
  2.46572e-22
  2.75677e-22
  3.08134e-22
  3.44611e-22
  3.85319e-22
  4.31052e-22
  4.82123e-22
  5.39483e-22
  6.03580e-22
  6.75570e-22
   Cooling for Wiersma, Schaye and Smith (2008).
   Redshift = 9.0 log(T) = 2-8 K, log(dT) = 0.05, log(n_H) = -2 , [Z/Zsol] = 
-2.0
