 -6.21090e-23
 -5.83586e-23
 -5.47700e-23
 -5.13805e-23
 -4.81700e-23
 -4.51424e-23
 -4.22801e-23
 -3.95848e-23
 -3.70128e-23
 -3.46371e-23
 -3.23897e-23
 -3.02627e-23
 -2.82683e-23
 -2.64074e-23
 -2.46528e-23
 -2.29993e-23
 -2.14529e-23
 -2.00090e-23
 -1.86509e-23
 -1.73747e-23
 -1.61834e-23
 -1.50601e-23
 -1.40193e-23
 -1.30437e-23
 -1.21304e-23
 -1.12732e-23
 -1.04687e-23
 -9.71710e-24
 -9.01801e-24
 -8.36270e-24
 -7.74991e-24
 -7.17392e-24
 -6.63335e-24
 -6.12666e-24
 -5.65520e-24
 -5.21223e-24
 -4.79751e-24
 -4.40723e-24
 -4.03952e-24
 -3.69110e-24
 -3.35704e-24
 -3.01723e-24
 -2.63563e-24
 -2.14522e-24
 -1.41202e-24
 -2.62585e-25
  1.56931e-24
  4.27492e-24
  7.88799e-24
  1.19329e-23
  1.55030e-23
  1.77826e-23
  1.86299e-23
  1.88349e-23
  1.98867e-23
  2.40574e-23
  3.41504e-23
  5.09694e-23
  6.81140e-23
  7.42401e-23
  6.80756e-23
  5.67964e-23
  4.57522e-23
  3.66932e-23
  2.96947e-23
  2.43591e-23
  2.02689e-23
  1.71454e-23
  1.47065e-23
  1.28097e-23
  1.04761e-23
  9.32612e-24
  8.41245e-24
  7.69667e-24
  7.12424e-24
  6.61394e-24
  6.21765e-24
  5.91935e-24
  5.69555e-24
  5.53548e-24
  5.42534e-24
  5.39023e-24
  5.39363e-24
  5.43076e-24
  5.49586e-24
  5.58643e-24
  5.69894e-24
  5.83169e-24
  5.98240e-24
  6.14987e-24
  6.33686e-24
  6.59225e-24
  6.87234e-24
  7.17267e-24
  7.49307e-24
  7.83328e-24
  8.19330e-24
  8.57278e-24
  8.97216e-24
  9.39104e-24
  9.83919e-24
  1.03913e-23
  1.09859e-23
  1.16137e-23
  1.22777e-23
  1.29769e-23
  1.37147e-23
  1.44901e-23
  1.53071e-23
  1.61643e-23
  1.70820e-23
  1.81764e-23
  1.93575e-23
  2.06089e-23
  2.19396e-23
  2.33486e-23
  2.48453e-23
  2.64296e-23
  2.81116e-23
  2.98923e-23
  3.18058e-23
   Cooling for Wiersma, Schaye and Smith (2008).
   Redshift = 2.0 log(T) = 2-8 K, log(dT) = 0.05, log(n_H) = -2 , [Z/Zsol] = 
-Inf
