 -3.29939e-22
 -3.16094e-22
 -3.02845e-22
 -2.89997e-22
 -2.77732e-22
 -2.66212e-22
 -2.55206e-22
 -2.44630e-22
 -2.34401e-22
 -2.24387e-22
 -2.14620e-22
 -2.05168e-22
 -1.96017e-22
 -1.87149e-22
 -1.78580e-22
 -1.70243e-22
 -1.62192e-22
 -1.54513e-22
 -1.47222e-22
 -1.40079e-22
 -1.33398e-22
 -1.26942e-22
 -1.20676e-22
 -1.14794e-22
 -1.09032e-22
 -1.03644e-22
 -9.84020e-23
 -9.34864e-23
 -8.87278e-23
 -8.42772e-23
 -8.00017e-23
 -7.59383e-23
 -7.21899e-23
 -6.85554e-23
 -6.51682e-23
 -6.19508e-23
 -5.88566e-23
 -5.59142e-23
 -5.31561e-23
 -5.04526e-23
 -4.78704e-23
 -4.53801e-23
 -4.30077e-23
 -4.06930e-23
 -3.84286e-23
 -3.62078e-23
 -3.40146e-23
 -3.18347e-23
 -2.96655e-23
 -2.75401e-23
 -2.54430e-23
 -2.34095e-23
 -2.14869e-23
 -1.96901e-23
 -1.80308e-23
 -1.64609e-23
 -1.49046e-23
 -1.32456e-23
 -1.13590e-23
 -9.12919e-24
 -6.50852e-24
 -3.59520e-24
 -6.93242e-25
  1.70530e-24
  3.34661e-24
  4.06599e-24
  4.11751e-24
  3.74681e-24
  3.19008e-24
  2.59007e-24
  1.94438e-24
  1.46378e-24
  1.07393e-24
  7.83227e-25
  5.82412e-25
  5.09609e-25
  4.19953e-25
  4.11095e-25
  4.94010e-25
  6.11152e-25
  7.74675e-25
  1.00998e-24
  1.39104e-24
  1.68227e-24
  1.99435e-24
  2.32497e-24
  2.67209e-24
  3.03618e-24
  3.41816e-24
  3.82103e-24
  4.25180e-24
  4.76495e-24
  5.31961e-24
  5.91447e-24
  6.55262e-24
  7.23717e-24
  7.96161e-24
  8.75617e-24
  9.61148e-24
  1.05310e-23
  1.15292e-23
  1.27144e-23
  1.40176e-23
  1.54355e-23
  1.69863e-23
  1.86713e-23
  2.05222e-23
  2.25401e-23
  2.47543e-23
  2.71708e-23
  2.98444e-23
  3.29019e-23
  3.62919e-23
  4.00110e-23
  4.41169e-23
  4.86246e-23
  5.36041e-23
  5.90792e-23
  6.51323e-23
  7.17978e-23
  7.91985e-23
   Cooling for Wiersma, Schaye and Smith (2008), NO COMPTON.
   11 < z < 9.89 (highz) log(T) = 2-8 K, log(dT) = 0.05, log(n_H) = -6
 , [Z/Zsol] = ****
