 -1.50857e-22
 -1.45188e-22
 -1.39920e-22
 -1.34849e-22
 -1.30155e-22
 -1.25639e-22
 -1.21412e-22
 -1.17394e-22
 -1.13469e-22
 -1.09809e-22
 -1.06312e-22
 -1.02916e-22
 -9.96350e-23
 -9.64727e-23
 -9.34194e-23
 -9.03952e-23
 -8.74893e-23
 -8.46633e-23
 -8.18909e-23
 -7.91850e-23
 -7.65270e-23
 -7.39409e-23
 -7.14060e-23
 -6.88870e-23
 -6.64219e-23
 -6.39823e-23
 -6.15808e-23
 -5.92706e-23
 -5.70155e-23
 -5.48237e-23
 -5.27098e-23
 -5.06659e-23
 -4.86865e-23
 -4.67737e-23
 -4.49397e-23
 -4.31690e-23
 -4.14576e-23
 -3.97996e-23
 -3.81784e-23
 -3.66117e-23
 -3.50743e-23
 -3.35372e-23
 -3.19668e-23
 -3.03751e-23
 -2.87624e-23
 -2.70845e-23
 -2.53152e-23
 -2.34209e-23
 -2.13387e-23
 -1.90730e-23
 -1.63938e-23
 -1.35119e-23
 -1.02600e-23
 -6.48609e-24
 -2.07290e-24
  3.34130e-24
  1.03873e-23
  1.95211e-23
  3.10835e-23
  4.41084e-23
  5.57194e-23
  6.30715e-23
  6.58995e-23
  6.58974e-23
  6.44306e-23
  6.26966e-23
  6.09221e-23
  5.96090e-23
  5.82829e-23
  5.71416e-23
  5.61894e-23
  5.52587e-23
  5.96448e-23
  6.43208e-23
  7.19922e-23
  7.90569e-23
  8.43978e-23
  9.06066e-23
  9.23156e-23
  9.07082e-23
  8.48311e-23
  7.39953e-23
  6.10917e-23
  4.91699e-23
  3.95685e-23
  3.24241e-23
  2.73398e-23
  2.37561e-23
  2.12211e-23
  1.93243e-23
  1.78663e-23
  1.68160e-23
  1.60662e-23
  1.55699e-23
  1.53150e-23
  1.53199e-23
  1.56853e-23
  1.61709e-23
  1.67958e-23
  1.74468e-23
  1.79799e-23
  1.83508e-23
  1.84475e-23
  1.83602e-23
  1.82568e-23
  1.82590e-23
  1.84291e-23
  1.87610e-23
  1.92443e-23
  1.98525e-23
  2.05958e-23
  2.15814e-23
  2.27070e-23
  2.39431e-23
  2.52949e-23
  2.67534e-23
  2.83242e-23
  3.00004e-23
  3.17868e-23
  3.36740e-23
  3.56964e-23
   Cooling for Wiersma, Schaye and Smith (2008), NO COMPTON.
   11 < z < 9.89 (highz) log(T) = 2-8 K, log(dT) = 0.05, log(n_H) = -5
 , [Z/Zsol] = 0.0
