 -6.29099e-22
 -6.03328e-22
 -5.78851e-22
 -5.55576e-22
 -5.34151e-22
 -5.14707e-22
 -4.97045e-22
 -4.80813e-22
 -4.65496e-22
 -4.50470e-22
 -4.35521e-22
 -4.20348e-22
 -4.04979e-22
 -3.89046e-22
 -3.73311e-22
 -3.57380e-22
 -3.41290e-22
 -3.25327e-22
 -3.09072e-22
 -2.92980e-22
 -2.76342e-22
 -2.59796e-22
 -2.42473e-22
 -2.24898e-22
 -2.06513e-22
 -1.87497e-22
 -1.67534e-22
 -1.46490e-22
 -1.24374e-22
 -1.00921e-22
 -7.57827e-23
 -4.91328e-23
 -2.02039e-23
  1.10390e-23
  4.47792e-23
  8.15241e-23
  1.21653e-22
  1.64957e-22
  2.11912e-22
  2.63315e-22
  3.19212e-22
  3.80253e-22
  4.46961e-22
  5.19943e-22
  6.00708e-22
  6.89615e-22
  7.88362e-22
  8.97861e-22
  1.01999e-21
  1.15615e-21
  1.30907e-21
  1.48034e-21
  1.66968e-21
  1.88233e-21
  2.12071e-21
  2.38777e-21
  2.68704e-21
  3.02268e-21
  3.39891e-21
  3.82131e-21
  4.29465e-21
  4.82634e-21
  5.42164e-21
  6.09214e-21
  6.84384e-21
  7.68444e-21
  8.62435e-21
  9.68126e-21
  1.08717e-20
  1.22045e-20
  1.36941e-20
  1.53684e-20
  1.72418e-20
  1.93529e-20
  2.16934e-20
  2.43493e-20
  2.73168e-20
  3.06592e-20
  3.43962e-20
  3.86028e-20
  4.33081e-20
  4.86024e-20
  5.45273e-20
  6.11904e-20
  6.86510e-20
  7.70370e-20
  8.64314e-20
  9.69858e-20
  1.08815e-19
  1.22099e-19
  1.36995e-19
  1.53714e-19
  1.72472e-19
  1.93514e-19
  2.17134e-19
  2.43618e-19
  2.73361e-19
  3.06693e-19
  3.44146e-19
  3.86098e-19
  4.33259e-19
  4.86059e-19
  5.45445e-19
  6.11901e-19
  6.86680e-19
  7.70319e-19
  8.64483e-19
  9.69752e-19
  1.08832e-18
  1.22081e-18
  1.37012e-18
  1.53692e-18
  1.72488e-18
  1.93492e-18
  2.17148e-18
  2.43599e-18
  2.73372e-18
  3.06680e-18
  3.44153e-18
  3.86095e-18
  4.33260e-18
   Cooling for Wiersma, Schaye and Smith (2008).
   Redshift = 8.0 log(T) = 2-8 K, log(dT) = 0.05, log(n_H) = -6 , [Z/Zsol] = 0.0
