 -6.19207e-22
 -5.91849e-22
 -5.66078e-22
 -5.42489e-22
 -5.20547e-22
 -5.01135e-22
 -4.84201e-22
 -4.69283e-22
 -4.56066e-22
 -4.44116e-22
 -4.32643e-22
 -4.21194e-22
 -4.09363e-22
 -3.97300e-22
 -3.85281e-22
 -3.72961e-22
 -3.60599e-22
 -3.48295e-22
 -3.36086e-22
 -3.23970e-22
 -3.11901e-22
 -2.99948e-22
 -2.87572e-22
 -2.74859e-22
 -2.61704e-22
 -2.47987e-22
 -2.33592e-22
 -2.18596e-22
 -2.02966e-22
 -1.86993e-22
 -1.70719e-22
 -1.54354e-22
 -1.37991e-22
 -1.21648e-22
 -1.05546e-22
 -8.97275e-23
 -7.41849e-23
 -5.88392e-23
 -4.35748e-23
 -2.82088e-23
 -1.25702e-23
  3.54065e-24
  2.03841e-23
  3.81528e-23
  5.71510e-23
  7.75186e-23
  9.97001e-23
  1.23860e-22
  1.50385e-22
  1.79533e-22
  2.11824e-22
  2.47323e-22
  2.86857e-22
  3.30759e-22
  3.79631e-22
  4.34087e-22
  4.94842e-22
  5.62722e-22
  6.38569e-22
  7.23490e-22
  8.18452e-22
  9.24939e-22
  1.04403e-21
  1.17764e-21
  1.32700e-21
  1.49461e-21
  1.68185e-21
  1.89214e-21
  2.12821e-21
  2.39345e-21
  2.68864e-21
  3.02092e-21
  3.39208e-21
  3.81027e-21
  4.27766e-21
  4.80413e-21
  5.39209e-21
  6.05422e-21
  6.79460e-21
  7.62766e-21
  8.55933e-21
  9.60749e-21
  1.07804e-20
  1.20992e-20
  1.35758e-20
  1.52355e-20
  1.70946e-20
  1.91832e-20
  2.15241e-20
  2.41527e-20
  2.71002e-20
  3.04085e-20
  3.41201e-20
  3.82837e-20
  4.29574e-20
  4.81976e-20
  5.40827e-20
  6.06780e-20
  6.80884e-20
  7.63891e-20
  8.57205e-20
  9.61676e-20
  1.07918e-19
  1.21066e-19
  1.35862e-19
  1.52411e-19
  1.71042e-19
  1.91870e-19
  2.15330e-19
  2.41544e-19
  2.71084e-19
  3.04087e-19
  3.41275e-19
  3.82834e-19
  4.29638e-19
  4.81971e-19
  5.40880e-19
  6.06780e-19
  6.80923e-19
  7.63906e-19
  8.57221e-19
   Cooling for Wiersma, Schaye and Smith (2008).
   Redshift = 5.0 log(T) = 2-8 K, log(dT) = 0.05, log(n_H) = -6 , [Z/Zsol] = 0.0
