  8.79897e-34
  1.30007e-33
  1.77186e-33
  2.30493e-33
  1.50229e-33
  2.17505e-33
  2.92579e-33
  3.76319e-33
  4.68612e-33
  5.68187e-33
  5.39346e-33
  6.59931e-33
  7.90986e-33
  9.33586e-33
  1.08850e-32
  1.25685e-32
  1.30339e-32
  1.51377e-32
  1.73483e-32
  2.11182e-32
  2.23945e-32
  2.51745e-32
  2.82912e-32
  3.02986e-32
  3.38489e-32
  3.78306e-32
  4.05781e-32
  4.55926e-32
  5.30119e-32
  6.05368e-32
  6.49810e-32
  7.58017e-32
  8.30216e-32
  8.75223e-32
  1.11852e-31
  2.14430e-31
  1.25649e-30
  7.94318e-30
  6.12802e-29
  5.50997e-28
  1.06217e-26
  1.87410e-25
  2.96272e-24
  2.36583e-23
  8.50743e-23
  1.29248e-22
  1.21081e-22
  9.67317e-23
  7.57862e-23
  6.12983e-23
  5.04386e-23
  4.11101e-23
  3.35941e-23
  2.88116e-23
  2.78066e-23
  3.31031e-23
  4.82104e-23
  7.15275e-23
  8.90666e-23
  8.81177e-23
  7.50811e-23
  6.01378e-23
  4.74723e-23
  3.77607e-23
  3.04746e-23
  2.50308e-23
  2.08903e-23
  1.77462e-23
  1.52818e-23
  1.33014e-23
  1.08503e-23
  9.63377e-24
  8.69857e-24
  7.98195e-24
  7.41584e-24
  6.90938e-24
  6.51435e-24
  6.22356e-24
  6.01811e-24
  5.88436e-24
  5.80503e-24
  5.80512e-24
  5.85091e-24
  5.93947e-24
  6.06367e-24
  6.21914e-24
  6.40126e-24
  6.61052e-24
  6.84663e-24
  7.11049e-24
  7.40610e-24
  7.78503e-24
  8.20532e-24
  8.66426e-24
  9.16372e-24
  9.70545e-24
  1.02922e-23
  1.09265e-23
  1.16128e-23
  1.23534e-23
  1.31632e-23
  1.41202e-23
  1.51700e-23
  1.63070e-23
  1.75436e-23
  1.88834e-23
  2.03427e-23
  2.19248e-23
  2.36507e-23
  2.55236e-23
  2.75862e-23
  2.99596e-23
  3.25821e-23
  3.54444e-23
  3.85894e-23
  4.20270e-23
  4.58072e-23
  4.99463e-23
  5.45024e-23
  5.95001e-23
  6.50311e-23
   Cooling for Wiersma, Schaye and Smith (2008), NO COMPTON.
   z > 11 (photodis) log(T) = 2-8 K, log(dT) = 0.05, log(n_H) = -6 , [Z/Zsol] = 
-3.0
