 -6.21113e-23
 -5.83593e-23
 -5.47689e-23
 -5.13775e-23
 -4.81649e-23
 -4.51349e-23
 -4.22700e-23
 -3.95722e-23
 -3.69978e-23
 -3.46195e-23
 -3.23696e-23
 -3.02400e-23
 -2.82431e-23
 -2.63801e-23
 -2.46236e-23
 -2.29681e-23
 -2.14199e-23
 -1.99747e-23
 -1.86154e-23
 -1.73381e-23
 -1.61459e-23
 -1.50217e-23
 -1.39806e-23
 -1.30048e-23
 -1.20915e-23
 -1.12346e-23
 -1.04306e-23
 -9.67958e-24
 -8.98114e-24
 -8.32651e-24
 -7.71439e-24
 -7.13902e-24
 -6.59896e-24
 -6.09249e-24
 -5.62065e-24
 -5.17678e-24
 -4.76036e-24
 -4.36721e-24
 -3.99506e-24
 -3.64033e-24
 -3.29741e-24
 -2.94585e-24
 -2.54851e-24
 -2.03752e-24
 -1.27702e-24
 -9.19844e-26
  1.78653e-24
  4.55237e-24
  8.24411e-24
  1.23908e-23
  1.60915e-23
  1.85358e-23
  1.95887e-23
  2.00446e-23
  2.13982e-23
  2.59245e-23
  3.64269e-23
  5.37010e-23
  7.13296e-23
  7.79354e-23
  7.21713e-23
  6.10607e-23
  4.99997e-23
  4.10088e-23
  3.42240e-23
  2.90920e-23
  2.51350e-23
  2.21166e-23
  1.95488e-23
  1.68654e-23
  1.34194e-23
  1.15576e-23
  1.03462e-23
  9.54318e-24
  8.93028e-24
  8.33238e-24
  7.79935e-24
  7.41327e-24
  7.18354e-24
  7.05259e-24
  6.94667e-24
  6.86683e-24
  6.79281e-24
  6.72577e-24
  6.64972e-24
  6.55463e-24
  6.46924e-24
  6.43773e-24
  6.46882e-24
  6.54587e-24
  6.66143e-24
  6.86614e-24
  7.10990e-24
  7.38814e-24
  7.69655e-24
  8.03148e-24
  8.39099e-24
  8.77314e-24
  9.17590e-24
  9.59604e-24
  1.00408e-23
  1.05833e-23
  1.11612e-23
  1.17668e-23
  1.24060e-23
  1.30823e-23
  1.38018e-23
  1.45635e-23
  1.53706e-23
  1.62206e-23
  1.71331e-23
  1.82238e-23
  1.94023e-23
  2.06520e-23
  2.19815e-23
  2.33898e-23
  2.48862e-23
  2.64706e-23
  2.81528e-23
  2.99340e-23
  3.18480e-23
   Cooling for Wiersma, Schaye and Smith (2008).
   Redshift = 2.0 log(T) = 2-8 K, log(dT) = 0.05, log(n_H) = -2 , [Z/Zsol] = 
-2.0
