 -7.16595e-24
 -7.07049e-24
 -6.96570e-24
 -6.85818e-24
 -6.74818e-24
 -6.63525e-24
 -6.51970e-24
 -6.40179e-24
 -6.28146e-24
 -6.15866e-24
 -6.03350e-24
 -5.90600e-24
 -5.77630e-24
 -5.64441e-24
 -5.51046e-24
 -5.37448e-24
 -5.23657e-24
 -5.09678e-24
 -4.95521e-24
 -4.81194e-24
 -4.66705e-24
 -4.51995e-24
 -4.37194e-24
 -4.22262e-24
 -4.07209e-24
 -3.92045e-24
 -3.76770e-24
 -3.61401e-24
 -3.46242e-24
 -3.30692e-24
 -3.15042e-24
 -2.99271e-24
 -2.83407e-24
 -2.67432e-24
 -2.51331e-24
 -2.35054e-24
 -2.18563e-24
 -2.01074e-24
 -1.80144e-24
 -1.47522e-24
 -7.14095e-25
  1.25562e-24
  6.56503e-24
  1.87240e-23
  4.23344e-23
  7.28368e-23
  9.06304e-23
  8.71249e-23
  7.33501e-23
  5.96998e-23
  4.92304e-23
  4.15275e-23
  3.57046e-23
  3.22236e-23
  3.23433e-23
  3.87859e-23
  5.51692e-23
  7.98864e-23
  9.90110e-23
  9.96642e-23
  8.79731e-23
  7.35624e-23
  6.07397e-23
  5.11757e-23
  4.45229e-23
  3.96670e-23
  3.58861e-23
  3.30660e-23
  3.02369e-23
  2.58220e-23
  1.98788e-23
  1.64178e-23
  1.45351e-23
  1.35328e-23
  1.28295e-23
  1.20399e-23
  1.12032e-23
  1.06168e-23
  1.03664e-23
  1.02926e-23
  1.01898e-23
  1.00062e-23
  9.75688e-24
  9.45640e-24
  9.06648e-24
  8.55995e-24
  8.03482e-24
  7.63548e-24
  7.39533e-24
  7.26507e-24
  7.20754e-24
  7.27239e-24
  7.41470e-24
  7.61884e-24
  7.87214e-24
  8.16328e-24
  8.48541e-24
  8.83272e-24
  9.19720e-24
  9.56902e-24
  9.94940e-24
  1.04070e-23
  1.08767e-23
  1.13532e-23
  1.18481e-23
  1.23733e-23
  1.29390e-23
  1.35431e-23
  1.41850e-23
  1.48586e-23
  1.55789e-23
  1.64590e-23
  1.74037e-23
  1.83942e-23
  1.94338e-23
  2.05192e-23
  2.16532e-23
  2.28329e-23
  2.40603e-23
  2.53326e-23
  2.66744e-23
   Cooling for Wiersma, Schaye and Smith (2008).
   Redshift = 2.0 log(T) = 2-8 K, log(dT) = 0.05, log(n_H) = 0 , [Z/Zsol] = -1.5
