 -6.35412e-23
 -5.96125e-23
 -5.58681e-23
 -5.23358e-23
 -4.89936e-23
 -4.58446e-23
 -4.28695e-23
 -4.00537e-23
 -3.74082e-23
 -3.49472e-23
 -3.26211e-23
 -3.04202e-23
 -2.83592e-23
 -2.64390e-23
 -2.46297e-23
 -2.29259e-23
 -2.13343e-23
 -1.98371e-23
 -1.84475e-23
 -1.71469e-23
 -1.59300e-23
 -1.47858e-23
 -1.37143e-23
 -1.27155e-23
 -1.17898e-23
 -1.09115e-23
 -1.01036e-23
 -9.34660e-24
 -8.63436e-24
 -7.97570e-24
 -7.35502e-24
 -6.77885e-24
 -6.23583e-24
 -5.72649e-24
 -5.25551e-24
 -4.80756e-24
 -4.39115e-24
 -3.99291e-24
 -3.61533e-24
 -3.25561e-24
 -2.90050e-24
 -2.53555e-24
 -2.12843e-24
 -1.61628e-24
 -8.82256e-25
  2.28594e-25
  1.94905e-24
  4.45781e-24
  7.84629e-24
  1.17685e-23
  1.55640e-23
  1.84483e-23
  2.03046e-23
  2.19025e-23
  2.51473e-23
  3.31153e-23
  4.96442e-23
  7.40123e-23
  9.38002e-23
  9.60653e-23
  8.55847e-23
  7.19096e-23
  5.96058e-23
  5.02831e-23
  4.37073e-23
  3.89424e-23
  3.52462e-23
  3.23616e-23
  2.94252e-23
  2.51364e-23
  1.94974e-23
  1.62251e-23
  1.44235e-23
  1.34410e-23
  1.27391e-23
  1.19444e-23
  1.11248e-23
  1.05631e-23
  1.03250e-23
  1.02522e-23
  1.01501e-23
  9.96797e-24
  9.72049e-24
  9.41801e-24
  9.02434e-24
  8.51940e-24
  7.99985e-24
  7.60457e-24
  7.36598e-24
  7.23224e-24
  7.16652e-24
  7.21750e-24
  7.34115e-24
  7.53267e-24
  7.76559e-24
  8.03417e-24
  8.33256e-24
  8.66926e-24
  9.02056e-24
  9.38631e-24
  9.77199e-24
  1.02533e-23
  1.07538e-23
  1.12630e-23
  1.17834e-23
  1.23291e-23
  1.29112e-23
  1.35270e-23
  1.41735e-23
  1.48499e-23
  1.55716e-23
  1.64505e-23
  1.73963e-23
  1.83876e-23
  1.94278e-23
  2.05138e-23
  2.16483e-23
  2.28282e-23
  2.40561e-23
  2.53289e-23
  2.66713e-23
   Cooling for Wiersma, Schaye and Smith (2008), NO COMPTON.
   11 < z < 9.89 (highz) log(T) = 2-8 K, log(dT) = 0.05, log(n_H) = -3
 , [Z/Zsol] = -1.5
