 -3.85668e-22
 -3.70200e-22
 -3.55540e-22
 -3.42390e-22
 -3.29833e-22
 -3.18063e-22
 -3.07440e-22
 -2.96964e-22
 -2.86831e-22
 -2.77102e-22
 -2.67352e-22
 -2.57469e-22
 -2.47685e-22
 -2.37901e-22
 -2.28512e-22
 -2.18707e-22
 -2.09311e-22
 -2.00148e-22
 -1.91283e-22
 -1.82773e-22
 -1.74362e-22
 -1.66610e-22
 -1.59257e-22
 -1.52381e-22
 -1.46019e-22
 -1.40088e-22
 -1.34624e-22
 -1.29619e-22
 -1.25002e-22
 -1.20672e-22
 -1.16662e-22
 -1.12903e-22
 -1.09442e-22
 -1.06039e-22
 -1.02772e-22
 -9.96080e-23
 -9.65363e-23
 -9.35318e-23
 -9.05803e-23
 -8.76977e-23
 -8.48603e-23
 -8.20374e-23
 -7.91923e-23
 -7.63627e-23
 -7.35031e-23
 -7.05893e-23
 -6.75828e-23
 -6.44440e-23
 -6.11278e-23
 -5.76170e-23
 -5.38173e-23
 -4.98294e-23
 -4.56854e-23
 -4.11675e-23
 -3.67007e-23
 -3.20933e-23
 -2.72808e-23
 -2.23961e-23
 -1.72630e-23
 -1.18257e-23
 -6.21510e-24
 -5.38461e-26
  6.34879e-24
  1.30463e-23
  2.03968e-23
  2.74496e-23
  3.47761e-23
  4.18648e-23
  5.05386e-23
  5.99519e-23
  7.30234e-23
  8.79873e-23
  1.16743e-22
  1.41179e-22
  1.66642e-22
  1.79951e-22
  1.83728e-22
  1.80173e-22
  1.69302e-22
  1.56364e-22
  1.44890e-22
  1.37396e-22
  1.33380e-22
  1.32953e-22
  1.35378e-22
  1.40431e-22
  1.47949e-22
  1.58022e-22
  1.70300e-22
  1.84997e-22
  2.02064e-22
  2.21817e-22
  2.44473e-22
  2.70353e-22
  2.99898e-22
  3.33558e-22
  3.72045e-22
  4.15159e-22
  4.63540e-22
  5.17314e-22
  5.77001e-22
  6.42977e-22
  7.16358e-22
  7.98128e-22
  8.90326e-22
  9.93895e-22
  1.11104e-21
  1.24246e-21
  1.39086e-21
  1.55695e-21
  1.74437e-21
  1.95405e-21
  2.19045e-21
  2.45470e-21
  2.75234e-21
  3.08512e-21
  3.45967e-21
  3.87862e-21
  4.34986e-21
  4.87715e-21
  5.46997e-21
   Cooling for Wiersma, Schaye and Smith (2008).
   Redshift = 2.0 log(T) = 2-8 K, log(dT) = 0.05, log(n_H) = -5 , [Z/Zsol] = 
0.50
