 -7.33763e-23
 -6.82062e-23
 -6.32408e-23
 -5.85240e-23
 -5.39924e-23
 -4.96040e-23
 -4.54744e-23
 -4.14691e-23
 -3.77108e-23
 -3.42306e-23
 -3.09360e-23
 -2.78216e-23
 -2.49048e-23
 -2.21488e-23
 -1.97016e-23
 -1.73718e-23
 -1.51797e-23
 -1.32945e-23
 -1.14598e-23
 -9.88803e-24
 -8.37397e-24
 -7.05701e-24
 -5.84567e-24
 -4.83919e-24
 -3.88843e-24
 -3.11231e-24
 -2.36828e-24
 -1.78597e-24
 -1.23795e-24
 -7.57661e-25
 -3.42077e-25
  8.61823e-26
  4.73946e-25
  9.42057e-25
  1.49672e-24
  2.19719e-24
  3.10786e-24
  4.33513e-24
  5.99745e-24
  8.19863e-24
  1.10504e-23
  1.46680e-23
  1.94140e-23
  2.55985e-23
  3.38931e-23
  4.48904e-23
  5.95086e-23
  7.85844e-23
  1.03496e-22
  1.35355e-22
  1.75540e-22
  2.24764e-22
  2.84270e-22
  3.54918e-22
  4.38652e-22
  5.38407e-22
  6.58698e-22
  8.01005e-22
  9.55182e-22
  1.09882e-21
  1.21053e-21
  1.26547e-21
  1.27522e-21
  1.30024e-21
  1.35818e-21
  1.41423e-21
  1.44463e-21
  1.44752e-21
  1.38041e-21
  1.15888e-21
  8.68004e-22
  6.81594e-22
  6.03305e-22
  5.78989e-22
  5.65210e-22
  5.37171e-22
  4.99206e-22
  4.78258e-22
  4.80462e-22
  4.91490e-22
  4.94418e-22
  4.82615e-22
  4.60706e-22
  4.29694e-22
  3.86769e-22
  3.31041e-22
  2.73104e-22
  2.26768e-22
  1.94692e-22
  1.71985e-22
  1.54903e-22
  1.43515e-22
  1.37776e-22
  1.37812e-22
  1.41179e-22
  1.47515e-22
  1.56438e-22
  1.68994e-22
  1.83036e-22
  1.98783e-22
  2.16167e-22
  2.36110e-22
  2.56568e-22
  2.78034e-22
  3.01177e-22
  3.27742e-22
  3.59315e-22
  3.95994e-22
  4.38175e-22
  4.86194e-22
  5.41032e-22
  6.02731e-22
  6.72918e-22
  7.51580e-22
  8.40337e-22
  9.39672e-22
  1.05154e-21
  1.17666e-21
  1.31743e-21
  1.47490e-21
  1.65189e-21
   Cooling for Wiersma, Schaye and Smith (2008).
   Redshift = 6.0 log(T) = 2-8 K, log(dT) = 0.05, log(n_H) = -3 , [Z/Zsol] = 
0.50
