 -4.37753e-23
 -4.18382e-23
 -3.98825e-23
 -3.79780e-23
 -3.61241e-23
 -3.43254e-23
 -3.25800e-23
 -3.08919e-23
 -2.92591e-23
 -2.76846e-23
 -2.61667e-23
 -2.47068e-23
 -2.33036e-23
 -2.19580e-23
 -2.06682e-23
 -1.94348e-23
 -1.82560e-23
 -1.71314e-23
 -1.60595e-23
 -1.50391e-23
 -1.40689e-23
 -1.31467e-23
 -1.22720e-23
 -1.14424e-23
 -1.06571e-23
 -9.91352e-24
 -9.21084e-24
 -8.54635e-24
 -7.91970e-24
 -7.32777e-24
 -6.76866e-24
 -6.24006e-24
 -5.74456e-24
 -5.27941e-24
 -4.83834e-24
 -4.42225e-24
 -4.03466e-24
 -3.66825e-24
 -3.31914e-24
 -2.97932e-24
 -2.62063e-24
 -2.16676e-24
 -1.43667e-24
 -1.07345e-25
  2.45665e-24
  6.97347e-24
  1.40779e-23
  2.29261e-23
  3.07397e-23
  3.45208e-23
  3.38638e-23
  3.08514e-23
  2.73969e-23
  2.51144e-23
  2.55651e-23
  3.16084e-23
  4.69114e-23
  7.01859e-23
  8.79138e-23
  8.73709e-23
  7.46233e-23
  5.98448e-23
  4.72848e-23
  3.76364e-23
  3.03855e-23
  2.49748e-23
  2.08793e-23
  1.77877e-23
  1.54024e-23
  1.35757e-23
  1.13213e-23
  1.02692e-23
  9.46665e-24
  8.87733e-24
  8.44691e-24
  8.09715e-24
  7.88059e-24
  7.78501e-24
  7.78801e-24
  7.88341e-24
  8.05913e-24
  8.34573e-24
  8.70923e-24
  9.15138e-24
  9.67002e-24
  1.02704e-23
  1.09541e-23
  1.17286e-23
  1.25986e-23
  1.35738e-23
  1.46666e-23
  1.59386e-23
  1.73593e-23
  1.89392e-23
  2.06959e-23
  2.26466e-23
  2.48153e-23
  2.72217e-23
  2.98986e-23
  3.28687e-23
  3.61848e-23
  3.99477e-23
  4.41537e-23
  4.88228e-23
  5.40342e-23
  5.98197e-23
  6.62838e-23
  7.34608e-23
  8.14883e-23
  9.04026e-23
  1.00400e-22
  1.11638e-22
  1.24249e-22
  1.38274e-22
  1.53991e-22
  1.71485e-22
  1.91088e-22
  2.12927e-22
  2.37398e-22
  2.64685e-22
  2.95281e-22
   Cooling for Wiersma, Schaye and Smith (2008).
   Redshift = 7.0 log(T) = 2-8 K, log(dT) = 0.05, log(n_H) = -2 , [Z/Zsol] = 
-Inf
