 -9.81926e-24
 -9.66561e-24
 -9.49508e-24
 -9.32089e-24
 -9.14340e-24
 -8.96243e-24
 -8.77830e-24
 -8.59101e-24
 -8.40078e-24
 -8.20762e-24
 -8.01174e-24
 -7.81325e-24
 -7.61240e-24
 -7.40930e-24
 -7.20417e-24
 -6.99715e-24
 -6.78846e-24
 -6.57828e-24
 -6.36682e-24
 -6.15429e-24
 -5.94124e-24
 -5.72676e-24
 -5.51658e-24
 -5.30053e-24
 -5.08543e-24
 -4.87059e-24
 -4.65617e-24
 -4.44242e-24
 -4.22957e-24
 -4.01775e-24
 -3.80709e-24
 -3.59716e-24
 -3.38854e-24
 -3.18103e-24
 -2.97464e-24
 -2.76881e-24
 -2.56323e-24
 -2.35088e-24
 -2.11149e-24
 -1.77799e-24
 -1.09623e-24
  5.43317e-25
  4.81226e-24
  1.44786e-23
  3.35845e-23
  6.01473e-23
  7.99605e-23
  8.15226e-23
  7.09767e-23
  5.86053e-23
  4.85044e-23
  4.10148e-23
  3.54091e-23
  3.21033e-23
  3.23172e-23
  3.88577e-23
  5.53465e-23
  8.01625e-23
  9.92820e-23
  9.98435e-23
  8.80754e-23
  7.36307e-23
  6.07991e-23
  5.12344e-23
  4.45849e-23
  3.97358e-23
  3.59635e-23
  3.31513e-23
  3.03314e-23
  2.59316e-23
  2.00076e-23
  1.65665e-23
  1.47038e-23
  1.37228e-23
  1.30428e-23
  1.22793e-23
  1.14724e-23
  1.09196e-23
  1.07065e-23
  1.06744e-23
  1.06186e-23
  1.04875e-23
  1.02969e-23
  1.00624e-23
  9.74639e-24
  9.32296e-24
  8.89101e-24
  8.59644e-24
  8.47366e-24
  8.47515e-24
  8.56536e-24
  8.79601e-24
  9.12431e-24
  9.53707e-24
  1.00245e-23
  1.05782e-23
  1.11952e-23
  1.18730e-23
  1.26087e-23
  1.33964e-23
  1.42445e-23
  1.52255e-23
  1.62839e-23
  1.74192e-23
  1.86555e-23
  2.00098e-23
  2.15086e-23
  2.31561e-23
  2.49732e-23
  2.69600e-23
  2.91602e-23
  3.16937e-23
  3.45015e-23
  3.75743e-23
  4.09590e-23
  4.46667e-23
  4.87524e-23
  5.32343e-23
  5.81780e-23
  6.36082e-23
  6.96258e-23
   Cooling for Wiersma, Schaye and Smith (2008).
   Redshift = 8.0 log(T) = 2-8 K, log(dT) = 0.05, log(n_H) = -1 , [Z/Zsol] = 
-1.5
