 -1.20554e-23
 -1.18466e-23
 -1.16133e-23
 -1.13758e-23
 -1.11348e-23
 -1.08900e-23
 -1.06419e-23
 -1.03904e-23
 -1.01360e-23
 -9.87860e-24
 -9.61862e-24
 -9.35614e-24
 -9.09155e-24
 -8.82504e-24
 -8.55695e-24
 -8.28752e-24
 -8.01709e-24
 -7.75014e-24
 -7.47847e-24
 -7.20853e-24
 -6.93680e-24
 -6.66518e-24
 -6.39479e-24
 -6.12568e-24
 -5.85824e-24
 -5.59276e-24
 -5.32954e-24
 -5.06893e-24
 -4.81137e-24
 -4.55701e-24
 -4.30624e-24
 -4.05857e-24
 -3.81494e-24
 -3.57530e-24
 -3.34006e-24
 -3.10890e-24
 -2.88257e-24
 -2.65554e-24
 -2.41256e-24
 -2.09762e-24
 -1.49849e-24
 -1.01715e-25
  3.48676e-24
  1.15937e-23
  2.78199e-23
  5.15084e-23
  7.17218e-23
  7.63319e-23
  6.80943e-23
  5.66030e-23
  4.65549e-23
  3.88592e-23
  3.29986e-23
  2.92724e-23
  2.88890e-23
  3.46629e-23
  5.02065e-23
  7.39614e-23
  9.19848e-23
  9.15169e-23
  7.88723e-23
  6.40891e-23
  5.13813e-23
  4.17163e-23
  3.46180e-23
  2.93476e-23
  2.53149e-23
  2.22684e-23
  1.96979e-23
  1.70047e-23
  1.35307e-23
  1.16571e-23
  1.04456e-23
  9.64926e-24
  9.04703e-24
  8.46185e-24
  7.94180e-24
  7.57009e-24
  7.35769e-24
  7.24721e-24
  7.16444e-24
  7.11060e-24
  7.06572e-24
  7.03168e-24
  6.99275e-24
  6.93937e-24
  6.90055e-24
  6.92161e-24
  7.01212e-24
  7.15664e-24
  7.34615e-24
  7.63089e-24
  7.96795e-24
  8.35063e-24
  8.77641e-24
  9.24306e-24
  9.75053e-24
  1.02985e-23
  1.08876e-23
  1.15165e-23
  1.21961e-23
  1.30013e-23
  1.38747e-23
  1.48110e-23
  1.58224e-23
  1.69149e-23
  1.81030e-23
  1.93886e-23
  2.07858e-23
  2.22952e-23
  2.39508e-23
  2.58716e-23
  2.79856e-23
  3.02807e-23
  3.27875e-23
  3.55124e-23
  3.84906e-23
  4.17329e-23
  4.52807e-23
  4.91494e-23
  5.34108e-23
   Cooling for Wiersma, Schaye and Smith (2008).
   Redshift = 7.0 log(T) = 2-8 K, log(dT) = 0.05, log(n_H) = -1 , [Z/Zsol] = 
-2.0
