 -2.59574e-22
 -2.44745e-22
 -2.30859e-22
 -2.17520e-22
 -2.04931e-22
 -1.92947e-22
 -1.81641e-22
 -1.70886e-22
 -1.60729e-22
 -1.51034e-22
 -1.41769e-22
 -1.32962e-22
 -1.24536e-22
 -1.16388e-22
 -1.08612e-22
 -1.01117e-22
 -9.38272e-23
 -8.67663e-23
 -7.99798e-23
 -7.32670e-23
 -6.66726e-23
 -6.01533e-23
 -5.37056e-23
 -4.72131e-23
 -4.06355e-23
 -3.39407e-23
 -2.70667e-23
 -1.99761e-23
 -1.25719e-23
 -4.82642e-24
  3.35724e-24
  1.20289e-23
  2.13000e-23
  3.12274e-23
  4.19757e-23
  5.36012e-23
  6.62838e-23
  8.01085e-23
  9.53406e-23
  1.12063e-22
  1.30599e-22
  1.51069e-22
  1.73918e-22
  1.99193e-22
  2.27418e-22
  2.58811e-22
  2.93932e-22
  3.33096e-22
  3.76959e-22
  4.25948e-22
  4.80847e-22
  5.42332e-22
  6.11511e-22
  6.88658e-22
  7.75157e-22
  8.72114e-22
  9.80832e-22
  1.10282e-21
  1.23961e-21
  1.39322e-21
  1.56543e-21
  1.75893e-21
  1.97569e-21
  2.21925e-21
  2.49177e-21
  2.79795e-21
  3.14026e-21
  3.52506e-21
  3.95520e-21
  4.43921e-21
  4.98019e-21
  5.58950e-21
  6.27040e-21
  7.03768e-21
  7.89494e-21
  8.86098e-21
  9.94054e-21
  1.11566e-20
  1.25161e-20
  1.40467e-20
  1.57588e-20
  1.76853e-20
  1.98413e-20
  2.22661e-20
  2.49811e-20
  2.80329e-20
  3.14517e-20
  3.52927e-20
  3.95978e-20
  4.44322e-20
  4.98539e-20
  5.59385e-20
  6.27650e-20
  7.04231e-20
  7.90193e-20
  8.86577e-20
  9.94821e-20
  1.11613e-19
  1.25243e-19
  1.40511e-19
  1.57675e-19
  1.76891e-19
  1.98504e-19
  2.22689e-19
  2.49904e-19
  2.80343e-19
  3.14613e-19
  3.52924e-19
  3.96075e-19
  4.44293e-19
  4.98630e-19
  5.59336e-19
  6.27739e-19
  7.04182e-19
  7.90274e-19
  8.86536e-19
  9.94892e-19
  1.11611e-18
  1.25249e-18
  1.40513e-18
  1.57677e-18
   Cooling for Wiersma, Schaye and Smith (2008).
   Redshift = 6.0 log(T) = 2-8 K, log(dT) = 0.05, log(n_H) = -6 , [Z/Zsol] = 
-1.5
