 -3.15221e-24
 -3.12354e-24
 -3.09256e-24
 -3.06034e-24
 -3.02696e-24
 -2.99230e-24
 -2.95650e-24
 -2.91954e-24
 -2.88149e-24
 -2.84234e-24
 -2.80214e-24
 -2.76093e-24
 -2.71876e-24
 -2.67561e-24
 -2.63153e-24
 -2.58647e-24
 -2.54047e-24
 -2.49347e-24
 -2.44548e-24
 -2.39647e-24
 -2.34640e-24
 -2.29449e-24
 -2.24208e-24
 -2.18852e-24
 -2.13373e-24
 -2.07771e-24
 -2.02033e-24
 -1.96157e-24
 -1.90130e-24
 -1.83938e-24
 -1.77543e-24
 -1.70892e-24
 -1.63937e-24
 -1.56560e-24
 -1.48638e-24
 -1.39986e-24
 -1.30286e-24
 -1.18294e-24
 -1.00128e-24
 -6.35225e-25
  3.94735e-25
  3.28113e-24
  1.13831e-23
  3.02964e-23
  6.58316e-23
  1.03188e-22
  1.11667e-22
  9.73180e-23
  7.89865e-23
  6.46248e-23
  5.48221e-23
  4.78329e-23
  4.29443e-23
  4.09638e-23
  4.31152e-23
  5.20754e-23
  7.14868e-23
  9.96350e-23
  1.22224e-22
  1.26073e-22
  1.17099e-22
  1.03728e-22
  9.04901e-23
  8.12281e-23
  7.59847e-23
  7.24488e-23
  6.94786e-23
  6.73901e-23
  6.37629e-23
  5.39322e-23
  4.02163e-23
  3.17720e-23
  2.78057e-23
  2.61942e-23
  2.52176e-23
  2.38335e-23
  2.20549e-23
  2.08562e-23
  2.05597e-23
  2.06850e-23
  2.06121e-23
  2.01228e-23
  1.93440e-23
  1.83326e-23
  1.69800e-23
  1.52062e-23
  1.33290e-23
  1.18090e-23
  1.07571e-23
  1.00206e-23
  9.47639e-24
  9.17642e-24
  9.07370e-24
  9.12915e-24
  9.30391e-24
  9.56354e-24
  9.88746e-24
  1.02590e-23
  1.06535e-23
  1.10416e-23
  1.14081e-23
  1.18101e-23
  1.21766e-23
  1.25127e-23
  1.28526e-23
  1.32367e-23
  1.36952e-23
  1.42249e-23
  1.48215e-23
  1.54707e-23
  1.61836e-23
  1.70695e-23
  1.80313e-23
  1.90483e-23
  2.01234e-23
  2.12528e-23
  2.24394e-23
  2.36802e-23
  2.49780e-23
  2.63295e-23
  2.77609e-23
   Cooling for Wiersma, Schaye and Smith (2008).
   Redshift = 5.0 log(T) = 2-8 K, log(dT) = 0.05, log(n_H) = 0 , [Z/Zsol] = -1.0
