 -1.02719e-22
 -9.81345e-23
 -9.37515e-23
 -8.96054e-23
 -8.56392e-23
 -8.18471e-23
 -7.82160e-23
 -7.47010e-23
 -7.13156e-23
 -6.81282e-23
 -6.50215e-23
 -6.20002e-23
 -5.90852e-23
 -5.62807e-23
 -5.35546e-23
 -5.08713e-23
 -4.82947e-23
 -4.58153e-23
 -4.34089e-23
 -4.10657e-23
 -3.88016e-23
 -3.66205e-23
 -3.45017e-23
 -3.24482e-23
 -3.04843e-23
 -2.85894e-23
 -2.67476e-23
 -2.50174e-23
 -2.33923e-23
 -2.18599e-23
 -2.04294e-23
 -1.90649e-23
 -1.77939e-23
 -1.66004e-23
 -1.54904e-23
 -1.44319e-23
 -1.34067e-23
 -1.24071e-23
 -1.14519e-23
 -1.05072e-23
 -9.55711e-24
 -8.57074e-24
 -7.50874e-24
 -6.32693e-24
 -4.92643e-24
 -3.19032e-24
 -9.94334e-25
  1.77875e-24
  5.37694e-24
  9.82482e-24
  1.59719e-23
  2.32770e-23
  3.25967e-23
  4.39710e-23
  5.76330e-23
  7.40134e-23
  9.32391e-23
  1.15651e-22
  1.41118e-22
  1.69107e-22
  1.98814e-22
  2.28179e-22
  2.53864e-22
  2.75837e-22
  2.88785e-22
  2.91540e-22
  2.84604e-22
  2.66590e-22
  2.39648e-22
  2.07260e-22
  1.77827e-22
  1.56321e-22
  1.48493e-22
  1.41219e-22
  1.36272e-22
  1.33206e-22
  1.29945e-22
  1.33582e-22
  1.35584e-22
  1.37750e-22
  1.38392e-22
  1.34551e-22
  1.27241e-22
  1.16435e-22
  1.01909e-22
  8.43939e-23
  6.77797e-23
  5.48180e-23
  4.59935e-23
  3.93286e-23
  3.39552e-23
  2.98665e-23
  2.69445e-23
  2.49639e-23
  2.36991e-23
  2.30103e-23
  2.29718e-23
  2.32739e-23
  2.39827e-23
  2.49728e-23
  2.61000e-23
  2.72692e-23
  2.82842e-23
  2.91253e-23
  2.99192e-23
  3.08457e-23
  3.20719e-23
  3.36493e-23
  3.56139e-23
  3.79409e-23
  4.06751e-23
  4.39222e-23
  4.76267e-23
  5.17664e-23
  5.64059e-23
  6.15538e-23
  6.72888e-23
  7.36322e-23
  8.06769e-23
  8.84552e-23
  9.71058e-23
   Cooling for Wiersma, Schaye and Smith (2008).
   Redshift = 0.0 log(T) = 2-8 K, log(dT) = 0.05, log(n_H) = -5 , [Z/Zsol] = 0.0
