 -9.05542e-23
 -8.53968e-23
 -8.05918e-23
 -7.60789e-23
 -7.18292e-23
 -6.78511e-23
 -6.41053e-23
 -6.05765e-23
 -5.72474e-23
 -5.41142e-23
 -5.11564e-23
 -4.83778e-23
 -4.57552e-23
 -4.32725e-23
 -4.09199e-23
 -3.86933e-23
 -3.65856e-23
 -3.45914e-23
 -3.27005e-23
 -3.09020e-23
 -2.91928e-23
 -2.75718e-23
 -2.60229e-23
 -2.45428e-23
 -2.31392e-23
 -2.18032e-23
 -2.05228e-23
 -1.92973e-23
 -1.81340e-23
 -1.70234e-23
 -1.59574e-23
 -1.49370e-23
 -1.39619e-23
 -1.30288e-23
 -1.21352e-23
 -1.12788e-23
 -1.04626e-23
 -9.67823e-24
 -8.92428e-24
 -8.19884e-24
 -7.50102e-24
 -6.82508e-24
 -6.17280e-24
 -5.53749e-24
 -4.91265e-24
 -4.29494e-24
 -3.67028e-24
 -3.03313e-24
 -2.36814e-24
 -1.66361e-24
 -9.05871e-25
 -7.77399e-26
  8.42418e-25
  1.90438e-24
  3.22860e-24
  5.03379e-24
  7.68744e-24
  1.16714e-23
  1.73127e-23
  2.43015e-23
  3.10558e-23
  3.53861e-23
  3.65054e-23
  3.51289e-23
  3.27258e-23
  3.02335e-23
  2.81046e-23
  2.65307e-23
  2.55120e-23
  2.50157e-23
  2.43725e-23
  2.48326e-23
  2.57169e-23
  2.70069e-23
  2.86625e-23
  3.06649e-23
  3.30953e-23
  3.60055e-23
  3.93693e-23
  4.32264e-23
  4.75865e-23
  5.25276e-23
  5.80710e-23
  6.42922e-23
  7.12490e-23
  7.90932e-23
  8.79343e-23
  9.79377e-23
  1.09199e-22
  1.21876e-22
  1.36111e-22
  1.52148e-22
  1.70148e-22
  1.90336e-22
  2.12989e-22
  2.38380e-22
  2.66874e-22
  2.98787e-22
  3.34621e-22
  3.74735e-22
  4.19805e-22
  4.70314e-22
  5.27092e-22
  5.90589e-22
  6.61997e-22
  7.41822e-22
  8.31645e-22
  9.32015e-22
  1.04501e-21
  1.17122e-21
  1.31340e-21
  1.47232e-21
  1.65133e-21
  1.85132e-21
  2.07648e-21
  2.32815e-21
  2.61135e-21
  2.92808e-21
  3.28432e-21
  3.68294e-21
  4.13110e-21
   Cooling for Wiersma, Schaye and Smith (2008).
   Redshift = 4.0 log(T) = 2-8 K, log(dT) = 0.05, log(n_H) = -4 , [Z/Zsol] = 
-2.0
