 -8.41457e-23
 -7.91281e-23
 -7.44201e-23
 -7.00849e-23
 -6.59558e-23
 -6.21565e-23
 -5.85375e-23
 -5.51876e-23
 -5.20380e-23
 -4.90892e-23
 -4.63438e-23
 -4.37557e-23
 -4.13404e-23
 -3.90631e-23
 -3.69454e-23
 -3.49384e-23
 -3.30707e-23
 -3.13186e-23
 -2.96632e-23
 -2.81090e-23
 -2.66477e-23
 -2.52735e-23
 -2.39806e-23
 -2.27511e-23
 -2.15817e-23
 -2.04752e-23
 -1.94276e-23
 -1.84340e-23
 -1.74873e-23
 -1.65820e-23
 -1.57105e-23
 -1.48730e-23
 -1.40756e-23
 -1.32993e-23
 -1.25374e-23
 -1.17830e-23
 -1.10363e-23
 -1.02850e-23
 -9.51455e-24
 -8.72339e-24
 -7.90748e-24
 -7.05057e-24
 -6.13089e-24
 -5.12819e-24
 -4.00410e-24
 -2.71904e-24
 -1.21241e-24
  5.57557e-25
  2.67974e-24
  5.20457e-24
  8.25290e-24
  1.18671e-23
  1.61914e-23
  2.13988e-23
  2.78741e-23
  3.63359e-23
  4.79362e-23
  6.37028e-23
  8.31927e-23
  1.02312e-22
  1.15814e-22
  1.22462e-22
  1.24974e-22
  1.25072e-22
  1.23393e-22
  1.19671e-22
  1.15404e-22
  1.11743e-22
  1.09551e-22
  1.08240e-22
  1.07370e-22
  1.09330e-22
  1.13366e-22
  1.18631e-22
  1.25123e-22
  1.33259e-22
  1.43521e-22
  1.56280e-22
  1.70831e-22
  1.86783e-22
  2.04088e-22
  2.22020e-22
  2.41218e-22
  2.61400e-22
  2.83096e-22
  3.07905e-22
  3.37264e-22
  3.72285e-22
  4.12966e-22
  4.59708e-22
  5.12722e-22
  5.72754e-22
  6.40540e-22
  7.16870e-22
  8.02789e-22
  8.99442e-22
  1.00798e-21
  1.12975e-21
  1.26664e-21
  1.42001e-21
  1.59239e-21
  1.78538e-21
  2.00230e-21
  2.24493e-21
  2.51789e-21
  2.82319e-21
  3.16693e-21
  3.55124e-21
  3.98414e-21
  4.46786e-21
  5.01296e-21
  5.62207e-21
  6.30962e-21
  7.07671e-21
  7.94057e-21
  8.90640e-21
  9.99349e-21
  1.12095e-20
  1.25776e-20
  1.41087e-20
  1.58303e-20
   Cooling for Wiersma, Schaye and Smith (2008).
   Redshift = 6.0 log(T) = 2-8 K, log(dT) = 0.05, log(n_H) = -4 , [Z/Zsol] = 
****
