 -1.73733e-24
 -1.72741e-24
 -1.71584e-24
 -1.70385e-24
 -1.69145e-24
 -1.67861e-24
 -1.66532e-24
 -1.65156e-24
 -1.63733e-24
 -1.62259e-24
 -1.60734e-24
 -1.59153e-24
 -1.57517e-24
 -1.55823e-24
 -1.54069e-24
 -1.52252e-24
 -1.50371e-24
 -1.48422e-24
 -1.46404e-24
 -1.44312e-24
 -1.42143e-24
 -1.39890e-24
 -1.37553e-24
 -1.35130e-24
 -1.32615e-24
 -1.30006e-24
 -1.27294e-24
 -1.24480e-24
 -1.21557e-24
 -1.18525e-24
 -1.15370e-24
 -1.12079e-24
 -1.08652e-24
 -1.05091e-24
 -1.01380e-24
 -9.75136e-25
 -9.35305e-25
 -8.86001e-25
 -7.94460e-25
 -5.35131e-25
  4.04657e-25
  3.35898e-24
  1.21881e-23
  3.35611e-23
  7.44628e-23
  1.13052e-22
  1.15173e-22
  9.60504e-23
  7.57809e-23
  6.05147e-23
  4.95200e-23
  4.06154e-23
  3.33911e-23
  2.87214e-23
  2.77541e-23
  3.30578e-23
  4.81563e-23
  7.14564e-23
  8.89986e-23
  8.80652e-23
  7.50337e-23
  6.01000e-23
  4.74394e-23
  3.77303e-23
  3.04425e-23
  2.49938e-23
  2.08491e-23
  1.77013e-23
  1.52303e-23
  1.32417e-23
  1.07804e-23
  9.55212e-24
  8.60386e-24
  7.87586e-24
  7.29654e-24
  6.77486e-24
  6.36219e-24
  6.05230e-24
  5.82509e-24
  5.66500e-24
  5.55215e-24
  5.50910e-24
  5.50095e-24
  5.52345e-24
  5.56978e-24
  5.63658e-24
  5.72349e-24
  5.83332e-24
  5.96486e-24
  6.11529e-24
  6.28602e-24
  6.52581e-24
  6.79081e-24
  7.07606e-24
  7.38086e-24
  7.70441e-24
  8.04627e-24
  8.40573e-24
  8.78267e-24
  9.17617e-24
  9.59533e-24
  1.01144e-23
  1.06712e-23
  1.12565e-23
  1.18725e-23
  1.25186e-23
  1.31974e-23
  1.39075e-23
  1.46515e-23
  1.54276e-23
  1.62542e-23
  1.72469e-23
  1.83137e-23
  1.94375e-23
  2.06244e-23
  2.18729e-23
  2.31888e-23
  2.45711e-23
  2.60257e-23
  2.75521e-23
  2.91796e-23
   Cooling for Wiersma, Schaye and Smith (2008).
   Redshift = 7.0 log(T) = 2-8 K, log(dT) = 0.05, log(n_H) = 0 , [Z/Zsol] = -3.0
