 -1.20392e-23
 -1.18260e-23
 -1.15878e-23
 -1.13449e-23
 -1.10978e-23
 -1.08462e-23
 -1.05909e-23
 -1.03321e-23
 -1.00701e-23
 -9.80498e-24
 -9.53711e-24
 -9.26703e-24
 -8.99506e-24
 -8.72147e-24
 -8.44662e-24
 -8.17083e-24
 -7.89440e-24
 -7.62176e-24
 -7.34487e-24
 -7.07008e-24
 -6.79397e-24
 -6.51546e-24
 -6.24116e-24
 -5.96849e-24
 -5.69777e-24
 -5.42917e-24
 -5.16279e-24
 -4.89875e-24
 -4.63719e-24
 -4.37799e-24
 -4.12108e-24
 -3.86562e-24
 -3.61193e-24
 -3.35877e-24
 -3.10537e-24
 -2.84983e-24
 -2.58888e-24
 -2.31245e-24
 -1.99568e-24
 -1.57628e-24
 -8.30048e-25
  7.46910e-25
  4.57015e-24
  1.29677e-23
  2.95211e-23
  5.35272e-23
  7.40780e-23
  7.91535e-23
  7.15738e-23
  6.09447e-23
  5.20251e-23
  4.57995e-23
  4.18168e-23
  4.04226e-23
  4.28575e-23
  5.19679e-23
  7.13967e-23
  9.95511e-23
  1.22154e-22
  1.26022e-22
  1.17062e-22
  1.03702e-22
  9.04805e-23
  8.12268e-23
  7.59864e-23
  7.24567e-23
  6.94936e-23
  6.74037e-23
  6.37742e-23
  5.39593e-23
  4.02728e-23
  3.18517e-23
  2.79021e-23
  2.63047e-23
  2.53419e-23
  2.39734e-23
  2.22138e-23
  2.10370e-23
  2.07640e-23
  2.09147e-23
  2.08700e-23
  2.04127e-23
  1.96696e-23
  1.86982e-23
  1.73902e-23
  1.56667e-23
  1.38461e-23
  1.23901e-23
  1.14098e-23
  1.07534e-23
  1.02990e-23
  1.00998e-23
  1.01100e-23
  1.02920e-23
  1.06089e-23
  1.10277e-23
  1.15305e-23
  1.21025e-23
  1.27220e-23
  1.33624e-23
  1.40127e-23
  1.47321e-23
  1.54556e-23
  1.61913e-23
  1.69807e-23
  1.78676e-23
  1.88909e-23
  2.00528e-23
  2.13614e-23
  2.28064e-23
  2.44162e-23
  2.63042e-23
  2.83957e-23
  3.06752e-23
  3.31725e-23
  3.58922e-23
  3.88692e-23
  4.21135e-23
  4.56684e-23
  4.95415e-23
  5.38084e-23
   Cooling for Wiersma, Schaye and Smith (2008).
   Redshift = 7.0 log(T) = 2-8 K, log(dT) = 0.05, log(n_H) = -1 , [Z/Zsol] = 
-1.0
