 -3.28190e-23
 -3.16546e-23
 -3.04323e-23
 -2.92265e-23
 -2.80362e-23
 -2.68638e-23
 -2.57102e-23
 -2.45782e-23
 -2.34679e-23
 -2.23819e-23
 -2.13200e-23
 -2.02847e-23
 -1.92760e-23
 -1.82958e-23
 -1.73439e-23
 -1.64218e-23
 -1.55293e-23
 -1.46673e-23
 -1.38357e-23
 -1.30348e-23
 -1.22650e-23
 -1.15216e-23
 -1.08115e-23
 -1.01312e-23
 -9.48089e-24
 -8.85928e-24
 -8.26639e-24
 -7.70082e-24
 -7.16278e-24
 -6.65035e-24
 -6.16362e-24
 -5.69961e-24
 -5.25918e-24
 -4.83983e-24
 -4.44132e-24
 -4.06118e-24
 -3.69884e-24
 -3.34907e-24
 -3.00595e-24
 -2.65126e-24
 -2.22733e-24
 -1.60711e-24
 -4.43583e-25
  1.85488e-24
  6.41268e-24
  1.43216e-23
  2.57803e-23
  3.76075e-23
  4.45414e-23
  4.48446e-23
  4.09693e-23
  3.61872e-23
  3.22234e-23
  3.00527e-23
  3.09326e-23
  3.75089e-23
  5.33119e-23
  7.73033e-23
  9.65972e-23
  9.82259e-23
  8.73026e-23
  7.32606e-23
  6.05994e-23
  5.11032e-23
  4.44772e-23
  3.96357e-23
  3.58652e-23
  3.30476e-23
  3.02167e-23
  2.58044e-23
  1.98698e-23
  1.64143e-23
  1.45341e-23
  1.35328e-23
  1.28298e-23
  1.20403e-23
  1.12045e-23
  1.06190e-23
  1.03693e-23
  1.02961e-23
  1.01939e-23
  1.00109e-23
  9.76228e-24
  9.46255e-24
  9.07342e-24
  8.56783e-24
  8.04382e-24
  7.64576e-24
  7.40701e-24
  7.27828e-24
  7.22246e-24
  7.28921e-24
  7.43363e-24
  7.64011e-24
  7.89604e-24
  8.19012e-24
  8.51554e-24
  8.86654e-24
  9.23515e-24
  9.61161e-24
  9.99720e-24
  1.04607e-23
  1.09369e-23
  1.14207e-23
  1.19239e-23
  1.24583e-23
  1.30340e-23
  1.36495e-23
  1.43042e-23
  1.49922e-23
  1.57287e-23
  1.66270e-23
  1.75923e-23
  1.86060e-23
  1.96717e-23
  2.07864e-23
  2.19533e-23
  2.31701e-23
  2.44402e-23
  2.57587e-23
  2.71527e-23
   Cooling for Wiersma, Schaye and Smith (2008).
   Redshift = 2.0 log(T) = 2-8 K, log(dT) = 0.05, log(n_H) = -1 , [Z/Zsol] = 
-1.5
