  7.12519e-34
  8.49705e-34
  1.00449e-33
  1.18005e-33
  1.37783e-33
  1.60085e-33
  1.85053e-33
  2.13006e-33
  2.43928e-33
  2.77813e-33
  3.15128e-33
  3.56155e-33
  4.01018e-33
  4.50140e-33
  5.03865e-33
  5.62661e-33
  6.30628e-33
  6.78639e-33
  7.67968e-33
  8.29084e-33
  9.20356e-33
  1.08123e-32
  1.19829e-32
  1.36405e-32
  1.42346e-32
  1.17307e-32
  1.78336e-32
  1.98941e-32
  2.15402e-32
  1.95470e-32
  2.84359e-32
  1.09823e-31
  4.82930e-32
  1.28541e-32
  1.48566e-31
  8.84460e-31
  5.86878e-30
  2.70541e-29
  1.43840e-28
  8.51877e-28
  1.18573e-26
  1.93642e-25
  2.99777e-24
  2.38058e-23
  8.54860e-23
  1.29953e-22
  1.21993e-22
  9.78195e-23
  7.70663e-23
  6.28147e-23
  5.22440e-23
  4.32444e-23
  3.61077e-23
  3.17619e-23
  3.12682e-23
  3.71557e-23
  5.29506e-23
  7.70604e-23
  9.54866e-23
  9.54508e-23
  8.32863e-23
  6.90436e-23
  5.69411e-23
  4.79537e-23
  4.16195e-23
  3.72022e-23
  3.41269e-23
  3.21564e-23
  3.07938e-23
  2.94533e-23
  2.74958e-23
  2.73248e-23
  2.80244e-23
  2.93726e-23
  3.11800e-23
  3.32960e-23
  3.58067e-23
  3.88353e-23
  4.24382e-23
  4.66086e-23
  5.13301e-23
  5.66658e-23
  6.26681e-23
  6.94189e-23
  7.69931e-23
  8.54827e-23
  9.50289e-23
  1.05803e-22
  1.17959e-22
  1.31639e-22
  1.47016e-22
  1.64339e-22
  1.83793e-22
  2.05628e-22
  2.30123e-22
  2.57595e-22
  2.88404e-22
  3.22956e-22
  3.61697e-22
  4.05137e-22
  4.53854e-22
  5.08565e-22
  5.69922e-22
  6.38723e-22
  7.15874e-22
  8.02396e-22
  8.99434e-22
  1.00827e-21
  1.13032e-21
  1.26722e-21
  1.42078e-21
  1.59314e-21
  1.78649e-21
  2.00336e-21
  2.24662e-21
  2.51948e-21
  2.82554e-21
  3.16886e-21
  3.55397e-21
  3.98597e-21
  4.47059e-21
   Cooling for Wiersma, Schaye and Smith (2008).
   z > 11 (photodis) log(T) = 2-8 K, log(dT) = 0.05, log(n_H) = -3 , [Z/Zsol] = 
-2.0
