 -3.88495e-22
 -3.70687e-22
 -3.53602e-22
 -3.37108e-22
 -3.21464e-22
 -3.06780e-22
 -2.92902e-22
 -2.79714e-22
 -2.67026e-22
 -2.54587e-22
 -2.42373e-22
 -2.30278e-22
 -2.18286e-22
 -2.06171e-22
 -1.94274e-22
 -1.82368e-22
 -1.70419e-22
 -1.58552e-22
 -1.46509e-22
 -1.34484e-22
 -1.22120e-22
 -1.09640e-22
 -9.66554e-23
 -8.33130e-23
 -6.93389e-23
 -5.47310e-23
 -3.92962e-23
 -2.29216e-23
 -5.44894e-24
  1.32309e-23
  3.34297e-23
  5.52250e-23
  7.89866e-23
  1.04862e-22
  1.33220e-22
  1.64412e-22
  1.98738e-22
  2.36338e-22
  2.77866e-22
  3.23696e-22
  3.74497e-22
  4.30863e-22
  4.93209e-22
  5.62247e-22
  6.39332e-22
  7.24965e-22
  8.20730e-22
  9.27476e-22
  1.04704e-21
  1.18076e-21
  1.33150e-21
  1.49961e-21
  1.68730e-21
  1.89778e-21
  2.13386e-21
  2.39856e-21
  2.69538e-21
  3.02846e-21
  3.40197e-21
  3.82148e-21
  4.29174e-21
  4.82009e-21
  5.41179e-21
  6.07702e-21
  6.82174e-21
  7.65719e-21
  8.59147e-21
  9.64216e-21
  1.08256e-20
  1.21503e-20
  1.36306e-20
  1.52969e-20
  1.71598e-20
  1.92591e-20
  2.15989e-20
  2.42413e-20
  2.71941e-20
  3.05200e-20
  3.42385e-20
  3.84246e-20
  4.31070e-20
  4.83756e-20
  5.42720e-20
  6.09031e-20
  6.83279e-20
  7.66738e-20
  8.60234e-20
  9.65276e-20
  1.08301e-19
  1.21521e-19
  1.36347e-19
  1.52986e-19
  1.71654e-19
  1.92597e-19
  2.16105e-19
  2.42463e-19
  2.72064e-19
  3.05239e-19
  3.42513e-19
  3.84266e-19
  4.31204e-19
  4.83754e-19
  5.42858e-19
  6.08998e-19
  6.83423e-19
  7.66665e-19
  8.60382e-19
  9.65151e-19
  1.08316e-18
  1.21502e-18
  1.36362e-18
  1.52963e-18
  1.71669e-18
  1.92574e-18
  2.16118e-18
  2.42443e-18
  2.72075e-18
  3.05225e-18
  3.42521e-18
  3.84264e-18
  4.31204e-18
   Cooling for Wiersma, Schaye and Smith (2008).
   Redshift = 8.0 log(T) = 2-8 K, log(dT) = 0.05, log(n_H) = -6 , [Z/Zsol] = 
****
