 -7.03659e-22
 -6.74490e-22
 -6.47387e-22
 -6.22818e-22
 -6.01022e-22
 -5.81602e-22
 -5.64632e-22
 -5.49424e-22
 -5.35239e-22
 -5.21576e-22
 -5.08087e-22
 -4.94575e-22
 -4.80879e-22
 -4.67258e-22
 -4.53752e-22
 -4.40508e-22
 -4.27210e-22
 -4.14251e-22
 -4.01627e-22
 -3.89302e-22
 -3.77258e-22
 -3.65543e-22
 -3.53963e-22
 -3.42549e-22
 -3.31285e-22
 -3.20336e-22
 -3.09637e-22
 -2.99289e-22
 -2.89238e-22
 -2.79621e-22
 -2.70281e-22
 -2.61428e-22
 -2.52888e-22
 -2.44618e-22
 -2.36555e-22
 -2.28633e-22
 -2.20821e-22
 -2.13062e-22
 -2.05408e-22
 -1.97839e-22
 -1.90260e-22
 -1.82773e-22
 -1.75384e-22
 -1.68039e-22
 -1.60684e-22
 -1.53256e-22
 -1.45677e-22
 -1.37863e-22
 -1.29731e-22
 -1.21267e-22
 -1.12477e-22
 -1.03424e-22
 -9.42476e-23
 -8.50831e-23
 -7.63374e-23
 -6.80792e-23
 -6.04261e-23
 -5.33085e-23
 -4.67822e-23
 -4.07299e-23
 -3.49143e-23
 -2.92551e-23
 -2.33358e-23
 -1.77800e-23
 -1.17026e-23
 -6.11475e-24
 -4.97415e-25
  5.33483e-24
  1.10973e-23
  1.67870e-23
  2.26492e-23
  2.83423e-23
  3.43105e-23
  4.05919e-23
  4.74638e-23
  5.56873e-23
  6.39327e-23
  7.30936e-23
  8.33685e-23
  9.47739e-23
  1.07481e-22
  1.21744e-22
  1.39314e-22
  1.57001e-22
  1.76633e-22
  1.98517e-22
  2.22854e-22
  2.50026e-22
  2.80324e-22
  3.14230e-22
  3.52157e-22
  3.94722e-22
  4.42420e-22
  4.95853e-22
  5.55717e-22
  6.22664e-22
  6.97002e-22
  7.80841e-22
  8.74659e-22
  9.79374e-22
  1.09659e-21
  1.22835e-21
  1.37652e-21
  1.54235e-21
  1.72899e-21
  1.93766e-21
  2.17273e-21
  2.43551e-21
  2.73149e-21
  3.06218e-21
  3.43484e-21
  3.85129e-21
  4.32049e-21
  4.84484e-21
  5.43529e-21
  6.09539e-21
  6.83831e-21
  7.66928e-21
  8.60404e-21
  9.65008e-21
  1.08262e-20
   Cooling for Wiersma, Schaye and Smith (2008).
   Redshift = 1.0 log(T) = 2-8 K, log(dT) = 0.05, log(n_H) = -6 , [Z/Zsol] = 
0.50
