 -1.51317e-23
 -1.48265e-23
 -1.44935e-23
 -1.41562e-23
 -1.38151e-23
 -1.34703e-23
 -1.31223e-23
 -1.27713e-23
 -1.24178e-23
 -1.20620e-23
 -1.17044e-23
 -1.13451e-23
 -1.09901e-23
 -1.06278e-23
 -1.02708e-23
 -9.91003e-24
 -9.54952e-24
 -9.19027e-24
 -8.83276e-24
 -8.47748e-24
 -8.12488e-24
 -7.77520e-24
 -7.42916e-24
 -7.08717e-24
 -6.74977e-24
 -6.41727e-24
 -6.09014e-24
 -5.76871e-24
 -5.45361e-24
 -5.14491e-24
 -4.84317e-24
 -4.54774e-24
 -4.25979e-24
 -3.97920e-24
 -3.70664e-24
 -3.44170e-24
 -3.18563e-24
 -2.93383e-24
 -2.67502e-24
 -2.36386e-24
 -1.83039e-24
 -6.61589e-25
  2.25339e-24
  8.78443e-24
  2.20008e-23
  4.22679e-23
  6.21470e-23
  6.99249e-23
  6.47430e-23
  5.47386e-23
  4.51158e-23
  3.74520e-23
  3.16175e-23
  2.78066e-23
  2.72233e-23
  3.26606e-23
  4.77810e-23
  7.10386e-23
  8.85620e-23
  8.76373e-23
  7.46015e-23
  5.96680e-23
  4.70196e-23
  3.73089e-23
  3.00029e-23
  2.45374e-23
  2.03835e-23
  1.72282e-23
  1.47724e-23
  1.28671e-23
  1.05241e-23
  9.37377e-24
  8.46165e-24
  7.74894e-24
  7.18074e-24
  6.67578e-24
  6.28585e-24
  5.99502e-24
  5.77976e-24
  5.62947e-24
  5.53039e-24
  5.50780e-24
  5.52528e-24
  5.57829e-24
  5.66123e-24
  5.77189e-24
  5.90693e-24
  6.06502e-24
  6.24415e-24
  6.44355e-24
  6.66637e-24
  6.96198e-24
  7.28720e-24
  7.63816e-24
  8.01542e-24
  8.41939e-24
  8.85103e-24
  9.31077e-24
  9.80035e-24
  1.03203e-23
  1.08820e-23
  1.15613e-23
  1.22989e-23
  1.30869e-23
  1.39310e-23
  1.48317e-23
  1.57964e-23
  1.68254e-23
  1.79281e-23
  1.91045e-23
  2.03820e-23
  2.18783e-23
  2.35123e-23
  2.52699e-23
  2.71706e-23
  2.92170e-23
  3.14311e-23
  3.38182e-23
  3.64032e-23
  3.91947e-23
  4.22449e-23
   Cooling for Wiersma, Schaye and Smith (2008).
   Redshift = 6.0 log(T) = 2-8 K, log(dT) = 0.05, log(n_H) = -1 , [Z/Zsol] = 
-Inf
