 -7.74789e-23
 -7.26273e-23
 -6.80813e-23
 -6.39072e-23
 -5.99334e-23
 -5.62280e-23
 -5.28077e-23
 -4.95688e-23
 -4.65419e-23
 -4.37490e-23
 -4.10991e-23
 -3.86487e-23
 -3.63434e-23
 -3.41777e-23
 -3.21786e-23
 -3.02801e-23
 -2.85204e-23
 -2.68596e-23
 -2.53092e-23
 -2.38485e-23
 -2.24814e-23
 -2.11884e-23
 -1.99742e-23
 -1.88324e-23
 -1.77436e-23
 -1.67204e-23
 -1.57455e-23
 -1.48149e-23
 -1.39318e-23
 -1.30848e-23
 -1.22691e-23
 -1.14795e-23
 -1.07130e-23
 -9.96565e-24
 -9.23587e-24
 -8.51617e-24
 -7.80195e-24
 -7.08945e-24
 -6.37305e-24
 -5.65105e-24
 -4.91388e-24
 -4.15603e-24
 -3.37068e-24
 -2.54954e-24
 -1.67696e-24
 -7.38148e-25
  2.93310e-25
  1.44104e-24
  2.74001e-24
  4.21631e-24
  5.90552e-24
  7.84231e-24
  1.01031e-23
  1.28888e-23
  1.66983e-23
  2.25296e-23
  3.19168e-23
  4.61534e-23
  6.33796e-23
  7.69589e-23
  8.17546e-23
  7.96569e-23
  7.55353e-23
  7.22813e-23
  7.06969e-23
  7.10208e-23
  7.30305e-23
  7.66357e-23
  8.16482e-23
  8.81755e-23
  9.52282e-23
  1.04513e-22
  1.15247e-22
  1.27644e-22
  1.41714e-22
  1.57698e-22
  1.75730e-22
  1.96184e-22
  2.19159e-22
  2.45113e-22
  2.74212e-22
  3.07042e-22
  3.43825e-22
  3.85224e-22
  4.31602e-22
  4.83750e-22
  5.42180e-22
  6.07832e-22
  6.81417e-22
  7.64047e-22
  8.56705e-22
  9.60747e-22
  1.07747e-21
  1.20839e-21
  1.35534e-21
  1.52009e-21
  1.70508e-21
  1.91239e-21
  2.14528e-21
  2.40613e-21
  2.69935e-21
  3.02768e-21
  3.39693e-21
  3.81010e-21
  4.27498e-21
  4.79489e-21
  5.38018e-21
  6.03445e-21
  6.77133e-21
  7.59467e-21
  8.52244e-21
  9.55903e-21
  1.07270e-20
  1.20322e-20
  1.35021e-20
  1.51455e-20
  1.69953e-20
  1.90645e-20
  2.13925e-20
  2.39980e-20
  2.69278e-20
   Cooling for Wiersma, Schaye and Smith (2008).
   Redshift = 7.0 log(T) = 2-8 K, log(dT) = 0.05, log(n_H) = -4 , [Z/Zsol] = 
-Inf
