 -6.21317e-23
 -5.83652e-23
 -5.47592e-23
 -5.13504e-23
 -4.81188e-23
 -4.50666e-23
 -4.21793e-23
 -3.94591e-23
 -3.68622e-23
 -3.44612e-23
 -3.21887e-23
 -3.00349e-23
 -2.80163e-23
 -2.61350e-23
 -2.43603e-23
 -2.26867e-23
 -2.11233e-23
 -1.96658e-23
 -1.82953e-23
 -1.70081e-23
 -1.58089e-23
 -1.46765e-23
 -1.36324e-23
 -1.26549e-23
 -1.17417e-23
 -1.08869e-23
 -1.00875e-23
 -9.34188e-24
 -8.64927e-24
 -8.00082e-24
 -7.39472e-24
 -6.82492e-24
 -6.28947e-24
 -5.78500e-24
 -5.30967e-24
 -4.85778e-24
 -4.42599e-24
 -4.00700e-24
 -3.59495e-24
 -3.18337e-24
 -2.76073e-24
 -2.30339e-24
 -1.76450e-24
 -1.06824e-24
 -6.19889e-26
  1.44342e-24
  3.74155e-24
  7.04946e-24
  1.14492e-23
  1.65119e-23
  2.13884e-23
  2.53147e-23
  2.82183e-23
  3.09323e-23
  3.50020e-23
  4.27282e-23
  5.69151e-23
  7.82852e-23
  1.00270e-22
  1.11193e-22
  1.09032e-22
  9.94396e-23
  8.82278e-23
  7.98498e-23
  7.49870e-23
  7.16884e-23
  6.89306e-23
  6.68576e-23
  6.31296e-23
  5.33664e-23
  3.99090e-23
  3.16409e-23
  2.77499e-23
  2.61618e-23
  2.51846e-23
  2.37983e-23
  2.20347e-23
  2.08585e-23
  2.05755e-23
  2.07067e-23
  2.06386e-23
  2.01562e-23
  1.93854e-23
  1.83809e-23
  1.70345e-23
  1.52684e-23
  1.34019e-23
  1.18921e-23
  1.08466e-23
  1.01099e-23
  9.58251e-24
  9.33112e-24
  9.24787e-24
  9.32743e-24
  9.52792e-24
  9.81527e-24
  1.01702e-23
  1.05764e-23
  1.10096e-23
  1.14411e-23
  1.18553e-23
  1.23118e-23
  1.27396e-23
  1.31442e-23
  1.35613e-23
  1.40317e-23
  1.45860e-23
  1.52237e-23
  1.59418e-23
  1.67269e-23
  1.75931e-23
  1.86504e-23
  1.98057e-23
  2.10391e-23
  2.23582e-23
  2.37605e-23
  2.52546e-23
  2.68394e-23
  2.85242e-23
  3.03090e-23
  3.22273e-23
   Cooling for Wiersma, Schaye and Smith (2008).
   Redshift = 2.0 log(T) = 2-8 K, log(dT) = 0.05, log(n_H) = -2 , [Z/Zsol] = 
-1.0
