 -3.13995e-24
 -3.10462e-24
 -3.06606e-24
 -3.02598e-24
 -2.98447e-24
 -2.94141e-24
 -2.89695e-24
 -2.85108e-24
 -2.80391e-24
 -2.75545e-24
 -2.70578e-24
 -2.65497e-24
 -2.60309e-24
 -2.55018e-24
 -2.49627e-24
 -2.44137e-24
 -2.38548e-24
 -2.32858e-24
 -2.27065e-24
 -2.21167e-24
 -2.15161e-24
 -2.08936e-24
 -2.02690e-24
 -1.96327e-24
 -1.89839e-24
 -1.83216e-24
 -1.76432e-24
 -1.69475e-24
 -1.62312e-24
 -1.54916e-24
 -1.47233e-24
 -1.39200e-24
 -1.30772e-24
 -1.21842e-24
 -1.12303e-24
 -1.01974e-24
 -9.04633e-25
 -7.67558e-25
 -5.72339e-25
 -2.11498e-25
  7.22795e-25
  3.22280e-24
  1.00690e-23
  2.57704e-23
  5.56506e-23
  9.00382e-23
  1.02976e-22
  9.33402e-23
  7.74410e-23
  6.43542e-23
  5.50626e-23
  4.80486e-23
  4.30422e-23
  4.09882e-23
  4.31435e-23
  5.21127e-23
  7.14681e-23
  9.95988e-23
  1.22193e-22
  1.26057e-22
  1.17096e-22
  1.03728e-22
  9.04895e-23
  8.12274e-23
  7.59837e-23
  7.24480e-23
  6.94786e-23
  6.73907e-23
  6.37633e-23
  5.39313e-23
  4.02143e-23
  3.17694e-23
  2.78026e-23
  2.61907e-23
  2.52137e-23
  2.38291e-23
  2.20498e-23
  2.08504e-23
  2.05532e-23
  2.06776e-23
  2.06038e-23
  2.01135e-23
  1.93335e-23
  1.83208e-23
  1.69668e-23
  1.51914e-23
  1.33123e-23
  1.17902e-23
  1.07361e-23
  9.99693e-24
  9.44979e-24
  9.14654e-24
  9.04016e-24
  9.09150e-24
  9.26164e-24
  9.51611e-24
  9.83424e-24
  1.01993e-23
  1.05864e-23
  1.09664e-23
  1.13237e-23
  1.17154e-23
  1.20704e-23
  1.23935e-23
  1.27188e-23
  1.30866e-23
  1.35253e-23
  1.40338e-23
  1.46065e-23
  1.52291e-23
  1.59121e-23
  1.67649e-23
  1.76897e-23
  1.86655e-23
  1.96945e-23
  2.07725e-23
  2.19015e-23
  2.30784e-23
  2.43074e-23
  2.55773e-23
  2.69168e-23
   Cooling for Wiersma, Schaye and Smith (2008).
   Redshift = 0.0 log(T) = 2-8 K, log(dT) = 0.05, log(n_H) = -1 , [Z/Zsol] = 
-1.0
