 -1.71417e-23
 -1.66568e-23
 -1.61309e-23
 -1.56064e-23
 -1.50821e-23
 -1.45586e-23
 -1.40372e-23
 -1.35189e-23
 -1.30042e-23
 -1.24941e-23
 -1.19890e-23
 -1.14902e-23
 -1.09983e-23
 -1.05141e-23
 -1.00379e-23
 -9.57071e-24
 -9.11273e-24
 -8.66459e-24
 -8.22668e-24
 -7.79941e-24
 -7.38309e-24
 -6.97053e-24
 -6.57594e-24
 -6.19291e-24
 -5.82176e-24
 -5.46221e-24
 -5.11435e-24
 -4.77777e-24
 -4.45260e-24
 -4.13828e-24
 -3.83408e-24
 -3.53847e-24
 -3.25174e-24
 -2.97184e-24
 -2.69749e-24
 -2.42629e-24
 -2.15447e-24
 -1.87419e-24
 -1.56997e-24
 -1.21095e-24
 -6.97187e-25
  1.74767e-25
  2.00324e-24
  5.76993e-24
  1.32606e-23
  2.56838e-23
  4.15962e-23
  5.42444e-23
  5.78278e-23
  5.45031e-23
  4.90284e-23
  4.43194e-23
  4.10544e-23
  3.99963e-23
  4.25397e-23
  5.15682e-23
  7.06968e-23
  9.85392e-23
  1.21197e-22
  1.25438e-22
  1.16765e-22
  1.03538e-22
  9.03788e-23
  8.11502e-23
  7.59176e-23
  7.23973e-23
  6.94451e-23
  6.73598e-23
  6.37246e-23
  5.38942e-23
  4.01917e-23
  3.17605e-23
  2.77983e-23
  2.61874e-23
  2.52098e-23
  2.38249e-23
  2.20468e-23
  2.08486e-23
  2.05515e-23
  2.06761e-23
  2.06030e-23
  2.01128e-23
  1.93331e-23
  1.83205e-23
  1.69665e-23
  1.51909e-23
  1.33109e-23
  1.17856e-23
  1.07232e-23
  9.96836e-24
  9.42037e-24
  9.14704e-24
  9.03991e-24
  9.09319e-24
  9.26451e-24
  9.51936e-24
  9.83791e-24
  1.02035e-23
  1.05911e-23
  1.09716e-23
  1.13296e-23
  1.17220e-23
  1.20778e-23
  1.24019e-23
  1.27282e-23
  1.30971e-23
  1.35372e-23
  1.40471e-23
  1.46214e-23
  1.52458e-23
  1.59309e-23
  1.67859e-23
  1.77133e-23
  1.86920e-23
  1.97243e-23
  2.08059e-23
  2.19390e-23
  2.31200e-23
  2.43505e-23
  2.56268e-23
  2.69734e-23
   Cooling for Wiersma, Schaye and Smith (2008).
   Redshift = 0.0 log(T) = 2-8 K, log(dT) = 0.05, log(n_H) = -2 , [Z/Zsol] = 
-1.0
