 -8.71199e-23
 -8.24171e-23
 -7.79783e-23
 -7.38325e-23
 -6.99176e-23
 -6.62308e-23
 -6.27441e-23
 -5.94302e-23
 -5.62881e-23
 -5.33394e-23
 -5.05495e-23
 -4.79072e-23
 -4.53982e-23
 -4.30016e-23
 -4.07223e-23
 -3.85784e-23
 -3.65250e-23
 -3.45621e-23
 -3.26981e-23
 -3.09278e-23
 -2.92326e-23
 -2.76087e-23
 -2.60655e-23
 -2.45957e-23
 -2.31861e-23
 -2.18358e-23
 -2.05502e-23
 -1.93264e-23
 -1.81552e-23
 -1.70340e-23
 -1.59653e-23
 -1.49431e-23
 -1.39685e-23
 -1.30384e-23
 -1.21567e-23
 -1.13148e-23
 -1.05122e-23
 -9.74699e-24
 -9.01986e-24
 -8.32737e-24
 -7.67112e-24
 -7.04364e-24
 -6.44859e-24
 -5.87477e-24
 -5.33009e-24
 -4.80230e-24
 -4.28024e-24
 -3.76333e-24
 -3.23456e-24
 -2.68769e-24
 -2.11098e-24
 -1.49193e-24
 -8.19403e-25
 -6.01810e-26
  8.66964e-25
  2.12621e-24
  3.98349e-24
  6.81826e-24
  1.09434e-23
  1.62393e-23
  2.17350e-23
  2.56843e-23
  2.69827e-23
  2.58452e-23
  2.33841e-23
  2.05606e-23
  1.78989e-23
  1.56003e-23
  1.36829e-23
  1.21306e-23
  1.02530e-23
  9.27242e-24
  8.49482e-24
  7.89400e-24
  7.42557e-24
  7.01416e-24
  6.71536e-24
  6.51653e-24
  6.39670e-24
  6.34779e-24
  6.35770e-24
  6.45410e-24
  6.60197e-24
  6.79929e-24
  7.04201e-24
  7.33076e-24
  7.66410e-24
  8.04393e-24
  8.47074e-24
  8.94755e-24
  9.48085e-24
  1.01244e-23
  1.08396e-23
  1.16276e-23
  1.24952e-23
  1.34486e-23
  1.44970e-23
  1.56478e-23
  1.69136e-23
  1.83028e-23
  1.98417e-23
  2.16148e-23
  2.35826e-23
  2.57470e-23
  2.81399e-23
  3.07728e-23
  3.36876e-23
  3.68967e-23
  4.04548e-23
  4.43749e-23
  4.87441e-23
  5.36944e-23
  5.92205e-23
  6.53275e-23
  7.21267e-23
  7.96501e-23
  8.80293e-23
  9.73132e-23
  1.07658e-22
  1.19134e-22
  1.31950e-22
   Cooling for Wiersma, Schaye and Smith (2008).
   Redshift = 1.0 log(T) = 2-8 K, log(dT) = 0.05, log(n_H) = -4 , [Z/Zsol] = 
-Inf
