 -1.97563e-23
 -1.89878e-23
 -1.81576e-23
 -1.73010e-23
 -1.64301e-23
 -1.55132e-23
 -1.45842e-23
 -1.36585e-23
 -1.27308e-23
 -1.18071e-23
 -1.08783e-23
 -9.97696e-24
 -9.09605e-24
 -8.23988e-24
 -7.41044e-24
 -6.61001e-24
 -5.83929e-24
 -5.09941e-24
 -4.39182e-24
 -3.71737e-24
 -3.07597e-24
 -2.25340e-24
 -1.65573e-24
 -1.09092e-24
 -5.57181e-25
 -5.00185e-26
  4.36412e-25
  9.10375e-25
  1.38141e-24
  1.86070e-24
  2.36319e-24
  2.90594e-24
  3.51182e-24
  4.22429e-24
  5.09766e-24
  6.17424e-24
  7.59044e-24
  9.50754e-24
  1.22362e-23
  1.59992e-23
  2.12472e-23
  2.78562e-23
  3.73055e-23
  5.07936e-23
  7.00124e-23
  9.51369e-23
  1.24584e-22
  1.53392e-22
  1.78486e-22
  2.03646e-22
  2.35713e-22
  2.80376e-22
  3.40972e-22
  4.18978e-22
  5.17615e-22
  6.40262e-22
  7.91876e-22
  9.69302e-22
  1.14764e-21
  1.29953e-21
  1.41624e-21
  1.45140e-21
  1.42080e-21
  1.42566e-21
  1.48373e-21
  1.53957e-21
  1.57322e-21
  1.60395e-21
  1.56445e-21
  1.31211e-21
  9.50553e-22
  7.19118e-22
  6.21903e-22
  5.93014e-22
  5.79776e-22
  5.51742e-22
  5.07761e-22
  4.79135e-22
  4.76755e-22
  4.85763e-22
  4.86984e-22
  4.72762e-22
  4.48224e-22
  4.15319e-22
  3.70791e-22
  3.12193e-22
  2.49685e-22
  1.97892e-22
  1.60393e-22
  1.32394e-22
  1.09930e-22
  9.31515e-23
  8.19184e-23
  7.51385e-23
  7.15969e-23
  7.02225e-23
  7.03766e-23
  7.15546e-23
  7.29745e-23
  7.37389e-23
  7.30878e-23
  7.05520e-23
  6.58020e-23
  5.92912e-23
  5.20574e-23
  4.54173e-23
  4.02365e-23
  3.65250e-23
  3.40707e-23
  3.24843e-23
  3.15885e-23
  3.13090e-23
  3.14441e-23
  3.18681e-23
  3.25447e-23
  3.34186e-23
  3.44702e-23
  3.56767e-23
  3.71062e-23
  3.84787e-23
  3.99492e-23
   Cooling for Wiersma, Schaye and Smith (2008).
   Redshift = 1.0 log(T) = 2-8 K, log(dT) = 0.05, log(n_H) = -1 , [Z/Zsol] = 
0.50
