 -1.98709e-24
 -1.91672e-24
 -1.83110e-24
 -1.73639e-24
 -1.63337e-24
 -1.52143e-24
 -1.40303e-24
 -1.27949e-24
 -1.15235e-24
 -1.02318e-24
 -8.92734e-25
 -7.64288e-25
 -6.38510e-25
 -5.16482e-25
 -3.99047e-25
 -2.86937e-25
 -1.80442e-25
 -7.99033e-26
  1.45920e-26
  1.02972e-25
  1.85295e-25
  2.77171e-25
  3.49129e-25
  4.15838e-25
  4.77607e-25
  5.35160e-25
  5.89377e-25
  6.42091e-25
  6.95709e-25
  7.54353e-25
  8.25791e-25
  9.20200e-25
  1.05261e-24
  1.25943e-24
  1.57145e-24
  2.04245e-24
  2.78217e-24
  3.91889e-24
  5.73096e-24
  8.54548e-24
  1.32987e-23
  2.15303e-23
  3.75263e-23
  6.81954e-23
  1.20640e-22
  1.74024e-22
  1.92598e-22
  1.91764e-22
  1.94791e-22
  2.09977e-22
  2.39748e-22
  2.84118e-22
  3.44152e-22
  4.21587e-22
  5.19666e-22
  6.41969e-22
  7.93803e-22
  9.72005e-22
  1.15062e-21
  1.30215e-21
  1.41853e-21
  1.45335e-21
  1.42226e-21
  1.42682e-21
  1.48481e-21
  1.54045e-21
  1.57381e-21
  1.60450e-21
  1.56513e-21
  1.31274e-21
  9.50914e-22
  7.19286e-22
  6.21989e-22
  5.93075e-22
  5.79842e-22
  5.51818e-22
  5.07826e-22
  4.79180e-22
  4.76790e-22
  4.85798e-22
  4.87023e-22
  4.72800e-22
  4.48262e-22
  4.15359e-22
  3.70835e-22
  3.12239e-22
  2.49730e-22
  1.97937e-22
  1.60439e-22
  1.32443e-22
  1.09982e-22
  9.32078e-23
  8.19802e-23
  7.52069e-23
  7.16731e-23
  7.03076e-23
  7.04718e-23
  7.16611e-23
  7.30939e-23
  7.38728e-23
  7.32385e-23
  7.07210e-23
  6.59917e-23
  5.95038e-23
  5.22960e-23
  4.56849e-23
  4.05795e-23
  3.69283e-23
  3.45410e-23
  3.30263e-23
  3.22058e-23
  3.20039e-23
  3.22182e-23
  3.27230e-23
  3.34825e-23
  3.44422e-23
  3.55850e-23
  3.68761e-23
  3.83004e-23
  3.98185e-23
  4.14527e-23
   Cooling for Wiersma, Schaye and Smith (2008).
   Redshift = 6.0 log(T) = 2-8 K, log(dT) = 0.05, log(n_H) = 0 , [Z/Zsol] = 0.50
