 -1.58130e-22
 -1.50884e-22
 -1.43933e-22
 -1.37371e-22
 -1.31088e-22
 -1.25006e-22
 -1.19201e-22
 -1.13647e-22
 -1.08264e-22
 -1.03020e-22
 -9.78999e-23
 -9.29343e-23
 -8.80991e-23
 -8.33780e-23
 -7.87789e-23
 -7.40591e-23
 -6.95584e-23
 -6.52758e-23
 -6.11875e-23
 -5.71653e-23
 -5.32201e-23
 -4.94527e-23
 -4.58550e-23
 -4.24962e-23
 -3.93203e-23
 -3.63296e-23
 -3.34538e-23
 -3.09741e-23
 -2.86752e-23
 -2.66208e-23
 -2.48924e-23
 -2.32697e-23
 -2.19380e-23
 -2.06609e-23
 -1.96094e-23
 -1.85678e-23
 -1.76546e-23
 -1.67495e-23
 -1.58939e-23
 -1.50040e-23
 -1.40371e-23
 -1.29505e-23
 -1.16011e-23
 -9.84614e-24
 -7.49217e-24
 -4.25652e-24
  2.34266e-25
  6.28080e-24
  1.45376e-23
  2.51296e-23
  3.92050e-23
  5.65741e-23
  7.78753e-23
  1.04093e-22
  1.35809e-22
  1.73615e-22
  2.17749e-22
  2.68169e-22
  3.24320e-22
  3.84704e-22
  4.46967e-22
  5.07438e-22
  5.62359e-22
  6.06145e-22
  6.34834e-22
  6.44352e-22
  6.38679e-22
  6.15211e-22
  5.82767e-22
  5.41489e-22
  5.02283e-22
  4.74579e-22
  4.57290e-22
  4.42178e-22
  4.27047e-22
  4.13708e-22
  4.08111e-22
  4.13696e-22
  4.23717e-22
  4.30993e-22
  4.33370e-22
  4.21083e-22
  4.00962e-22
  3.65961e-22
  3.16154e-22
  2.59256e-22
  2.06233e-22
  1.66814e-22
  1.38822e-22
  1.19253e-22
  1.03869e-22
  9.22348e-23
  8.44349e-23
  7.93257e-23
  7.65985e-23
  7.72499e-23
  7.82546e-23
  8.10781e-23
  8.53884e-23
  9.09732e-23
  9.72904e-23
  1.04040e-22
  1.10401e-22
  1.16756e-22
  1.23902e-22
  1.31801e-22
  1.41396e-22
  1.52966e-22
  1.66802e-22
  1.82805e-22
  2.01332e-22
  2.22554e-22
  2.46687e-22
  2.73815e-22
  3.04477e-22
  3.38785e-22
  3.77448e-22
  4.20669e-22
  4.69226e-22
  5.23458e-22
  5.84334e-22
   Cooling for Wiersma, Schaye and Smith (2008).
   Redshift = 2.0 log(T) = 2-8 K, log(dT) = 0.05, log(n_H) = -4 , [Z/Zsol] = 
0.50
