 -6.28277e-23
 -5.85688e-23
 -5.44280e-23
 -5.04285e-23
 -4.65527e-23
 -4.27432e-23
 -3.90936e-23
 -3.56093e-23
 -3.22497e-23
 -2.90751e-23
 -2.60336e-23
 -2.30593e-23
 -2.03009e-23
 -1.77951e-23
 -1.54026e-23
 -1.31137e-23
 -1.10313e-23
 -9.15567e-24
 -7.40413e-24
 -5.78163e-24
 -4.34254e-24
 -2.93195e-24
 -1.78528e-24
 -7.49554e-25
  1.63577e-25
  9.41566e-25
  1.58621e-24
  2.14843e-24
  2.64264e-24
  3.08106e-24
  3.48236e-24
  3.86250e-24
  4.24096e-24
  4.67752e-24
  5.27155e-24
  5.99630e-24
  6.95083e-24
  8.24933e-24
  1.00191e-23
  1.23648e-23
  1.55000e-23
  1.95566e-23
  2.49117e-23
  3.19121e-23
  4.12797e-23
  5.36860e-23
  7.02616e-23
  9.20134e-23
  1.20503e-22
  1.56733e-22
  2.01618e-22
  2.55970e-22
  3.21843e-22
  4.01391e-22
  4.97874e-22
  6.14479e-22
  7.54033e-22
  9.14773e-22
  1.08498e-21
  1.24279e-21
  1.36323e-21
  1.40529e-21
  1.38895e-21
  1.40143e-21
  1.46196e-21
  1.52105e-21
  1.55909e-21
  1.58918e-21
  1.54598e-21
  1.29532e-21
  9.41226e-22
  7.14981e-22
  6.19916e-22
  5.91614e-22
  5.78245e-22
  5.50032e-22
  5.06398e-22
  4.78338e-22
  4.76240e-22
  4.85290e-22
  4.86512e-22
  4.72331e-22
  4.47853e-22
  4.14950e-22
  3.70379e-22
  3.11758e-22
  2.49288e-22
  1.97479e-22
  1.59802e-22
  1.31378e-22
  1.08973e-22
  9.32028e-23
  8.19933e-23
  7.53122e-23
  7.18408e-23
  7.05094e-23
  7.07081e-23
  7.19328e-23
  7.34023e-23
  7.42202e-23
  7.35954e-23
  7.11227e-23
  6.64433e-23
  6.00120e-23
  5.28696e-23
  4.63331e-23
  4.12691e-23
  3.76877e-23
  3.53793e-23
  3.39553e-23
  3.32421e-23
  3.31663e-23
  3.35308e-23
  3.42111e-23
  3.51765e-23
  3.63733e-23
  3.77885e-23
  3.93878e-23
  4.11602e-23
  4.30668e-23
  4.51350e-23
   Cooling for Wiersma, Schaye and Smith (2008).
   Redshift = 2.0 log(T) = 2-8 K, log(dT) = 0.05, log(n_H) = -2 , [Z/Zsol] = 
0.50
