 -6.72795e-23
 -6.25267e-23
 -5.79959e-23
 -5.35918e-23
 -4.93762e-23
 -4.53651e-23
 -4.15386e-23
 -3.79679e-23
 -3.45282e-23
 -3.12357e-23
 -2.82178e-23
 -2.53130e-23
 -2.25946e-23
 -2.00796e-23
 -1.76737e-23
 -1.55063e-23
 -1.34822e-23
 -1.15806e-23
 -9.89332e-24
 -8.32302e-24
 -6.89662e-24
 -5.57996e-24
 -4.40702e-24
 -3.37384e-24
 -2.48140e-24
 -1.65240e-24
 -9.05713e-25
 -2.47309e-25
  3.19344e-25
  8.27571e-25
  1.28605e-24
  1.71726e-24
  2.15745e-24
  2.62279e-24
  3.16753e-24
  3.81816e-24
  4.66835e-24
  5.79686e-24
  7.32491e-24
  9.34457e-24
  1.19473e-23
  1.52244e-23
  1.95213e-23
  2.51026e-23
  3.26091e-23
  4.25526e-23
  5.58194e-23
  7.32409e-23
  9.62762e-23
  1.26357e-22
  1.65246e-22
  2.14204e-22
  2.74828e-22
  3.48106e-22
  4.35539e-22
  5.38365e-22
  6.58876e-22
  7.97544e-22
  9.49520e-22
  1.09816e-21
  1.21586e-21
  1.27435e-21
  1.29045e-21
  1.32418e-21
  1.39032e-21
  1.45905e-21
  1.50848e-21
  1.53530e-21
  1.48150e-21
  1.23866e-21
  9.10059e-22
  7.00708e-22
  6.12570e-22
  5.85701e-22
  5.72273e-22
  5.43328e-22
  5.01028e-22
  4.75074e-22
  4.73978e-22
  4.83037e-22
  4.84263e-22
  4.70160e-22
  4.45833e-22
  4.12808e-22
  3.68019e-22
  3.09647e-22
  2.47684e-22
  1.96179e-22
  1.58724e-22
  1.30305e-22
  1.06952e-22
  8.87349e-23
  7.56145e-23
  6.75798e-23
  6.20250e-23
  5.85492e-23
  5.62975e-23
  5.64842e-23
  5.66701e-23
  5.69260e-23
  5.69174e-23
  5.68832e-23
  5.53336e-23
  5.22534e-23
  4.77367e-23
  4.33433e-23
  4.00633e-23
  3.77909e-23
  3.61123e-23
  3.51361e-23
  3.47715e-23
  3.48041e-23
  3.55137e-23
  3.65361e-23
  3.78544e-23
  3.94247e-23
  4.12441e-23
  4.32600e-23
  4.55242e-23
  4.79740e-23
  5.06467e-23
   Cooling for Wiersma, Schaye and Smith (2008).
   Redshift = 1.0 log(T) = 2-8 K, log(dT) = 0.05, log(n_H) = -3 , [Z/Zsol] = 
0.50
