 -1.06869e-22
 -1.01717e-22
 -9.69410e-23
 -9.23741e-23
 -8.81225e-23
 -8.40968e-23
 -8.02820e-23
 -7.67172e-23
 -7.32907e-23
 -7.00929e-23
 -6.70647e-23
 -6.41646e-23
 -6.13998e-23
 -5.87821e-23
 -5.62914e-23
 -5.39140e-23
 -5.16397e-23
 -4.94517e-23
 -4.73444e-23
 -4.53287e-23
 -4.33985e-23
 -4.15382e-23
 -3.97441e-23
 -3.80044e-23
 -3.63244e-23
 -3.46922e-23
 -3.31198e-23
 -3.15987e-23
 -3.01172e-23
 -2.86773e-23
 -2.72895e-23
 -2.59432e-23
 -2.46309e-23
 -2.33561e-23
 -2.21295e-23
 -2.09406e-23
 -1.97839e-23
 -1.86634e-23
 -1.75819e-23
 -1.65425e-23
 -1.55402e-23
 -1.45701e-23
 -1.36297e-23
 -1.27227e-23
 -1.18547e-23
 -1.10171e-23
 -1.02070e-23
 -9.41946e-24
 -8.64800e-24
 -7.88957e-24
 -7.14026e-24
 -6.38321e-24
 -5.58299e-24
 -4.67322e-24
 -3.47165e-24
 -1.64432e-24
  1.34672e-24
  6.16930e-24
  1.31689e-23
  2.14933e-23
  2.85560e-23
  3.17036e-23
  3.08643e-23
  2.76678e-23
  2.38412e-23
  2.02869e-23
  1.72353e-23
  1.47612e-23
  1.27668e-23
  1.11862e-23
  9.45710e-24
  8.46387e-24
  7.67656e-24
  7.06043e-24
  6.57269e-24
  6.13259e-24
  5.79504e-24
  5.54864e-24
  5.36710e-24
  5.24208e-24
  5.16035e-24
  5.14713e-24
  5.16980e-24
  5.22727e-24
  5.31590e-24
  5.43393e-24
  5.57805e-24
  5.74658e-24
  5.93740e-24
  6.14954e-24
  6.38623e-24
  6.69699e-24
  7.03883e-24
  7.40811e-24
  7.80558e-24
  8.23204e-24
  8.68877e-24
  9.17644e-24
  9.69697e-24
  1.02514e-23
  1.08513e-23
  1.15731e-23
  1.23576e-23
  1.31982e-23
  1.41007e-23
  1.50675e-23
  1.61058e-23
  1.72183e-23
  1.84136e-23
  1.96953e-23
  2.10894e-23
  2.27182e-23
  2.44990e-23
  2.64233e-23
  2.85089e-23
  3.07649e-23
  3.32118e-23
  3.58624e-23
  3.87406e-23
  4.18635e-23
  4.52828e-23
   Cooling for Wiersma, Schaye and Smith (2008).
   11 < z < 9.89 (highz) log(T) = 2-8 K, log(dT) = 0.05, log(n_H) = -5
 , [Z/Zsol] = -3.0
