 -9.82470e-24
 -9.67236e-24
 -9.50334e-24
 -9.33084e-24
 -9.15522e-24
 -8.97633e-24
 -8.79443e-24
 -8.60943e-24
 -8.42157e-24
 -8.23083e-24
 -8.03743e-24
 -7.84133e-24
 -7.64282e-24
 -7.44196e-24
 -7.23898e-24
 -7.03400e-24
 -6.82724e-24
 -6.61886e-24
 -6.40910e-24
 -6.19814e-24
 -5.98655e-24
 -5.77420e-24
 -5.56537e-24
 -5.35053e-24
 -5.13655e-24
 -4.92281e-24
 -4.70952e-24
 -4.49701e-24
 -4.28560e-24
 -4.07554e-24
 -3.86707e-24
 -3.65991e-24
 -3.45484e-24
 -3.25204e-24
 -3.05191e-24
 -2.85442e-24
 -2.66064e-24
 -2.46503e-24
 -2.25062e-24
 -1.95249e-24
 -1.32074e-24
  2.56874e-25
  4.44500e-24
  1.40113e-23
  3.30046e-23
  5.94599e-23
  7.91593e-23
  8.05637e-23
  6.97948e-23
  5.71301e-23
  4.66444e-23
  3.86523e-23
  3.24062e-23
  2.83068e-23
  2.75632e-23
  3.29699e-23
  4.81345e-23
  7.14533e-23
  8.90142e-23
  8.81001e-23
  7.50783e-23
  6.01499e-23
  4.74935e-23
  3.77890e-23
  3.05073e-23
  2.50658e-23
  2.09294e-23
  1.77912e-23
  1.53310e-23
  1.33548e-23
  1.09075e-23
  9.69492e-24
  8.76411e-24
  8.05574e-24
  7.49833e-24
  7.00135e-24
  6.61629e-24
  6.33751e-24
  6.14506e-24
  6.02411e-24
  5.95504e-24
  5.96124e-24
  6.00820e-24
  6.09269e-24
  6.20842e-24
  6.35324e-24
  6.52754e-24
  6.73556e-24
  6.97716e-24
  7.25117e-24
  7.56048e-24
  7.95581e-24
  8.39532e-24
  8.87633e-24
  9.40087e-24
  9.97080e-24
  1.05894e-23
  1.12589e-23
  1.19843e-23
  1.27681e-23
  1.36260e-23
  1.46362e-23
  1.57456e-23
  1.69491e-23
  1.82608e-23
  1.96850e-23
  2.12398e-23
  2.29293e-23
  2.47764e-23
  2.67851e-23
  2.90007e-23
  3.15452e-23
  3.43606e-23
  3.74385e-23
  4.08262e-23
  4.45354e-23
  4.86213e-23
  5.31023e-23
  5.80432e-23
  6.34716e-23
  6.94869e-23
   Cooling for Wiersma, Schaye and Smith (2008).
   Redshift = 8.0 log(T) = 2-8 K, log(dT) = 0.05, log(n_H) = -1 , [Z/Zsol] = 
-3.0
