 -5.06281e-23
 -4.74494e-23
 -4.43234e-23
 -4.12834e-23
 -3.83208e-23
 -3.53818e-23
 -3.25492e-23
 -2.98446e-23
 -2.72352e-23
 -2.47292e-23
 -2.22802e-23
 -1.99779e-23
 -1.77840e-23
 -1.57037e-23
 -1.37347e-23
 -1.18762e-23
 -1.01284e-23
 -8.49056e-24
 -6.96802e-24
 -5.55833e-24
 -4.26128e-24
 -2.74513e-24
 -1.64533e-24
 -6.53582e-25
  2.30630e-25
  1.01175e-24
  1.69543e-24
  2.29439e-24
  2.81937e-24
  3.28758e-24
  3.71461e-24
  4.12696e-24
  4.55038e-24
  5.02480e-24
  5.64037e-24
  6.37886e-24
  7.34522e-24
  8.68283e-24
  1.05708e-23
  1.31459e-23
  1.66586e-23
  2.12267e-23
  2.73291e-23
  3.53082e-23
  4.59150e-23
  5.98591e-23
  7.81323e-23
  1.01707e-22
  1.31901e-22
  1.68835e-22
  2.12700e-22
  2.64714e-22
  3.28304e-22
  4.07271e-22
  5.05695e-22
  6.26621e-22
  7.73833e-22
  9.44435e-22
  1.11997e-21
  1.27508e-21
  1.39392e-21
  1.43218e-21
  1.40690e-21
  1.41452e-21
  1.47305e-21
  1.53067e-21
  1.56679e-21
  1.59760e-21
  1.55663e-21
  1.30499e-21
  9.46472e-22
  7.17262e-22
  6.20983e-22
  5.92298e-22
  5.78990e-22
  5.50870e-22
  5.07057e-22
  4.78684e-22
  4.76418e-22
  4.85439e-22
  4.86709e-22
  4.72505e-22
  4.47996e-22
  4.15096e-22
  3.70553e-22
  3.11944e-22
  2.49436e-22
  1.97584e-22
  1.59852e-22
  1.31381e-22
  1.08910e-22
  9.30938e-23
  8.18458e-23
  7.51307e-23
  7.16268e-23
  7.02625e-23
  7.04263e-23
  7.16137e-23
  7.30431e-23
  7.38175e-23
  7.31773e-23
  7.06532e-23
  6.59163e-23
  5.94203e-23
  5.22041e-23
  4.55840e-23
  4.04256e-23
  3.67388e-23
  3.43119e-23
  3.27557e-23
  3.18937e-23
  3.16519e-23
  3.18293e-23
  3.23004e-23
  3.30302e-23
  3.39634e-23
  3.50818e-23
  3.63489e-23
  3.77474e-23
  3.92354e-23
  4.08327e-23
   Cooling for Wiersma, Schaye and Smith (2008).
   Redshift = 1.0 log(T) = 2-8 K, log(dT) = 0.05, log(n_H) = -2 , [Z/Zsol] = 
0.50
