 -3.51453e-24
 -3.45534e-24
 -3.38784e-24
 -3.31469e-24
 -3.23628e-24
 -3.15202e-24
 -3.06309e-24
 -2.97004e-24
 -2.87352e-24
 -2.77415e-24
 -2.67229e-24
 -2.56955e-24
 -2.46622e-24
 -2.36282e-24
 -2.25971e-24
 -2.15718e-24
 -2.05521e-24
 -1.95374e-24
 -1.85278e-24
 -1.75217e-24
 -1.65185e-24
 -1.54264e-24
 -1.44179e-24
 -1.34058e-24
 -1.23830e-24
 -1.13388e-24
 -1.02548e-24
 -9.10952e-25
 -7.87195e-25
 -6.51259e-25
 -4.98393e-25
 -3.24299e-25
 -1.22986e-25
  1.17144e-25
  4.06177e-25
  7.61404e-25
  1.22025e-24
  1.83140e-24
  2.71982e-24
  4.05691e-24
  6.40671e-24
  1.08350e-23
  2.04922e-23
  4.03062e-23
  7.57398e-23
  1.14934e-22
  1.29974e-22
  1.23130e-22
  1.12505e-22
  1.07193e-22
  1.09037e-22
  1.17185e-22
  1.31438e-22
  1.52864e-22
  1.83158e-22
  2.25365e-22
  2.83753e-22
  3.55971e-22
  4.24425e-22
  4.71663e-22
  4.99579e-22
  5.00404e-22
  4.81898e-22
  4.76702e-22
  4.90047e-22
  5.03906e-22
  5.11621e-22
  5.19175e-22
  5.05047e-22
  4.23922e-22
  3.07883e-22
  2.33837e-22
  2.02437e-22
  1.92800e-22
  1.88221e-22
  1.79007e-22
  1.64820e-22
  1.55552e-22
  1.54639e-22
  1.57374e-22
  1.57681e-22
  1.53154e-22
  1.45391e-22
  1.35005e-22
  1.20963e-22
  1.02487e-22
  8.27879e-23
  6.64898e-23
  5.47230e-23
  4.59715e-23
  3.89820e-23
  3.38360e-23
  3.04590e-23
  2.85022e-23
  2.75812e-23
  2.73566e-23
  2.76263e-23
  2.82300e-23
  2.89204e-23
  2.94131e-23
  2.94737e-23
  2.90047e-23
  2.78590e-23
  2.61733e-23
  2.42765e-23
  2.25841e-23
  2.13842e-23
  2.06593e-23
  2.03498e-23
  2.03305e-23
  2.05561e-23
  2.10813e-23
  2.17773e-23
  2.25922e-23
  2.35165e-23
  2.45310e-23
  2.56317e-23
  2.68055e-23
  2.80484e-23
  2.93460e-23
  3.07211e-23
   Cooling for Wiersma, Schaye and Smith (2008).
   Redshift = 1.0 log(T) = 2-8 K, log(dT) = 0.05, log(n_H) = 0 , [Z/Zsol] = 0.0
