 -9.86909e-22
 -9.53519e-22
 -9.22440e-22
 -8.93004e-22
 -8.66288e-22
 -8.42913e-22
 -8.21576e-22
 -8.01399e-22
 -7.81749e-22
 -7.61736e-22
 -7.41342e-22
 -7.20574e-22
 -6.99782e-22
 -6.78922e-22
 -6.58263e-22
 -6.37406e-22
 -6.16820e-22
 -5.96974e-22
 -5.77983e-22
 -5.58864e-22
 -5.40938e-22
 -5.23068e-22
 -5.05115e-22
 -4.88218e-22
 -4.70884e-22
 -4.54510e-22
 -4.38134e-22
 -4.22540e-22
 -4.07087e-22
 -3.92482e-22
 -3.78236e-22
 -3.64532e-22
 -3.51997e-22
 -3.39498e-22
 -3.27838e-22
 -3.16555e-22
 -3.05330e-22
 -2.94440e-22
 -2.83946e-22
 -2.73214e-22
 -2.62633e-22
 -2.52052e-22
 -2.41613e-22
 -2.30955e-22
 -2.20052e-22
 -2.08851e-22
 -1.97204e-22
 -1.85048e-22
 -1.72376e-22
 -1.59468e-22
 -1.46440e-22
 -1.33622e-22
 -1.21505e-22
 -1.10351e-22
 -1.00482e-22
 -9.17900e-23
 -8.41012e-23
 -7.70975e-23
 -7.04994e-23
 -6.40881e-23
 -5.76387e-23
 -5.11451e-23
 -4.46964e-23
 -3.91857e-23
 -3.43199e-23
 -3.09139e-23
 -2.83342e-23
 -2.63580e-23
 -2.48062e-23
 -2.35459e-23
 -2.24662e-23
 -2.15655e-23
 -2.06695e-23
 -1.97092e-23
 -1.86106e-23
 -1.64244e-23
 -1.51678e-23
 -1.37896e-23
 -1.20400e-23
 -1.04357e-23
 -8.76880e-24
 -7.03615e-24
 -4.19246e-24
 -2.57018e-24
 -1.02909e-24
  4.11365e-25
  1.74736e-24
  2.97956e-24
  4.12191e-24
  5.19406e-24
  6.22263e-24
  7.28927e-24
  8.35485e-24
  9.42022e-24
  1.04868e-23
  1.15584e-23
  1.25288e-23
  1.36696e-23
  1.48290e-23
  1.60063e-23
  1.71861e-23
  1.87366e-23
  2.04242e-23
  2.22515e-23
  2.42470e-23
  2.63769e-23
  2.87612e-23
  3.13617e-23
  3.42120e-23
  3.73259e-23
  4.07731e-23
  4.47121e-23
  4.90651e-23
  5.38563e-23
  5.91327e-23
  6.49135e-23
  7.12777e-23
  7.82563e-23
  8.59418e-23
  9.43690e-23
  1.03696e-22
   Cooling for Wiersma, Schaye and Smith (2008).
   11 < z < 9.89 (highz) log(T) = 2-8 K, log(dT) = 0.05, log(n_H) = -6
 , [Z/Zsol] = 0.50
