  2.57788e-35
  3.98177e-35
  5.71392e-35
  7.82950e-35
  1.04104e-34
  1.35167e-34
  1.72396e-34
  2.17080e-34
  2.70359e-34
  3.33748e-34
  4.08961e-34
  4.97814e-34
  6.03109e-34
  7.27284e-34
  8.73694e-34
  1.04604e-33
  1.25415e-33
  1.49794e-33
  1.76134e-33
  2.04398e-33
  2.47797e-33
  2.85901e-33
  3.38414e-33
  4.14589e-33
  4.83294e-33
  5.85010e-33
  6.68646e-33
  8.17451e-33
  9.20212e-33
  1.12710e-32
  1.25669e-32
  1.52650e-32
  1.72742e-32
  1.62245e-32
  3.35731e-32
  2.38637e-31
  1.88315e-30
  1.10170e-29
  7.80097e-29
  6.45165e-28
  1.13497e-26
  1.92243e-25
  2.99081e-24
  2.37727e-23
  8.53774e-23
  1.29761e-22
  1.21752e-22
  9.75267e-23
  7.67017e-23
  6.23502e-23
  5.16452e-23
  4.24746e-23
  3.51242e-23
  3.05188e-23
  2.97115e-23
  3.52289e-23
  5.05920e-23
  7.42115e-23
  9.21280e-23
  9.16100e-23
  7.90365e-23
  6.46365e-23
  5.25924e-23
  4.35599e-23
  3.70191e-23
  3.24088e-23
  2.92152e-23
  2.71377e-23
  2.58913e-23
  2.53432e-23
  2.45230e-23
  2.50813e-23
  2.60865e-23
  2.75250e-23
  2.93706e-23
  3.15739e-23
  3.42227e-23
  3.73414e-23
  4.09518e-23
  4.50938e-23
  4.98109e-23
  5.51921e-23
  6.12727e-23
  6.81286e-23
  7.58446e-23
  8.45197e-23
  9.42642e-23
  1.05204e-22
  1.17481e-22
  1.31254e-22
  1.46707e-22
  1.64091e-22
  1.83589e-22
  2.05453e-22
  2.29968e-22
  2.57455e-22
  2.88274e-22
  3.22830e-22
  3.61575e-22
  4.05019e-22
  4.53742e-22
  5.08459e-22
  5.69828e-22
  6.38646e-22
  7.15820e-22
  8.02365e-22
  8.99424e-22
  1.00827e-21
  1.13035e-21
  1.26726e-21
  1.42084e-21
  1.59322e-21
  1.78659e-21
  2.00347e-21
  2.24675e-21
  2.51963e-21
  2.82572e-21
  3.16906e-21
  3.55421e-21
  3.98624e-21
  4.47090e-21
   Cooling for Wiersma, Schaye and Smith (2008).
   z > 11 (photodis) log(T) = 2-8 K, log(dT) = 0.05, log(n_H) = -4 , [Z/Zsol] = 
-Inf
