 -1.54449e-22
 -1.47059e-22
 -1.39963e-22
 -1.33233e-22
 -1.26722e-22
 -1.20540e-22
 -1.14620e-22
 -1.08962e-22
 -1.03502e-22
 -9.82663e-23
 -9.32357e-23
 -8.84318e-23
 -8.38257e-23
 -7.93966e-23
 -7.51401e-23
 -7.10434e-23
 -6.71157e-23
 -6.33657e-23
 -5.97808e-23
 -5.63379e-23
 -5.30291e-23
 -4.98371e-23
 -4.68254e-23
 -4.39335e-23
 -4.11416e-23
 -3.84940e-23
 -3.59432e-23
 -3.34954e-23
 -3.11542e-23
 -2.89036e-23
 -2.67239e-23
 -2.46251e-23
 -2.25736e-23
 -2.05929e-23
 -1.86348e-23
 -1.67154e-23
 -1.48109e-23
 -1.29046e-23
 -1.10009e-23
 -9.06237e-24
 -7.08444e-24
 -5.05330e-24
 -2.94419e-24
 -7.44754e-25
  1.57106e-24
  4.02345e-24
  6.64067e-24
  9.44222e-24
  1.24728e-23
  1.57612e-23
  1.93446e-23
  2.32664e-23
  2.75922e-23
  3.23669e-23
  3.76665e-23
  4.36121e-23
  5.03864e-23
  5.81497e-23
  6.71329e-23
  7.75690e-23
  8.95048e-23
  1.02844e-22
  1.17257e-22
  1.32245e-22
  1.47784e-22
  1.64165e-22
  1.81937e-22
  2.01761e-22
  2.24064e-22
  2.49380e-22
  2.77744e-22
  3.10169e-22
  3.46755e-22
  3.87892e-22
  4.33886e-22
  4.85577e-22
  5.43370e-22
  6.08601e-22
  6.81655e-22
  7.64037e-22
  8.56296e-22
  9.60227e-22
  1.07661e-21
  1.20754e-21
  1.35419e-21
  1.51907e-21
  1.70389e-21
  1.91145e-21
  2.14409e-21
  2.40533e-21
  2.69829e-21
  3.02713e-21
  3.39607e-21
  3.80994e-21
  4.27450e-21
  4.79537e-21
  5.38031e-21
  6.03582e-21
  6.77230e-21
  7.59722e-21
  8.52453e-21
  9.56275e-21
  1.07304e-20
  1.20371e-20
  1.35074e-20
  1.51519e-20
  1.70032e-20
  1.90729e-20
  2.14040e-20
  2.40087e-20
  2.69440e-20
  3.02233e-20
  3.39185e-20
  3.80479e-20
  4.26984e-20
  4.78983e-20
  5.37513e-20
  6.02990e-20
  6.76656e-20
  7.59104e-20
  8.51817e-20
   Cooling for Wiersma, Schaye and Smith (2008).
   Redshift = 5.0 log(T) = 2-8 K, log(dT) = 0.05, log(n_H) = -5 , [Z/Zsol] = 
-1.0
