 -1.50948e-22
 -1.45198e-22
 -1.39811e-22
 -1.34697e-22
 -1.29836e-22
 -1.25240e-22
 -1.20836e-22
 -1.16651e-22
 -1.12649e-22
 -1.08699e-22
 -1.04985e-22
 -1.01367e-22
 -9.78461e-23
 -9.43627e-23
 -9.09239e-23
 -8.74920e-23
 -8.41472e-23
 -8.08483e-23
 -7.75643e-23
 -7.42452e-23
 -7.08547e-23
 -6.74658e-23
 -6.40541e-23
 -6.05752e-23
 -5.70111e-23
 -5.33540e-23
 -4.95622e-23
 -4.56863e-23
 -4.16909e-23
 -3.75516e-23
 -3.32315e-23
 -2.87203e-23
 -2.39653e-23
 -1.89416e-23
 -1.36100e-23
 -7.93519e-24
 -1.79232e-24
  4.82658e-24
  1.19767e-23
  1.97418e-23
  2.83495e-23
  3.77907e-23
  4.81759e-23
  5.96555e-23
  7.24683e-23
  8.66081e-23
  1.02454e-22
  1.20133e-22
  1.39968e-22
  1.62131e-22
  1.87128e-22
  2.14960e-22
  2.46443e-22
  2.81657e-22
  3.21544e-22
  3.66771e-22
  4.18563e-22
  4.77941e-22
  5.45907e-22
  6.22584e-22
  7.05040e-22
  7.92717e-22
  8.85354e-22
  9.86421e-22
  1.09753e-21
  1.22313e-21
  1.36282e-21
  1.52070e-21
  1.69745e-21
  1.89681e-21
  2.12000e-21
  2.37153e-21
  2.65801e-21
  2.98055e-21
  3.34330e-21
  3.75239e-21
  4.20690e-21
  4.71711e-21
  5.28229e-21
  5.91505e-21
  6.61884e-21
  7.40664e-21
  8.28758e-21
  9.28090e-21
  1.03968e-20
  1.16548e-20
  1.30669e-20
  1.46555e-20
  1.64375e-20
  1.84396e-20
  2.06856e-20
  2.32067e-20
  2.60357e-20
  2.92096e-20
  3.27726e-20
  3.67679e-20
  4.12552e-20
  4.62842e-20
  5.19348e-20
  5.83133e-20
  6.54436e-20
  7.34172e-20
  8.23849e-20
  9.24200e-20
  1.03712e-19
  1.16342e-19
  1.30562e-19
  1.46459e-19
  1.64364e-19
  1.84372e-19
  2.06919e-19
  2.32108e-19
  2.60492e-19
  2.92212e-19
  3.27936e-19
  3.67879e-19
  4.12841e-19
  4.63140e-19
  5.19730e-19
  5.83067e-19
  6.54291e-19
   Cooling for Wiersma, Schaye and Smith (2008).
   Redshift = 9.0 log(T) = 2-8 K, log(dT) = 0.05, log(n_H) = -5 , [Z/Zsol] = 0.0
