 -5.82048e-23
 -5.49386e-23
 -5.17686e-23
 -4.87473e-23
 -4.58620e-23
 -4.31187e-23
 -4.05055e-23
 -3.80262e-23
 -3.56701e-23
 -3.34392e-23
 -3.13239e-23
 -2.93243e-23
 -2.74323e-23
 -2.56467e-23
 -2.39606e-23
 -2.23715e-23
 -2.08669e-23
 -1.94619e-23
 -1.81337e-23
 -1.68795e-23
 -1.57085e-23
 -1.46132e-23
 -1.35787e-23
 -1.26041e-23
 -1.16957e-23
 -1.08455e-23
 -1.00448e-23
 -9.29238e-24
 -8.59238e-24
 -7.93205e-24
 -7.31681e-24
 -6.73922e-24
 -6.20051e-24
 -5.69473e-24
 -5.22073e-24
 -4.77427e-24
 -4.36107e-24
 -3.97323e-24
 -3.60557e-24
 -3.26018e-24
 -2.92008e-24
 -2.55676e-24
 -2.10418e-24
 -1.43858e-24
 -3.19394e-25
  1.56374e-24
  4.62846e-24
  9.04836e-24
  1.44386e-23
  1.94736e-23
  2.26433e-23
  2.34880e-23
  2.27355e-23
  2.19173e-23
  2.30430e-23
  2.89871e-23
  4.33302e-23
  6.54185e-23
  8.34475e-23
  8.45894e-23
  7.32050e-23
  5.90731e-23
  4.67672e-23
  3.72017e-23
  2.99640e-23
  2.45341e-23
  2.04023e-23
  1.72625e-23
  1.48195e-23
  1.29258e-23
  1.05970e-23
  9.45801e-24
  8.55793e-24
  7.85833e-24
  7.30448e-24
  6.81546e-24
  6.44319e-24
  6.17212e-24
  5.97888e-24
  5.85329e-24
  5.78179e-24
  5.79019e-24
  5.84232e-24
  5.93427e-24
  6.06079e-24
  6.22042e-24
  6.41030e-24
  6.62999e-24
  6.87816e-24
  7.15507e-24
  7.46481e-24
  7.85796e-24
  8.29261e-24
  8.76633e-24
  9.28139e-24
  9.83985e-24
  1.04450e-23
  1.10992e-23
  1.18072e-23
  1.25719e-23
  1.34088e-23
  1.43960e-23
  1.54801e-23
  1.66557e-23
  1.79360e-23
  1.93246e-23
  2.08386e-23
  2.24817e-23
  2.42760e-23
  2.62253e-23
  2.83738e-23
  3.08430e-23
  3.35734e-23
  3.65563e-23
  3.98369e-23
  4.34262e-23
  4.73772e-23
  5.17071e-23
  5.64781e-23
  6.17163e-23
  6.75177e-23
   Cooling for Wiersma, Schaye and Smith (2008).
   Redshift = 4.0 log(T) = 2-8 K, log(dT) = 0.05, log(n_H) = -2 , [Z/Zsol] = 
-Inf
