 -1.07718e-24
 -1.07142e-24
 -1.06528e-24
 -1.05886e-24
 -1.05217e-24
 -1.04519e-24
 -1.03793e-24
 -1.03038e-24
 -1.02256e-24
 -1.01444e-24
 -1.00604e-24
 -9.97337e-25
 -9.88351e-25
 -9.79061e-25
 -9.69467e-25
 -9.59550e-25
 -9.49298e-25
 -9.38694e-25
 -9.27717e-25
 -9.16341e-25
 -9.04541e-25
 -8.92194e-25
 -8.79427e-25
 -8.66147e-25
 -8.52313e-25
 -8.37900e-25
 -8.22834e-25
 -8.07100e-25
 -7.90619e-25
 -7.73350e-25
 -7.55141e-25
 -7.35822e-25
 -7.15263e-25
 -6.93204e-25
 -6.69304e-25
 -6.43072e-25
 -6.13968e-25
 -5.73283e-25
 -4.86834e-25
 -2.28306e-25
  7.20754e-25
  3.72264e-24
  1.28029e-23
  3.54102e-23
  7.98388e-23
  1.19331e-22
  1.18168e-22
  9.71976e-23
  7.68074e-23
  6.21383e-23
  5.15833e-23
  4.30691e-23
  3.64411e-23
  3.25649e-23
  3.25240e-23
  3.89511e-23
  5.53149e-23
  7.99924e-23
  9.90704e-23
  9.95196e-23
  8.78874e-23
  7.35383e-23
  6.07523e-23
  5.12014e-23
  4.45441e-23
  3.96927e-23
  3.59140e-23
  3.30970e-23
  3.02718e-23
  2.58610e-23
  1.99220e-23
  1.64658e-23
  1.45892e-23
  1.35935e-23
  1.28976e-23
  1.21162e-23
  1.12888e-23
  1.07129e-23
  1.04741e-23
  1.04135e-23
  1.03255e-23
  1.01584e-23
  9.92763e-24
  9.64799e-24
  9.28144e-24
  8.80116e-24
  8.30545e-24
  7.93914e-24
  7.73605e-24
  7.64736e-24
  7.63648e-24
  7.75368e-24
  7.95473e-24
  8.22477e-24
  8.55202e-24
  8.92613e-24
  9.34135e-24
  9.79311e-24
  1.02748e-23
  1.07781e-23
  1.13060e-23
  1.19292e-23
  1.25846e-23
  1.32695e-23
  1.39983e-23
  1.47858e-23
  1.56460e-23
  1.65804e-23
  1.75929e-23
  1.86824e-23
  1.98692e-23
  2.12728e-23
  2.28049e-23
  2.44545e-23
  2.62335e-23
  2.81487e-23
  3.02136e-23
  3.24378e-23
  3.48371e-23
  3.74244e-23
  4.02418e-23
   Cooling for Wiersma, Schaye and Smith (2008).
   11 < z < 9.89 (highz) log(T) = 2-8 K, log(dT) = 0.05, log(n_H) = 0
 , [Z/Zsol] = -1.5
