 -6.53349e-23
 -6.08881e-23
 -5.65736e-23
 -5.24124e-23
 -4.83861e-23
 -4.44385e-23
 -4.07718e-23
 -3.70267e-23
 -3.35087e-23
 -3.03377e-23
 -2.72196e-23
 -2.41711e-23
 -2.13531e-23
 -1.88013e-23
 -1.63702e-23
 -1.40501e-23
 -1.19457e-23
 -1.00476e-23
 -8.24031e-24
 -6.64955e-24
 -5.24216e-24
 -3.83750e-24
 -2.68551e-24
 -1.66282e-24
 -7.73671e-25
 -2.52991e-26
  6.50831e-25
  1.18654e-24
  1.66520e-24
  2.08246e-24
  2.45644e-24
  2.81558e-24
  3.18917e-24
  3.61680e-24
  4.20508e-24
  4.90228e-24
  5.85194e-24
  7.13143e-24
  8.90405e-24
  1.12766e-23
  1.43870e-23
  1.84012e-23
  2.37223e-23
  3.06091e-23
  3.98014e-23
  5.19717e-23
  6.80496e-23
  8.89886e-23
  1.16340e-22
  1.50913e-22
  1.93879e-22
  2.45210e-22
  3.06967e-22
  3.80472e-22
  4.69825e-22
  5.78026e-22
  7.10673e-22
  8.67042e-22
  1.03187e-21
  1.18024e-21
  1.29491e-21
  1.34346e-21
  1.33761e-21
  1.35433e-21
  1.41399e-21
  1.47545e-21
  1.51533e-21
  1.53831e-21
  1.48732e-21
  1.24691e-21
  9.14398e-22
  7.01383e-22
  6.11989e-22
  5.84907e-22
  5.71712e-22
  5.43105e-22
  5.00755e-22
  4.74529e-22
  4.73335e-22
  4.82426e-22
  4.83699e-22
  4.69612e-22
  4.45258e-22
  4.12158e-22
  3.67267e-22
  3.08842e-22
  2.46908e-22
  1.95541e-22
  1.58224e-22
  1.29910e-22
  1.06665e-22
  8.85444e-23
  7.54973e-23
  6.75172e-23
  6.20060e-23
  5.84548e-23
  5.63238e-23
  5.65410e-23
  5.67563e-23
  5.70419e-23
  5.70641e-23
  5.70622e-23
  5.55750e-23
  5.25416e-23
  4.80786e-23
  4.37492e-23
  4.05392e-23
  3.83438e-23
  3.67480e-23
  3.58636e-23
  3.55985e-23
  3.57430e-23
  3.65747e-23
  3.77354e-23
  3.92064e-23
  4.09501e-23
  4.29617e-23
  4.51955e-23
  4.77018e-23
  5.04260e-23
  5.34043e-23
   Cooling for Wiersma, Schaye and Smith (2008).
   11 < z < 9.89 (highz) log(T) = 2-8 K, log(dT) = 0.05, log(n_H) = -3
 , [Z/Zsol] = 0.50
