 -3.52162e-23
 -3.35920e-23
 -3.18955e-23
 -3.01898e-23
 -2.84803e-23
 -2.67441e-23
 -2.50185e-23
 -2.33393e-23
 -2.16856e-23
 -2.00650e-23
 -1.84537e-23
 -1.69114e-23
 -1.54194e-23
 -1.39828e-23
 -1.26026e-23
 -1.12814e-23
 -1.00207e-23
 -8.82026e-24
 -7.68264e-24
 -6.60892e-24
 -5.59827e-24
 -4.31176e-24
 -3.38581e-24
 -2.52488e-24
 -1.72950e-24
 -9.96972e-25
 -3.21316e-25
  3.05914e-25
  8.94281e-25
  1.45489e-24
  2.00215e-24
  2.55762e-24
  3.14507e-24
  3.80702e-24
  4.61461e-24
  5.58477e-24
  6.84011e-24
  8.53602e-24
  1.09212e-23
  1.41896e-23
  1.86721e-23
  2.43546e-23
  3.22138e-23
  4.29184e-23
  5.75467e-23
  7.66991e-23
  1.01061e-22
  1.29657e-22
  1.60435e-22
  1.92077e-22
  2.28417e-22
  2.74115e-22
  3.34488e-22
  4.12806e-22
  5.11799e-22
  6.34567e-22
  7.84877e-22
  9.60544e-22
  1.13770e-21
  1.28922e-21
  1.40570e-21
  1.44229e-21
  1.41391e-21
  1.41986e-21
  1.47797e-21
  1.53455e-21
  1.56910e-21
  1.59928e-21
  1.55883e-21
  1.30779e-21
  9.49090e-22
  7.19729e-22
  6.23554e-22
  5.95192e-22
  5.82258e-22
  5.54576e-22
  5.11209e-22
  4.83313e-22
  4.81604e-22
  4.91266e-22
  4.93276e-22
  4.79876e-22
  4.56263e-22
  4.24365e-22
  3.80941e-22
  3.23596e-22
  2.62516e-22
  2.12322e-22
  1.76403e-22
  1.49966e-22
  1.29775e-22
  1.16516e-22
  1.08134e-22
  1.04632e-22
  1.04732e-22
  1.07409e-22
  1.12110e-22
  1.18381e-22
  1.25523e-22
  1.32696e-22
  1.39453e-22
  1.45006e-22
  1.49354e-22
  1.53024e-22
  1.57248e-22
  1.63424e-22
  1.72672e-22
  1.85090e-22
  2.00803e-22
  2.19516e-22
  2.41495e-22
  2.66772e-22
  2.95703e-22
  3.28307e-22
  3.65227e-22
  4.06624e-22
  4.53291e-22
  5.05513e-22
  5.64239e-22
  6.29891e-22
  7.03641e-22
   Cooling for Wiersma, Schaye and Smith (2008).
   Redshift = 9.0 log(T) = 2-8 K, log(dT) = 0.05, log(n_H) = -2 , [Z/Zsol] = 
0.50
