 -6.70387e-23
 -6.27342e-23
 -5.86996e-23
 -5.48683e-23
 -5.12641e-23
 -4.79126e-23
 -4.47520e-23
 -4.17677e-23
 -3.89689e-23
 -3.63499e-23
 -3.39024e-23
 -3.16057e-23
 -2.94502e-23
 -2.74317e-23
 -2.55409e-23
 -2.37782e-23
 -2.21310e-23
 -2.05881e-23
 -1.91374e-23
 -1.77970e-23
 -1.65312e-23
 -1.53558e-23
 -1.42563e-23
 -1.32291e-23
 -1.22712e-23
 -1.13748e-23
 -1.05370e-23
 -9.75744e-24
 -9.02436e-24
 -8.34406e-24
 -7.70276e-24
 -7.10243e-24
 -6.54229e-24
 -6.01141e-24
 -5.51659e-24
 -5.04705e-24
 -4.60277e-24
 -4.18200e-24
 -3.77657e-24
 -3.38611e-24
 -3.00403e-24
 -2.61552e-24
 -2.20185e-24
 -1.72059e-24
 -1.09751e-24
 -2.33820e-25
  1.02557e-24
  2.81746e-24
  5.26202e-24
  8.28332e-24
  1.15865e-23
  1.46715e-23
  1.72762e-23
  1.97796e-23
  2.36172e-23
  3.15920e-23
  4.72597e-23
  7.05587e-23
  9.07563e-23
  9.49520e-23
  8.62045e-23
  7.36480e-23
  6.21549e-23
  5.34407e-23
  4.73702e-23
  4.31007e-23
  3.99100e-23
  3.75035e-23
  3.51587e-23
  3.18658e-23
  2.75237e-23
  2.55234e-23
  2.49771e-23
  2.53217e-23
  2.60704e-23
  2.69202e-23
  2.79711e-23
  2.95190e-23
  3.16174e-23
  3.41586e-23
  3.69752e-23
  4.00808e-23
  4.35118e-23
  4.73402e-23
  5.15686e-23
  5.62634e-23
  6.15779e-23
  6.77423e-23
  7.48518e-23
  8.29671e-23
  9.21505e-23
  1.02581e-22
  1.14347e-22
  1.27598e-22
  1.42489e-22
  1.59192e-22
  1.77947e-22
  1.98967e-22
  2.22559e-22
  2.48963e-22
  2.78615e-22
  3.11860e-22
  3.49211e-22
  3.90957e-22
  4.37881e-22
  4.90327e-22
  5.49341e-22
  6.15280e-22
  6.89503e-22
  7.72394e-22
  8.65764e-22
  9.70150e-22
  1.08773e-21
  1.21906e-21
  1.36689e-21
  1.53211e-21
  1.71800e-21
  1.92586e-21
  2.15963e-21
  2.42116e-21
  2.71518e-21
   Cooling for Wiersma, Schaye and Smith (2008).
   Redshift = 7.0 log(T) = 2-8 K, log(dT) = 0.05, log(n_H) = -3 , [Z/Zsol] = 
-1.5
