 -4.34590e-24
 -4.29393e-24
 -4.23745e-24
 -4.17840e-24
 -4.11696e-24
 -4.05291e-24
 -3.98671e-24
 -3.91849e-24
 -3.84848e-24
 -3.77681e-24
 -3.70355e-24
 -3.62920e-24
 -3.55381e-24
 -3.46576e-24
 -3.37003e-24
 -3.28779e-24
 -3.20457e-24
 -3.12032e-24
 -3.03506e-24
 -2.94875e-24
 -2.86136e-24
 -2.76972e-24
 -2.67975e-24
 -2.58853e-24
 -2.49582e-24
 -2.40130e-24
 -2.30435e-24
 -2.20437e-24
 -2.10036e-24
 -1.99152e-24
 -1.87634e-24
 -1.75342e-24
 -1.62115e-24
 -1.47606e-24
 -1.31512e-24
 -1.13297e-24
 -9.18439e-25
 -6.50400e-25
 -2.70210e-25
  3.47538e-25
  1.66352e-24
  4.72841e-24
  1.25272e-23
  2.98480e-23
  6.21440e-23
  9.84824e-23
  1.11653e-22
  1.01944e-22
  8.65066e-23
  7.44590e-23
  6.73940e-23
  6.41628e-23
  6.40308e-23
  6.77635e-23
  7.67096e-23
  9.36767e-23
  1.22436e-22
  1.61137e-22
  1.94759e-22
  2.09003e-22
  2.08942e-22
  1.99009e-22
  1.84518e-22
  1.76236e-22
  1.75451e-22
  1.76096e-22
  1.75695e-22
  1.75924e-22
  1.69779e-22
  1.42822e-22
  1.04515e-22
  8.03134e-23
  6.97571e-23
  6.62177e-23
  6.43755e-23
  6.11102e-23
  5.63506e-23
  5.32133e-23
  5.27696e-23
  5.35215e-23
  5.35397e-23
  5.20801e-23
  4.96229e-23
  4.63589e-23
  4.19583e-23
  3.61716e-23
  3.00121e-23
  2.49390e-23
  2.13121e-23
  1.86505e-23
  1.65571e-23
  1.50921e-23
  1.42017e-23
  1.37726e-23
  1.36828e-23
  1.38247e-23
  1.41340e-23
  1.45595e-23
  1.50232e-23
  1.54350e-23
  1.57225e-23
  1.59130e-23
  1.59130e-23
  1.57597e-23
  1.55581e-23
  1.54387e-23
  1.54935e-23
  1.57160e-23
  1.60884e-23
  1.65697e-23
  1.71572e-23
  1.79472e-23
  1.88348e-23
  1.97916e-23
  2.08174e-23
  2.19045e-23
  2.30540e-23
  2.42603e-23
  2.55242e-23
  2.68396e-23
  2.82315e-23
   Cooling for Wiersma, Schaye and Smith (2008).
   Redshift = 4.0 log(T) = 2-8 K, log(dT) = 0.05, log(n_H) = 0 , [Z/Zsol] = ****
