 -2.46065e-22
 -2.39279e-22
 -2.32947e-22
 -2.26784e-22
 -2.21132e-22
 -2.15555e-22
 -2.10435e-22
 -2.05436e-22
 -2.00434e-22
 -1.95772e-22
 -1.91259e-22
 -1.86790e-22
 -1.82393e-22
 -1.78052e-22
 -1.73781e-22
 -1.69356e-22
 -1.65084e-22
 -1.60877e-22
 -1.56665e-22
 -1.52465e-22
 -1.48231e-22
 -1.44074e-22
 -1.39936e-22
 -1.35730e-22
 -1.31566e-22
 -1.27378e-22
 -1.23182e-22
 -1.19164e-22
 -1.15234e-22
 -1.11415e-22
 -1.07729e-22
 -1.04175e-22
 -1.00752e-22
 -9.74580e-23
 -9.43091e-23
 -9.12787e-23
 -8.83664e-23
 -8.55447e-23
 -8.27551e-23
 -8.00465e-23
 -7.73505e-23
 -7.45857e-23
 -7.16511e-23
 -6.85767e-23
 -6.53513e-23
 -6.18540e-23
 -5.80076e-23
 -5.37166e-23
 -4.87962e-23
 -4.32670e-23
 -3.64090e-23
 -2.89264e-23
 -2.03661e-23
 -1.03909e-23
  9.76002e-25
  1.41564e-23
  2.99822e-23
  4.84507e-23
  6.98925e-23
  9.30955e-23
  1.14556e-22
  1.31014e-22
  1.41785e-22
  1.48704e-22
  1.52352e-22
  1.54567e-22
  1.55566e-22
  1.56776e-22
  1.56908e-22
  1.56731e-22
  1.57475e-22
  1.56696e-22
  1.72299e-22
  1.88450e-22
  2.13805e-22
  2.37140e-22
  2.54801e-22
  2.75015e-22
  2.80853e-22
  2.76079e-22
  2.57705e-22
  2.23497e-22
  1.82674e-22
  1.44890e-22
  1.14390e-22
  9.16097e-23
  7.53024e-23
  6.37022e-23
  5.53851e-23
  4.90558e-23
  4.40779e-23
  4.02481e-23
  3.73222e-23
  3.51621e-23
  3.37301e-23
  3.30864e-23
  3.35499e-23
  3.43631e-23
  3.55865e-23
  3.68645e-23
  3.77221e-23
  3.78597e-23
  3.70581e-23
  3.56247e-23
  3.40877e-23
  3.28356e-23
  3.20626e-23
  3.17547e-23
  3.18751e-23
  3.23472e-23
  3.31651e-23
  3.44226e-23
  3.59970e-23
  3.78386e-23
  3.99526e-23
  4.23224e-23
  4.49560e-23
  4.78436e-23
  5.09922e-23
  5.43844e-23
  5.80732e-23
   Cooling for Wiersma, Schaye and Smith (2008).
   11 < z < 9.89 (highz) log(T) = 2-8 K, log(dT) = 0.05, log(n_H) = -5
 , [Z/Zsol] = 0.50
