 -1.75651e-22
 -1.67983e-22
 -1.60620e-22
 -1.53639e-22
 -1.46877e-22
 -1.40466e-22
 -1.34326e-22
 -1.28438e-22
 -1.22729e-22
 -1.17235e-22
 -1.11924e-22
 -1.06819e-22
 -1.01894e-22
 -9.71244e-23
 -9.25089e-23
 -8.80138e-23
 -8.36831e-23
 -7.95269e-23
 -7.55334e-23
 -7.16694e-23
 -6.79217e-23
 -6.42865e-23
 -6.08530e-23
 -5.75454e-23
 -5.43411e-23
 -5.13012e-23
 -4.83619e-23
 -4.55535e-23
 -4.28696e-23
 -4.02953e-23
 -3.78062e-23
 -3.54195e-23
 -3.30895e-23
 -3.08510e-23
 -2.86393e-23
 -2.64796e-23
 -2.43423e-23
 -2.22027e-23
 -2.00793e-23
 -1.79114e-23
 -1.57038e-23
 -1.34458e-23
 -1.11023e-23
 -8.66442e-24
 -6.10765e-24
 -3.40200e-24
 -5.37012e-25
  2.52226e-24
  5.82501e-24
  9.38547e-24
  1.32541e-23
  1.74655e-23
  2.20847e-23
  2.71698e-23
  3.27718e-23
  3.90195e-23
  4.61096e-23
  5.42004e-23
  6.35140e-23
  7.43135e-23
  8.66073e-23
  1.00316e-22
  1.15120e-22
  1.30512e-22
  1.46487e-22
  1.63309e-22
  1.81522e-22
  2.01784e-22
  2.24626e-22
  2.50490e-22
  2.79551e-22
  3.12638e-22
  3.50243e-22
  3.91897e-22
  4.38207e-22
  4.89776e-22
  5.47207e-22
  6.12073e-22
  6.84803e-22
  7.66967e-22
  8.59097e-22
  9.62981e-22
  1.07938e-21
  1.21039e-21
  1.35718e-21
  1.52225e-21
  1.70754e-21
  1.91543e-21
  2.14845e-21
  2.41013e-21
  2.70358e-21
  3.03299e-21
  3.40258e-21
  3.81718e-21
  4.28256e-21
  4.80437e-21
  5.39037e-21
  6.04704e-21
  6.78479e-21
  7.61108e-21
  8.53988e-21
  9.57975e-21
  1.07493e-20
  1.20580e-20
  1.35307e-20
  1.51779e-20
  1.70323e-20
  1.91053e-20
  2.14403e-20
  2.40494e-20
  2.69895e-20
  3.02743e-20
  3.39756e-20
  3.81119e-20
  4.27702e-20
  4.79787e-20
  5.38415e-20
  6.04001e-20
  6.77790e-20
  7.60376e-20
  8.53244e-20
   Cooling for Wiersma, Schaye and Smith (2008).
   Redshift = 5.0 log(T) = 2-8 K, log(dT) = 0.05, log(n_H) = -5 , [Z/Zsol] = 
****
