 -5.43553e-23
 -5.11210e-23
 -4.79046e-23
 -4.47575e-23
 -4.16733e-23
 -3.86036e-23
 -3.56230e-23
 -3.27644e-23
 -2.99925e-23
 -2.73168e-23
 -2.46940e-23
 -2.22133e-23
 -1.98407e-23
 -1.75834e-23
 -1.54400e-23
 -1.34137e-23
 -1.15062e-23
 -9.71929e-24
 -8.05540e-24
 -6.51532e-24
 -5.09799e-24
 -3.53263e-24
 -2.33081e-24
 -1.25862e-24
 -2.86524e-25
  5.76574e-25
  1.31833e-24
  1.96285e-24
  2.54105e-24
  3.05935e-24
  3.51837e-24
  3.95745e-24
  4.41778e-24
  4.92862e-24
  5.57309e-24
  6.35386e-24
  7.35931e-24
  8.73886e-24
  1.06740e-23
  1.32901e-23
  1.68521e-23
  2.14751e-23
  2.76694e-23
  3.58209e-23
  4.67296e-23
  6.11631e-23
  8.01031e-23
  1.04489e-22
  1.35334e-22
  1.72191e-22
  2.14928e-22
  2.65131e-22
  3.27302e-22
  4.04961e-22
  5.02874e-22
  6.24044e-22
  7.72589e-22
  9.45094e-22
  1.12083e-21
  1.27386e-21
  1.39118e-21
  1.42932e-21
  1.40384e-21
  1.41099e-21
  1.46868e-21
  1.52523e-21
  1.55964e-21
  1.58784e-21
  1.54494e-21
  1.29549e-21
  9.41377e-22
  7.14837e-22
  6.19670e-22
  5.91313e-22
  5.77936e-22
  5.49819e-22
  5.06378e-22
  4.78475e-22
  4.76499e-22
  4.85645e-22
  4.87007e-22
  4.72942e-22
  4.48581e-22
  4.15775e-22
  3.71292e-22
  3.12802e-22
  2.50533e-22
  1.99005e-22
  1.61607e-22
  1.33480e-22
  1.11382e-22
  9.59643e-23
  8.51332e-23
  7.88645e-23
  7.58478e-23
  7.50214e-23
  7.57840e-23
  7.76378e-23
  7.98118e-23
  8.14173e-23
  8.17358e-23
  8.02576e-23
  7.66966e-23
  7.15183e-23
  6.57883e-23
  6.08331e-23
  5.75489e-23
  5.59555e-23
  5.58844e-23
  5.69589e-23
  5.90602e-23
  6.21282e-23
  6.60345e-23
  7.06724e-23
  7.60947e-23
  8.22745e-23
  8.92984e-23
  9.71719e-23
  1.06003e-22
  1.15810e-22
  1.26762e-22
   Cooling for Wiersma, Schaye and Smith (2008).
   Redshift = 5.0 log(T) = 2-8 K, log(dT) = 0.05, log(n_H) = -2 , [Z/Zsol] = 
0.50
