 -5.57189e-23
 -5.23000e-23
 -4.90895e-23
 -4.61079e-23
 -4.33070e-23
 -4.06862e-23
 -3.82254e-23
 -3.59107e-23
 -3.37353e-23
 -3.17269e-23
 -2.98145e-23
 -2.80485e-23
 -2.63962e-23
 -2.48248e-23
 -2.33763e-23
 -2.20137e-23
 -2.07285e-23
 -1.95386e-23
 -1.84096e-23
 -1.73600e-23
 -1.63796e-23
 -1.54431e-23
 -1.45794e-23
 -1.37638e-23
 -1.29973e-23
 -1.22738e-23
 -1.15896e-23
 -1.09449e-23
 -1.03397e-23
 -9.76665e-24
 -9.22448e-24
 -8.70784e-24
 -8.21437e-24
 -7.74393e-24
 -7.29780e-24
 -6.86974e-24
 -6.45876e-24
 -6.05938e-24
 -5.67395e-24
 -5.29690e-24
 -4.92482e-24
 -4.55242e-24
 -4.17293e-24
 -3.76811e-24
 -3.30764e-24
 -2.75384e-24
 -2.04359e-24
 -1.11319e-24
  1.18363e-25
  1.69375e-24
  3.62212e-24
  5.82157e-24
  8.18828e-24
  1.07281e-23
  1.37915e-23
  1.82915e-23
  2.57257e-23
  3.74558e-23
  5.20429e-23
  6.35263e-23
  6.65179e-23
  6.20045e-23
  5.46209e-23
  4.76540e-23
  4.21129e-23
  3.78929e-23
  3.45751e-23
  3.18071e-23
  2.88151e-23
  2.45781e-23
  1.91957e-23
  1.60968e-23
  1.43744e-23
  1.34120e-23
  1.27051e-23
  1.19033e-23
  1.10895e-23
  1.05447e-23
  1.03034e-23
  1.02201e-23
  1.01493e-23
  9.96766e-24
  9.75380e-24
  9.46670e-24
  9.06855e-24
  8.56914e-24
  8.05372e-24
  7.67906e-24
  7.45982e-24
  7.36189e-24
  7.33066e-24
  7.41088e-24
  7.56407e-24
  7.77085e-24
  8.02496e-24
  8.33391e-24
  8.66478e-24
  9.03174e-24
  9.43100e-24
  9.85955e-24
  1.03208e-23
  1.08849e-23
  1.14816e-23
  1.21044e-23
  1.27596e-23
  1.34505e-23
  1.41866e-23
  1.49693e-23
  1.58036e-23
  1.66865e-23
  1.76389e-23
  1.87768e-23
  2.00099e-23
  2.13217e-23
  2.27223e-23
  2.42106e-23
  2.57978e-23
  2.74840e-23
  2.92809e-23
  3.11901e-23
  3.32478e-23
   Cooling for Wiersma, Schaye and Smith (2008).
   Redshift = 0.0 log(T) = 2-8 K, log(dT) = 0.05, log(n_H) = -4 , [Z/Zsol] = 
-1.5
