 -1.71604e-23
 -1.66803e-23
 -1.61596e-23
 -1.56409e-23
 -1.51229e-23
 -1.46064e-23
 -1.40922e-23
 -1.35812e-23
 -1.30739e-23
 -1.25711e-23
 -1.20734e-23
 -1.15815e-23
 -1.10961e-23
 -1.06180e-23
 -1.01475e-23
 -9.68536e-24
 -9.23201e-24
 -8.78801e-24
 -8.35373e-24
 -7.92961e-24
 -7.51596e-24
 -7.11049e-24
 -6.71815e-24
 -6.33697e-24
 -5.96730e-24
 -5.60897e-24
 -5.26222e-24
 -4.92678e-24
 -4.60303e-24
 -4.29063e-24
 -3.98918e-24
 -3.69750e-24
 -3.41643e-24
 -3.14484e-24
 -2.88265e-24
 -2.62843e-24
 -2.38148e-24
 -2.13724e-24
 -1.88668e-24
 -1.60314e-24
 -1.19405e-24
 -4.47753e-25
  1.21588e-24
  4.77653e-24
  1.20259e-23
  2.41933e-23
  3.98244e-23
  5.21064e-23
  5.51844e-23
  5.11988e-23
  4.48611e-23
  3.90297e-23
  3.43322e-23
  3.15043e-23
  3.19160e-23
  3.84240e-23
  5.46259e-23
  7.91444e-23
  9.83277e-23
  9.92606e-23
  8.77804e-23
  7.34690e-23
  6.06919e-23
  5.11458e-23
  4.44996e-23
  3.96498e-23
  3.58749e-23
  3.30560e-23
  3.02247e-23
  2.58102e-23
  1.98716e-23
  1.64148e-23
  1.45336e-23
  1.35317e-23
  1.28282e-23
  1.20385e-23
  1.12022e-23
  1.06162e-23
  1.03658e-23
  1.02920e-23
  1.01895e-23
  1.00060e-23
  9.75668e-24
  9.45624e-24
  9.06631e-24
  8.55970e-24
  8.03427e-24
  7.63391e-24
  7.39111e-24
  7.25588e-24
  7.19806e-24
  7.27235e-24
  7.41440e-24
  7.61912e-24
  7.87277e-24
  8.16399e-24
  8.48622e-24
  8.83363e-24
  9.19822e-24
  9.57017e-24
  9.95069e-24
  1.04085e-23
  1.08783e-23
  1.13550e-23
  1.18502e-23
  1.23756e-23
  1.29412e-23
  1.35454e-23
  1.41873e-23
  1.48611e-23
  1.55816e-23
  1.64620e-23
  1.74071e-23
  1.83982e-23
  1.94385e-23
  2.05248e-23
  2.16597e-23
  2.28406e-23
  2.40693e-23
  2.53431e-23
  2.66865e-23
   Cooling for Wiersma, Schaye and Smith (2008).
   Redshift = 0.0 log(T) = 2-8 K, log(dT) = 0.05, log(n_H) = -2 , [Z/Zsol] = 
-1.5
