 -2.80815e-22
 -2.65787e-22
 -2.51345e-22
 -2.37607e-22
 -2.24468e-22
 -2.11753e-22
 -1.99711e-22
 -1.88081e-22
 -1.76979e-22
 -1.66351e-22
 -1.55993e-22
 -1.46135e-22
 -1.36437e-22
 -1.27146e-22
 -1.17997e-22
 -1.09165e-22
 -1.00429e-22
 -9.19043e-23
 -8.34332e-23
 -7.50377e-23
 -6.66648e-23
 -5.82127e-23
 -4.96408e-23
 -4.09129e-23
 -3.19274e-23
 -2.26066e-23
 -1.28700e-23
 -2.64927e-24
  8.19536e-24
  1.97232e-23
  3.20893e-23
  4.53811e-23
  5.98398e-23
  7.55039e-23
  9.26250e-23
  1.11314e-22
  1.31925e-22
  1.54555e-22
  1.79701e-22
  2.07452e-22
  2.38401e-22
  2.72692e-22
  3.10932e-22
  3.53436e-22
  4.01015e-22
  4.54033e-22
  5.13456e-22
  5.79786e-22
  6.54161e-22
  7.37368e-22
  8.30917e-22
  9.35338e-22
  1.05247e-21
  1.18367e-21
  1.33084e-21
  1.49586e-21
  1.68094e-21
  1.88866e-21
  2.12161e-21
  2.38327e-21
  2.67820e-21
  3.00801e-21
  3.37742e-21
  3.79255e-21
  4.25697e-21
  4.77868e-21
  5.36202e-21
  6.01789e-21
  6.75125e-21
  7.57665e-21
  8.49937e-21
  9.53871e-21
  1.07003e-20
  1.20092e-20
  1.34716e-20
  1.51196e-20
  1.69612e-20
  1.90356e-20
  2.13549e-20
  2.39658e-20
  2.68864e-20
  3.01727e-20
  3.38506e-20
  3.79868e-20
  4.26181e-20
  4.78240e-20
  5.36559e-20
  6.02081e-20
  6.75519e-20
  7.57985e-20
  8.50460e-20
  9.54252e-20
  1.07070e-19
  1.20133e-19
  1.34797e-19
  1.51238e-19
  1.69703e-19
  1.90396e-19
  2.13647e-19
  2.39691e-19
  2.68969e-19
  3.01749e-19
  3.38616e-19
  3.79872e-19
  4.26296e-19
  4.78220e-19
  5.36678e-19
  6.02030e-19
  6.75640e-19
  7.57891e-19
  8.50581e-19
  9.54135e-19
  1.07082e-18
  1.20122e-18
  1.34808e-18
  1.51228e-18
  1.69712e-18
  1.90390e-18
  2.13654e-18
  2.39692e-18
  2.68972e-18
   Cooling for Wiersma, Schaye and Smith (2008).
   Redshift = 7.0 log(T) = 2-8 K, log(dT) = 0.05, log(n_H) = -6 , [Z/Zsol] = 
-1.5
