 -1.36150e-22
 -1.29748e-22
 -1.23641e-22
 -1.17816e-22
 -1.12237e-22
 -1.06925e-22
 -1.01833e-22
 -9.69281e-23
 -9.22392e-23
 -8.77067e-23
 -8.33553e-23
 -7.91949e-23
 -7.51794e-23
 -7.12965e-23
 -6.75605e-23
 -6.39806e-23
 -6.05215e-23
 -5.71701e-23
 -5.39424e-23
 -5.08233e-23
 -4.78074e-23
 -4.48967e-23
 -4.20862e-23
 -3.93575e-23
 -3.67050e-23
 -3.41248e-23
 -3.16107e-23
 -2.91578e-23
 -2.67623e-23
 -2.44064e-23
 -2.20776e-23
 -1.97782e-23
 -1.74782e-23
 -1.51899e-23
 -1.28843e-23
 -1.05481e-23
 -8.17253e-24
 -5.73171e-24
 -3.21250e-24
 -5.93572e-25
  2.15504e-24
  5.04874e-24
  8.13288e-24
  1.14135e-23
  1.49545e-23
  1.87705e-23
  2.29146e-23
  2.74473e-23
  3.24145e-23
  3.78569e-23
  4.38967e-23
  5.05489e-23
  5.79607e-23
  6.61935e-23
  7.54762e-23
  8.59208e-23
  9.78527e-23
  1.11648e-22
  1.27687e-22
  1.46328e-22
  1.67350e-22
  1.90368e-22
  2.14809e-22
  2.40087e-22
  2.66759e-22
  2.95896e-22
  3.28340e-22
  3.65073e-22
  4.06530e-22
  4.53616e-22
  5.06326e-22
  5.66371e-22
  6.33736e-22
  7.09877e-22
  7.95116e-22
  8.91267e-22
  9.98853e-22
  1.12016e-21
  1.25586e-21
  1.40872e-21
  1.57975e-21
  1.77228e-21
  1.98778e-21
  2.23016e-21
  2.50157e-21
  2.80667e-21
  3.14847e-21
  3.53248e-21
  3.96289e-21
  4.44620e-21
  4.98818e-21
  5.59652e-21
  6.27903e-21
  7.04467e-21
  7.90408e-21
  8.86767e-21
  9.94981e-21
  1.11625e-20
  1.25251e-20
  1.40514e-20
  1.57672e-20
  1.76882e-20
  1.98487e-20
  2.22664e-20
  2.49870e-20
  2.80297e-20
  3.14554e-20
  3.52849e-20
  3.95984e-20
  4.44181e-20
  4.98495e-20
  5.59175e-20
  6.27549e-20
  7.03959e-20
  7.90014e-20
  8.86232e-20
  9.94539e-20
  1.11570e-19
  1.25202e-19
  1.40458e-19
  1.57615e-19
   Cooling for Wiersma, Schaye and Smith (2008).
   Redshift = 6.0 log(T) = 2-8 K, log(dT) = 0.05, log(n_H) = -5 , [Z/Zsol] = 
-Inf
