 -2.04195e-23
 -1.98656e-23
 -1.92743e-23
 -1.86826e-23
 -1.81012e-23
 -1.75058e-23
 -1.69140e-23
 -1.63244e-23
 -1.57375e-23
 -1.51542e-23
 -1.45751e-23
 -1.40014e-23
 -1.34337e-23
 -1.28729e-23
 -1.23196e-23
 -1.17748e-23
 -1.12390e-23
 -1.07130e-23
 -1.01973e-23
 -9.69256e-24
 -9.19930e-24
 -8.71549e-24
 -8.24602e-24
 -7.78917e-24
 -7.34550e-24
 -6.91492e-24
 -6.49784e-24
 -6.09404e-24
 -5.70408e-24
 -5.32734e-24
 -4.96420e-24
 -4.61300e-24
 -4.27483e-24
 -3.94844e-24
 -3.63390e-24
 -3.32972e-24
 -3.03542e-24
 -2.74583e-24
 -2.45127e-24
 -2.12192e-24
 -1.65400e-24
 -8.08580e-25
  1.06709e-24
  5.07412e-24
  1.31964e-23
  2.66425e-23
  4.32878e-23
  5.53472e-23
  5.72260e-23
  5.20826e-23
  4.49042e-23
  3.86291e-23
  3.39359e-23
  3.12386e-23
  3.18092e-23
  3.84310e-23
  5.47839e-23
  7.94109e-23
  9.85865e-23
  9.94175e-23
  8.78564e-23
  7.35066e-23
  6.07115e-23
  5.11582e-23
  4.45094e-23
  3.96567e-23
  3.58790e-23
  3.30595e-23
  3.02294e-23
  2.58152e-23
  1.98751e-23
  1.64161e-23
  1.45343e-23
  1.35323e-23
  1.28290e-23
  1.20393e-23
  1.12029e-23
  1.06167e-23
  1.03665e-23
  1.02928e-23
  1.01901e-23
  1.00065e-23
  9.75729e-24
  9.45690e-24
  9.06705e-24
  8.56064e-24
  8.03565e-24
  7.63649e-24
  7.39652e-24
  7.26644e-24
  7.20912e-24
  7.27419e-24
  7.41674e-24
  7.62114e-24
  7.87473e-24
  8.16620e-24
  8.48869e-24
  8.83640e-24
  9.20134e-24
  9.57367e-24
  9.95462e-24
  1.04129e-23
  1.08833e-23
  1.13606e-23
  1.18564e-23
  1.23826e-23
  1.29490e-23
  1.35542e-23
  1.41972e-23
  1.48722e-23
  1.55940e-23
  1.64759e-23
  1.74227e-23
  1.84158e-23
  1.94582e-23
  2.05469e-23
  2.16846e-23
  2.28686e-23
  2.41018e-23
  2.53792e-23
  2.67267e-23
   Cooling for Wiersma, Schaye and Smith (2008).
   Redshift = 1.0 log(T) = 2-8 K, log(dT) = 0.05, log(n_H) = -1 , [Z/Zsol] = 
-1.5
