 -9.26317e-24
 -8.97554e-24
 -8.65125e-24
 -8.30396e-24
 -7.93550e-24
 -7.54141e-24
 -7.13016e-24
 -6.70760e-24
 -6.27455e-24
 -5.83450e-24
 -5.38602e-24
 -4.94252e-24
 -4.50292e-24
 -4.06990e-24
 -3.64505e-24
 -3.22963e-24
 -2.82413e-24
 -2.42907e-24
 -2.04478e-24
 -1.67153e-24
 -1.30954e-24
 -8.77331e-25
 -5.28259e-25
 -1.89389e-25
  1.41292e-25
  4.68391e-25
  7.98168e-25
  1.13826e-24
  1.49879e-24
  1.88957e-24
  2.32494e-24
  2.81848e-24
  3.38945e-24
  4.07887e-24
  4.92467e-24
  5.98426e-24
  7.39482e-24
  9.31870e-24
  1.21122e-23
  1.60622e-23
  2.18562e-23
  2.98272e-23
  4.23583e-23
  6.22594e-23
  9.28672e-23
  1.30432e-22
  1.61873e-22
  1.79546e-22
  1.91802e-22
  2.09419e-22
  2.38658e-22
  2.82538e-22
  3.42400e-22
  4.20232e-22
  5.18330e-22
  6.40781e-22
  7.92642e-22
  9.70528e-22
  1.14899e-21
  1.30040e-21
  1.41680e-21
  1.45181e-21
  1.42107e-21
  1.42579e-21
  1.48378e-21
  1.53949e-21
  1.57293e-21
  1.60346e-21
  1.56386e-21
  1.31169e-21
  9.50334e-22
  7.19068e-22
  6.21937e-22
  5.93085e-22
  5.79866e-22
  5.51860e-22
  5.07929e-22
  4.79362e-22
  4.77032e-22
  4.86084e-22
  4.87387e-22
  4.73219e-22
  4.48743e-22
  4.15902e-22
  3.71443e-22
  3.12926e-22
  2.50516e-22
  1.98839e-22
  1.61465e-22
  1.33606e-22
  1.11297e-22
  9.46921e-23
  8.36514e-23
  7.70859e-23
  7.37841e-23
  7.26780e-23
  7.31331e-23
  7.46480e-23
  7.64462e-23
  7.76342e-23
  7.74729e-23
  7.54716e-23
  7.13229e-23
  6.54849e-23
  5.90086e-23
  5.32159e-23
  4.89890e-23
  4.63439e-23
  4.50906e-23
  4.48461e-23
  4.54623e-23
  4.68721e-23
  4.89105e-23
  5.14615e-23
  5.45337e-23
  5.80861e-23
  6.21527e-23
  6.67321e-23
  7.19563e-23
  7.75760e-23
  8.38226e-23
   Cooling for Wiersma, Schaye and Smith (2008).
   Redshift = 8.0 log(T) = 2-8 K, log(dT) = 0.05, log(n_H) = -1 , [Z/Zsol] = 
0.50
