 -7.56372e-24
 -7.33243e-24
 -7.07359e-24
 -6.78530e-24
 -6.47175e-24
 -6.14282e-24
 -5.79792e-24
 -5.44155e-24
 -5.07499e-24
 -4.70134e-24
 -4.31997e-24
 -3.94186e-24
 -3.56662e-24
 -3.19656e-24
 -2.83319e-24
 -2.47758e-24
 -2.13010e-24
 -1.79119e-24
 -1.46093e-24
 -1.13949e-24
 -8.26908e-25
 -4.58436e-25
 -1.56794e-25
  1.37709e-25
  4.27085e-25
  7.15572e-25
  1.01253e-24
  1.31873e-24
  1.64809e-24
  2.00978e-24
  2.41813e-24
  2.88628e-24
  3.43268e-24
  4.09742e-24
  4.91574e-24
  5.94530e-24
  7.31960e-24
  9.19761e-24
  1.19346e-23
  1.58262e-23
  2.16111e-23
  2.97939e-23
  4.30188e-23
  6.45718e-23
  9.81402e-23
  1.38372e-22
  1.68659e-22
  1.83056e-22
  1.93136e-22
  2.09887e-22
  2.39034e-22
  2.83002e-22
  3.43117e-22
  4.20822e-22
  5.18944e-22
  6.41493e-22
  7.92971e-22
  9.70975e-22
  1.14956e-21
  1.30101e-21
  1.41735e-21
  1.45230e-21
  1.42146e-21
  1.42614e-21
  1.48416e-21
  1.53988e-21
  1.57335e-21
  1.60401e-21
  1.56454e-21
  1.31225e-21
  9.50653e-22
  7.19181e-22
  6.21957e-22
  5.93071e-22
  5.79842e-22
  5.51820e-22
  5.07847e-22
  4.79229e-22
  4.76860e-22
  4.85881e-22
  4.87118e-22
  4.72912e-22
  4.48392e-22
  4.15507e-22
  3.71001e-22
  3.12428e-22
  2.49949e-22
  1.98190e-22
  1.60728e-22
  1.32771e-22
  1.10354e-22
  9.36289e-23
  8.24548e-23
  7.57408e-23
  7.22731e-23
  7.09816e-23
  7.12286e-23
  7.25106e-23
  7.40473e-23
  7.49427e-23
  7.44386e-23
  7.20676e-23
  6.75026e-23
  6.11993e-23
  5.41985e-23
  4.78198e-23
  4.29323e-23
  3.95499e-23
  3.74648e-23
  3.62927e-23
  3.58615e-23
  3.61036e-23
  3.68236e-23
  3.79041e-23
  3.93172e-23
  4.10175e-23
  4.29963e-23
  4.52432e-23
  4.78400e-23
  5.05222e-23
  5.34623e-23
   Cooling for Wiersma, Schaye and Smith (2008).
   11 < z < 9.89 (highz) log(T) = 2-8 K, log(dT) = 0.05, log(n_H) = -1
 , [Z/Zsol] = 0.50
