 -4.87574e-23
 -4.64050e-23
 -4.40647e-23
 -4.18014e-23
 -3.96117e-23
 -3.75010e-23
 -3.54654e-23
 -3.35092e-23
 -3.16281e-23
 -2.98253e-23
 -2.80967e-23
 -2.64443e-23
 -2.48647e-23
 -2.33585e-23
 -2.19224e-23
 -2.05563e-23
 -1.92572e-23
 -1.80239e-23
 -1.68538e-23
 -1.57452e-23
 -1.46957e-23
 -1.37015e-23
 -1.27631e-23
 -1.18767e-23
 -1.10409e-23
 -1.02523e-23
 -9.50739e-24
 -8.80971e-24
 -8.14987e-24
 -7.52748e-24
 -6.94801e-24
 -6.40227e-24
 -5.88604e-24
 -5.39958e-24
 -4.94611e-24
 -4.51882e-24
 -4.11521e-24
 -3.73426e-24
 -3.37225e-24
 -3.02177e-24
 -2.65938e-24
 -2.22792e-24
 -1.58838e-24
 -4.99259e-25
  1.52089e-24
  5.04460e-24
  1.06972e-23
  1.81664e-23
  2.56332e-23
  3.04525e-23
  3.14229e-23
  2.97538e-23
  2.72077e-23
  2.55203e-23
  2.64747e-23
  3.29528e-23
  4.85937e-23
  7.22173e-23
  9.05114e-23
  9.06859e-23
  7.85246e-23
  6.39885e-23
  5.14080e-23
  4.18102e-23
  3.47526e-23
  2.95192e-23
  2.55222e-23
  2.25031e-23
  1.99603e-23
  1.73172e-23
  1.39123e-23
  1.21042e-23
  1.09555e-23
  1.02246e-23
  9.69314e-24
  9.18785e-24
  8.75890e-24
  8.49008e-24
  8.39145e-24
  8.40809e-24
  8.46746e-24
  8.57353e-24
  8.70757e-24
  8.87445e-24
  9.06029e-24
  9.25971e-24
  9.50446e-24
  9.84408e-24
  1.02910e-23
  1.08350e-23
  1.14741e-23
  1.22664e-23
  1.31694e-23
  1.41872e-23
  1.53257e-23
  1.65914e-23
  1.79961e-23
  1.95497e-23
  2.12687e-23
  2.31632e-23
  2.52656e-23
  2.76637e-23
  3.03287e-23
  3.32698e-23
  3.65371e-23
  4.01529e-23
  4.41818e-23
  4.86431e-23
  5.36173e-23
  5.91237e-23
  6.52836e-23
  7.22366e-23
  8.00208e-23
  8.86525e-23
  9.82960e-23
  1.09000e-22
  1.20961e-22
  1.34251e-22
  1.49104e-22
  1.65626e-22
  1.84116e-22
   Cooling for Wiersma, Schaye and Smith (2008).
   Redshift = 6.0 log(T) = 2-8 K, log(dT) = 0.05, log(n_H) = -2 , [Z/Zsol] = 
-2.0
