 -3.29939e-22
 -3.16094e-22
 -3.02845e-22
 -2.89997e-22
 -2.77732e-22
 -2.66212e-22
 -2.55206e-22
 -2.44630e-22
 -2.34400e-22
 -2.24387e-22
 -2.14620e-22
 -2.05168e-22
 -1.96017e-22
 -1.87149e-22
 -1.78580e-22
 -1.70243e-22
 -1.62192e-22
 -1.54513e-22
 -1.47222e-22
 -1.40079e-22
 -1.33398e-22
 -1.26942e-22
 -1.20676e-22
 -1.14794e-22
 -1.09032e-22
 -1.03644e-22
 -9.84017e-23
 -9.34861e-23
 -8.87274e-23
 -8.42768e-23
 -8.00012e-23
 -7.59379e-23
 -7.21893e-23
 -6.85548e-23
 -6.51675e-23
 -6.19501e-23
 -5.88558e-23
 -5.59132e-23
 -5.31550e-23
 -5.04514e-23
 -4.78690e-23
 -4.53785e-23
 -4.30060e-23
 -4.06911e-23
 -3.84264e-23
 -3.62054e-23
 -3.40119e-23
 -3.18317e-23
 -2.96621e-23
 -2.75362e-23
 -2.54387e-23
 -2.34047e-23
 -2.14815e-23
 -1.96840e-23
 -1.80240e-23
 -1.64533e-23
 -1.48960e-23
 -1.32359e-23
 -1.13482e-23
 -9.11706e-24
 -6.49490e-24
 -3.57992e-24
 -6.76094e-25
  1.72454e-24
  3.36820e-24
  4.09022e-24
  4.14469e-24
  3.77731e-24
  3.22430e-24
  2.62846e-24
  1.98746e-24
  1.51212e-24
  1.12816e-24
  8.44083e-25
  6.50695e-25
  5.86224e-25
  5.05916e-25
  5.07548e-25
  6.02233e-25
  7.32580e-25
  9.10920e-25
  1.16285e-24
  1.56256e-24
  1.87472e-24
  2.21029e-24
  2.56726e-24
  2.94394e-24
  3.34120e-24
  3.76040e-24
  4.20503e-24
  4.68265e-24
  5.24838e-24
  5.86202e-24
  6.52307e-24
  7.23548e-24
  8.00336e-24
  8.82129e-24
  9.72074e-24
  1.06937e-23
  1.17453e-23
  1.28917e-23
  1.42431e-23
  1.57328e-23
  1.73601e-23
  1.91458e-23
  2.10942e-23
  2.32408e-23
  2.55904e-23
  2.81767e-23
  3.10108e-23
  3.41530e-23
  3.77362e-23
  4.17161e-23
  4.60970e-23
  5.09455e-23
  5.62864e-23
  6.22008e-23
  6.87250e-23
  7.59550e-23
  8.39411e-23
  9.28235e-23
   Cooling for Wiersma, Schaye and Smith (2008).
   11 < z < 9.89 (highz) log(T) = 2-8 K, log(dT) = 0.05, log(n_H) = -6
 , [Z/Zsol] = ****
