 -9.82310e-24
 -9.67037e-24
 -9.50091e-24
 -9.32791e-24
 -9.15174e-24
 -8.97224e-24
 -8.78969e-24
 -8.60401e-24
 -8.41546e-24
 -8.22401e-24
 -8.02988e-24
 -7.83308e-24
 -7.63388e-24
 -7.43236e-24
 -7.22875e-24
 -7.02317e-24
 -6.81584e-24
 -6.60693e-24
 -6.39667e-24
 -6.18525e-24
 -5.97323e-24
 -5.76026e-24
 -5.55103e-24
 -5.33584e-24
 -5.12153e-24
 -4.90747e-24
 -4.69384e-24
 -4.48096e-24
 -4.26914e-24
 -4.05855e-24
 -3.84945e-24
 -3.64147e-24
 -3.43536e-24
 -3.23117e-24
 -3.02920e-24
 -2.82926e-24
 -2.63201e-24
 -2.43148e-24
 -2.20973e-24
 -1.90121e-24
 -1.25476e-24
  3.41059e-25
  4.55293e-24
  1.41486e-23
  3.31751e-23
  5.96619e-23
  7.93948e-23
  8.08455e-23
  7.01421e-23
  5.75636e-23
  4.71910e-23
  3.93466e-23
  3.32888e-23
  2.94226e-23
  2.89604e-23
  3.47003e-23
  5.02541e-23
  7.40129e-23
  9.20319e-23
  9.15515e-23
  7.88982e-23
  6.41119e-23
  5.14040e-23
  4.17406e-23
  3.46447e-23
  2.93773e-23
  2.53479e-23
  2.23055e-23
  1.97396e-23
  1.70511e-23
  1.35820e-23
  1.17145e-23
  1.05098e-23
  9.72129e-24
  9.12784e-24
  8.55254e-24
  8.04351e-24
  7.68419e-24
  7.48565e-24
  7.39082e-24
  7.32565e-24
  7.29150e-24
  7.26865e-24
  7.25939e-24
  7.24822e-24
  7.22604e-24
  7.22216e-24
  7.28247e-24
  7.41698e-24
  7.61089e-24
  7.85581e-24
  8.20274e-24
  8.60957e-24
  9.07052e-24
  9.58416e-24
  1.01493e-23
  1.07674e-23
  1.14394e-23
  1.21678e-23
  1.29528e-23
  1.38078e-23
  1.48094e-23
  1.59038e-23
  1.70872e-23
  1.83768e-23
  1.97805e-23
  2.13188e-23
  2.29960e-23
  2.48342e-23
  2.68365e-23
  2.90476e-23
  3.15888e-23
  3.44020e-23
  3.74784e-23
  4.08653e-23
  4.45740e-23
  4.86598e-23
  5.31411e-23
  5.80829e-23
  6.35118e-23
  6.95277e-23
   Cooling for Wiersma, Schaye and Smith (2008).
   Redshift = 8.0 log(T) = 2-8 K, log(dT) = 0.05, log(n_H) = -1 , [Z/Zsol] = 
-2.0
