  2.30921e-33
  2.74334e-33
  3.23247e-33
  3.78676e-33
  4.41120e-33
  5.11507e-33
  5.90308e-33
  6.78510e-33
  7.76135e-33
  8.83086e-33
  1.00085e-32
  1.13031e-32
  1.27187e-32
  1.42689e-32
  1.59642e-32
  1.78197e-32
  1.99467e-32
  2.22617e-32
  2.44556e-32
  2.65000e-32
  3.00719e-32
  3.24571e-32
  3.59806e-32
  4.13222e-32
  4.51620e-32
  5.13407e-32
  5.51751e-32
  6.39526e-32
  6.83194e-32
  7.95072e-32
  8.42638e-32
  9.73940e-32
  1.04822e-31
  9.17490e-32
  1.50970e-31
  9.00617e-31
  5.87125e-30
  2.70537e-29
  1.43840e-28
  8.51883e-28
  1.18580e-26
  1.93660e-25
  2.99813e-24
  2.38074e-23
  8.54857e-23
  1.29950e-22
  1.21991e-22
  9.78188e-23
  7.70657e-23
  6.28146e-23
  5.22437e-23
  4.32439e-23
  3.61075e-23
  3.17620e-23
  3.12679e-23
  3.71545e-23
  5.29493e-23
  7.70603e-23
  9.54865e-23
  9.54508e-23
  8.32862e-23
  6.90432e-23
  5.69396e-23
  4.79507e-23
  4.16166e-23
  3.71961e-23
  3.41239e-23
  3.21507e-23
  3.07917e-23
  2.94503e-23
  2.74903e-23
  2.73191e-23
  2.80212e-23
  2.93694e-23
  3.11749e-23
  3.32888e-23
  3.57957e-23
  3.88221e-23
  4.24195e-23
  4.65845e-23
  5.13141e-23
  5.66475e-23
  6.26572e-23
  6.94096e-23
  7.69789e-23
  8.54664e-23
  9.50095e-23
  1.05786e-22
  1.17943e-22
  1.31629e-22
  1.47010e-22
  1.64336e-22
  1.83792e-22
  2.05624e-22
  2.30116e-22
  2.57590e-22
  2.88397e-22
  3.22945e-22
  3.61687e-22
  4.05129e-22
  4.53852e-22
  5.08568e-22
  5.69932e-22
  6.38742e-22
  7.15906e-22
  8.02440e-22
  8.99489e-22
  1.00833e-21
  1.13040e-21
  1.26731e-21
  1.42088e-21
  1.59326e-21
  1.78663e-21
  2.00351e-21
  2.24679e-21
  2.51967e-21
  2.82576e-21
  3.16910e-21
  3.55425e-21
  3.98628e-21
  4.47094e-21
   Cooling for Wiersma, Schaye and Smith (2008).
   z > 11 (photodis) log(T) = 2-8 K, log(dT) = 0.05, log(n_H) = -4 , [Z/Zsol] = 
-2.0
