 -1.64985e-22
 -1.55239e-22
 -1.46169e-22
 -1.37517e-22
 -1.29331e-22
 -1.21661e-22
 -1.14314e-22
 -1.07487e-22
 -1.00939e-22
 -9.48373e-23
 -8.89908e-23
 -8.35286e-23
 -7.83419e-23
 -7.34235e-23
 -6.88436e-23
 -6.44597e-23
 -6.03407e-23
 -5.64993e-23
 -5.28322e-23
 -4.93864e-23
 -4.61879e-23
 -4.31373e-23
 -4.02761e-23
 -3.75892e-23
 -3.50814e-23
 -3.27351e-23
 -3.05189e-23
 -2.84433e-23
 -2.64972e-23
 -2.46681e-23
 -2.29586e-23
 -2.13498e-23
 -1.98257e-23
 -1.83840e-23
 -1.70220e-23
 -1.57271e-23
 -1.44968e-23
 -1.33195e-23
 -1.21917e-23
 -1.11049e-23
 -1.00599e-23
 -9.03810e-24
 -8.03417e-24
 -7.04488e-24
 -6.06329e-24
 -5.08260e-24
 -4.09488e-24
 -3.09138e-24
 -2.06214e-24
 -9.99066e-25
  1.11879e-25
  1.28021e-24
  2.51310e-24
  3.82974e-24
  5.23618e-24
  6.76063e-24
  8.44016e-24
  1.03064e-23
  1.24109e-23
  1.48149e-23
  1.75524e-23
  2.06781e-23
  2.41616e-23
  2.79683e-23
  3.20271e-23
  3.62412e-23
  4.05905e-23
  4.51006e-23
  4.99085e-23
  5.51293e-23
  6.08303e-23
  6.73707e-23
  7.50023e-23
  8.33715e-23
  9.26716e-23
  1.02732e-22
  1.13789e-22
  1.26222e-22
  1.40162e-22
  1.56006e-22
  1.73883e-22
  1.94176e-22
  2.16989e-22
  2.42727e-22
  2.71604e-22
  3.04111e-22
  3.40562e-22
  3.81542e-22
  4.27485e-22
  4.79085e-22
  5.36951e-22
  6.01949e-22
  6.74872e-22
  7.56671e-22
  8.48481e-22
  9.51414e-22
  1.06700e-21
  1.19651e-21
  1.34199e-21
  1.50490e-21
  1.68798e-21
  1.89299e-21
  2.12352e-21
  2.38146e-21
  2.67167e-21
  2.99624e-21
  3.36162e-21
  3.77005e-21
  4.23004e-21
  4.74399e-21
  5.32312e-21
  5.97020e-21
  6.69928e-21
  7.51399e-21
  8.43147e-21
  9.45724e-21
  1.06118e-20
  1.19033e-20
  1.33563e-20
  1.49824e-20
  1.68109e-20
   Cooling for Wiersma, Schaye and Smith (2008).
   Redshift = 3.0 log(T) = 2-8 K, log(dT) = 0.05, log(n_H) = -5 , [Z/Zsol] = 
-1.0
