 -3.62397e-24
 -3.58871e-24
 -3.55070e-24
 -3.51153e-24
 -3.47126e-24
 -3.42980e-24
 -3.38719e-24
 -3.34335e-24
 -3.29832e-24
 -3.25202e-24
 -3.20448e-24
 -3.15561e-24
 -3.10545e-24
 -3.05395e-24
 -3.00113e-24
 -2.94693e-24
 -2.89137e-24
 -2.83442e-24
 -2.77606e-24
 -2.71627e-24
 -2.65504e-24
 -2.59226e-24
 -2.52801e-24
 -2.46228e-24
 -2.39505e-24
 -2.32633e-24
 -2.25606e-24
 -2.18431e-24
 -2.11104e-24
 -2.03634e-24
 -1.96008e-24
 -1.88211e-24
 -1.80256e-24
 -1.72158e-24
 -1.63910e-24
 -1.55514e-24
 -1.47009e-24
 -1.37672e-24
 -1.24680e-24
 -9.74757e-25
 -1.37297e-25
  2.33129e-24
  9.40819e-24
  2.59907e-23
  5.75649e-23
  9.28710e-23
  1.04138e-22
  9.22837e-23
  7.45168e-23
  5.96375e-23
  4.87030e-23
  4.01248e-23
  3.31760e-23
  2.86410e-23
  2.76988e-23
  3.29963e-23
  4.81041e-23
  7.13861e-23
  8.89340e-23
  8.80264e-23
  7.50147e-23
  6.00902e-23
  4.74331e-23
  3.77251e-23
  3.04376e-23
  2.49887e-23
  2.08436e-23
  1.76952e-23
  1.52235e-23
  1.32341e-23
  1.07719e-23
  9.54262e-24
  8.59320e-24
  7.86391e-24
  7.28313e-24
  6.75982e-24
  6.34531e-24
  6.03336e-24
  5.80384e-24
  5.64116e-24
  5.52540e-24
  5.47908e-24
  5.46727e-24
  5.48565e-24
  5.52737e-24
  5.58900e-24
  5.67010e-24
  5.77341e-24
  5.89764e-24
  6.03987e-24
  6.20139e-24
  6.43085e-24
  6.68426e-24
  6.95652e-24
  7.24672e-24
  7.55390e-24
  7.87739e-24
  8.21625e-24
  8.57004e-24
  8.93762e-24
  9.32763e-24
  9.81404e-24
  1.03342e-23
  1.08784e-23
  1.14482e-23
  1.20426e-23
  1.26632e-23
  1.33083e-23
  1.39791e-23
  1.46733e-23
  1.54076e-23
  1.62973e-23
  1.72479e-23
  1.82419e-23
  1.92827e-23
  2.03678e-23
  2.14998e-23
  2.26762e-23
  2.38993e-23
  2.51666e-23
  2.65026e-23
   Cooling for Wiersma, Schaye and Smith (2008).
   Redshift = 1.0 log(T) = 2-8 K, log(dT) = 0.05, log(n_H) = 0 , [Z/Zsol] = -3.0
