 -7.34861e-23
 -6.87184e-23
 -6.42521e-23
 -6.01465e-23
 -5.62398e-23
 -5.26265e-23
 -4.92352e-23
 -4.60502e-23
 -4.30741e-23
 -4.03285e-23
 -3.77222e-23
 -3.52888e-23
 -3.30416e-23
 -3.09107e-23
 -2.89152e-23
 -2.70723e-23
 -2.53205e-23
 -2.36785e-23
 -2.21568e-23
 -2.07072e-23
 -1.93432e-23
 -1.80694e-23
 -1.68567e-23
 -1.57050e-23
 -1.46236e-23
 -1.35809e-23
 -1.25876e-23
 -1.16355e-23
 -1.07118e-23
 -9.82288e-24
 -8.94801e-24
 -8.09275e-24
 -7.24135e-24
 -6.39694e-24
 -5.54541e-24
 -4.68345e-24
 -3.80264e-24
 -2.89542e-24
 -1.95192e-24
 -9.64604e-25
  7.86518e-26
  1.18801e-24
  2.38354e-24
  3.67844e-24
  5.10361e-24
  6.68578e-24
  8.46974e-24
  1.04970e-23
  1.28400e-23
  1.55446e-23
  1.86598e-23
  2.22262e-23
  2.63450e-23
  3.13255e-23
  3.79575e-23
  4.78240e-23
  6.33536e-23
  8.56706e-23
  1.09724e-22
  1.24947e-22
  1.28695e-22
  1.27159e-22
  1.26033e-22
  1.27619e-22
  1.32067e-22
  1.39492e-22
  1.49587e-22
  1.62356e-22
  1.77827e-22
  1.95870e-22
  2.15870e-22
  2.39815e-22
  2.66958e-22
  2.97860e-22
  3.32608e-22
  3.71895e-22
  4.15968e-22
  4.65763e-22
  5.21546e-22
  5.84436e-22
  6.54849e-22
  7.34161e-22
  8.22962e-22
  9.22859e-22
  1.03473e-21
  1.16050e-21
  1.30141e-21
  1.45973e-21
  1.63719e-21
  1.83647e-21
  2.05993e-21
  2.31079e-21
  2.59224e-21
  2.90795e-21
  3.26232e-21
  3.65964e-21
  4.10583e-21
  4.60586e-21
  5.16766e-21
  5.79693e-21
  6.50431e-21
  7.29633e-21
  8.18710e-21
  9.18387e-21
  1.03055e-20
  1.15599e-20
  1.29721e-20
  1.45509e-20
  1.63290e-20
  1.83159e-20
  2.05549e-20
  2.30563e-20
  2.58749e-20
  2.90247e-20
  3.25721e-20
  3.65383e-20
  4.10028e-20
  4.59972e-20
  5.16161e-20
  5.79049e-20
  6.49767e-20
   Cooling for Wiersma, Schaye and Smith (2008).
   Redshift = 9.0 log(T) = 2-8 K, log(dT) = 0.05, log(n_H) = -4 , [Z/Zsol] = 
-3.0
