 -3.94622e-22
 -3.75684e-22
 -3.57561e-22
 -3.40549e-22
 -3.24555e-22
 -3.09379e-22
 -2.95424e-22
 -2.82260e-22
 -2.69982e-22
 -2.58313e-22
 -2.46829e-22
 -2.35817e-22
 -2.24650e-22
 -2.13823e-22
 -2.02915e-22
 -1.92293e-22
 -1.81638e-22
 -1.71191e-22
 -1.60747e-22
 -1.50366e-22
 -1.39997e-22
 -1.29471e-22
 -1.18753e-22
 -1.07811e-22
 -9.65150e-23
 -8.47325e-23
 -7.23715e-23
 -5.94418e-23
 -4.57271e-23
 -3.12249e-23
 -1.58249e-23
  5.36189e-25
  1.80408e-23
  3.67158e-23
  5.67540e-23
  7.81795e-23
  1.01367e-22
  1.26358e-22
  1.53646e-22
  1.83335e-22
  2.15997e-22
  2.51827e-22
  2.91452e-22
  3.35151e-22
  3.83867e-22
  4.37936e-22
  4.98395e-22
  5.65692e-22
  6.40960e-22
  7.25115e-22
  8.19509e-22
  9.24763e-22
  1.04272e-21
  1.17460e-21
  1.32258e-21
  1.48842e-21
  1.67433e-21
  1.88291e-21
  2.11675e-21
  2.37934e-21
  2.67525e-21
  3.00592e-21
  3.37604e-21
  3.79293e-21
  4.25906e-21
  4.78226e-21
  5.36715e-21
  6.02472e-21
  6.75993e-21
  7.58737e-21
  8.51232e-21
  9.55415e-21
  1.07184e-20
  1.20304e-20
  1.34963e-20
  1.51482e-20
  1.69941e-20
  1.90732e-20
  2.13978e-20
  2.40146e-20
  2.69417e-20
  3.02352e-20
  3.39211e-20
  3.80663e-20
  4.27076e-20
  4.79247e-20
  5.37692e-20
  6.03355e-20
  6.76950e-20
  7.59593e-20
  8.52266e-20
  9.56280e-20
  1.07298e-19
  1.20389e-19
  1.35084e-19
  1.51560e-19
  1.70064e-19
  1.90801e-19
  2.14102e-19
  2.40202e-19
  2.69542e-19
  3.02391e-19
  3.39338e-19
  3.80682e-19
  4.27205e-19
  4.79239e-19
  5.37822e-19
  6.03313e-19
  6.77080e-19
  7.59507e-19
  8.52394e-19
  9.56168e-19
  1.07310e-18
  1.20378e-18
  1.35095e-18
  1.51551e-18
  1.70074e-18
  1.90796e-18
  2.14109e-18
  2.40203e-18
  2.69545e-18
   Cooling for Wiersma, Schaye and Smith (2008).
   Redshift = 7.0 log(T) = 2-8 K, log(dT) = 0.05, log(n_H) = -6 , [Z/Zsol] = 
****
