 -8.47608e-23
 -7.97030e-23
 -7.49423e-23
 -7.05497e-23
 -6.63518e-23
 -6.24193e-23
 -5.87780e-23
 -5.53207e-23
 -5.20738e-23
 -4.91111e-23
 -4.62805e-23
 -4.36169e-23
 -4.11690e-23
 -3.88377e-23
 -3.66500e-23
 -3.46349e-23
 -3.27307e-23
 -3.09353e-23
 -2.92947e-23
 -2.77279e-23
 -2.62931e-23
 -2.49190e-23
 -2.36453e-23
 -2.24472e-23
 -2.13202e-23
 -2.02491e-23
 -1.92335e-23
 -1.82705e-23
 -1.73570e-23
 -1.64863e-23
 -1.56490e-23
 -1.48342e-23
 -1.40404e-23
 -1.32499e-23
 -1.24364e-23
 -1.15999e-23
 -1.07029e-23
 -9.72824e-24
 -8.63527e-24
 -7.41085e-24
 -6.03922e-24
 -4.49252e-24
 -2.70225e-24
 -6.00965e-25
  1.91935e-24
  4.96720e-24
  8.71607e-24
  1.32862e-23
  1.89484e-23
  2.58857e-23
  3.44653e-23
  4.48076e-23
  5.73670e-23
  7.24113e-23
  9.07083e-23
  1.13636e-22
  1.43402e-22
  1.81248e-22
  2.24075e-22
  2.63020e-22
  2.92816e-22
  3.16268e-22
  3.36498e-22
  3.52987e-22
  3.62776e-22
  3.62726e-22
  3.55888e-22
  3.45585e-22
  3.36375e-22
  3.25935e-22
  3.16991e-22
  3.17839e-22
  3.27891e-22
  3.42538e-22
  3.59526e-22
  3.79734e-22
  4.05705e-22
  4.39869e-22
  4.80113e-22
  5.24749e-22
  5.72568e-22
  6.21300e-22
  6.73478e-22
  7.27979e-22
  7.85668e-22
  8.50693e-22
  9.27473e-22
  1.02045e-21
  1.12979e-21
  1.25703e-21
  1.40133e-21
  1.56495e-21
  1.74985e-21
  1.95835e-21
  2.19326e-21
  2.45778e-21
  2.75491e-21
  3.08839e-21
  3.46341e-21
  3.88368e-21
  4.35611e-21
  4.88495e-21
  5.47933e-21
  6.14420e-21
  6.89227e-21
  7.72899e-21
  8.67120e-21
  9.72477e-21
  1.09117e-20
  1.22380e-20
  1.37328e-20
  1.54030e-20
  1.72850e-20
  1.93883e-20
  2.17570e-20
  2.44054e-20
  2.73866e-20
  3.07215e-20
  3.44735e-20
  3.86727e-20
  4.33947e-20
   Cooling for Wiersma, Schaye and Smith (2008).
   Redshift = 8.0 log(T) = 2-8 K, log(dT) = 0.05, log(n_H) = -4 , [Z/Zsol] = 0.0
