 -3.93232e-23
 -3.77120e-23
 -3.60630e-23
 -3.44459e-23
 -3.28618e-23
 -3.13138e-23
 -2.98024e-23
 -2.83325e-23
 -2.69023e-23
 -2.55151e-23
 -2.41689e-23
 -2.28681e-23
 -2.16111e-23
 -2.03997e-23
 -1.92329e-23
 -1.81119e-23
 -1.70354e-23
 -1.60038e-23
 -1.50165e-23
 -1.40730e-23
 -1.31726e-23
 -1.23028e-23
 -1.14842e-23
 -1.07057e-23
 -9.96688e-24
 -9.26573e-24
 -8.60169e-24
 -7.97232e-24
 -7.37731e-24
 -6.81371e-24
 -6.28099e-24
 -5.77500e-24
 -5.29578e-24
 -4.83933e-24
 -4.40323e-24
 -3.98466e-24
 -3.57989e-24
 -3.18107e-24
 -2.78001e-24
 -2.35716e-24
 -1.86522e-24
 -1.21539e-24
 -1.54187e-25
  1.73476e-24
  5.25794e-24
  1.12628e-23
  2.03506e-23
  3.10043e-23
  3.94916e-23
  4.29986e-23
  4.21901e-23
  3.98314e-23
  3.79013e-23
  3.79109e-23
  4.13353e-23
  5.09876e-23
  7.05461e-23
  9.86683e-23
  1.21379e-22
  1.25522e-22
  1.16773e-22
  1.03604e-22
  9.05756e-23
  8.14445e-23
  7.62734e-23
  7.28428e-23
  6.99886e-23
  6.79419e-23
  6.43505e-23
  5.47247e-23
  4.13386e-23
  3.31801e-23
  2.94491e-23
  2.80594e-23
  2.73123e-23
  2.61882e-23
  2.47150e-23
  2.38631e-23
  2.39447e-23
  2.44880e-23
  2.48832e-23
  2.49197e-23
  2.47294e-23
  2.43774e-23
  2.37616e-23
  2.28173e-23
  2.18720e-23
  2.13992e-23
  2.15143e-23
  2.20809e-23
  2.30142e-23
  2.44028e-23
  2.61594e-23
  2.83027e-23
  3.08197e-23
  3.37043e-23
  3.69761e-23
  4.06512e-23
  4.47573e-23
  4.93030e-23
  5.43476e-23
  5.99826e-23
  6.62349e-23
  7.31575e-23
  8.09090e-23
  8.95828e-23
  9.93729e-23
  1.10335e-22
  1.22683e-22
  1.36463e-22
  1.51973e-22
  1.69390e-22
  1.88980e-22
  2.10815e-22
  2.35336e-22
  2.62681e-22
  2.93378e-22
  3.27631e-22
  3.66070e-22
  4.08992e-22
  4.57169e-22
   Cooling for Wiersma, Schaye and Smith (2008).
   Redshift = 8.0 log(T) = 2-8 K, log(dT) = 0.05, log(n_H) = -2 , [Z/Zsol] = 
-1.0
