 -1.35653e-24
 -1.34897e-24
 -1.34096e-24
 -1.33264e-24
 -1.32404e-24
 -1.31510e-24
 -1.30585e-24
 -1.29625e-24
 -1.28631e-24
 -1.27598e-24
 -1.26529e-24
 -1.25418e-24
 -1.24266e-24
 -1.23071e-24
 -1.21830e-24
 -1.20543e-24
 -1.19206e-24
 -1.17817e-24
 -1.16375e-24
 -1.14876e-24
 -1.13318e-24
 -1.11693e-24
 -1.10003e-24
 -1.08243e-24
 -1.06410e-24
 -1.04501e-24
 -1.02509e-24
 -1.00433e-24
 -9.82673e-25
 -9.60100e-25
 -9.36501e-25
 -9.11754e-25
 -8.85835e-25
 -8.58753e-25
 -8.30367e-25
 -8.00587e-25
 -7.69729e-25
 -7.29706e-25
 -6.47769e-25
 -3.98022e-25
  5.36471e-25
  3.51055e-24
  1.24787e-23
  3.45222e-23
  7.71683e-23
  1.16088e-22
  1.16339e-22
  9.60886e-23
  7.56472e-23
  6.05111e-23
  4.95618e-23
  4.06337e-23
  3.34004e-23
  2.87435e-23
  2.77503e-23
  3.30459e-23
  4.80955e-23
  7.12516e-23
  8.87316e-23
  8.78305e-23
  7.48977e-23
  6.00470e-23
  4.74281e-23
  3.77334e-23
  3.04253e-23
  2.49982e-23
  2.08536e-23
  1.77060e-23
  1.52352e-23
  1.32471e-23
  1.07862e-23
  9.55841e-24
  8.61079e-24
  7.88354e-24
  7.30506e-24
  6.78433e-24
  6.37274e-24
  6.06408e-24
  5.83824e-24
  5.67971e-24
  5.56860e-24
  5.52752e-24
  5.52157e-24
  5.54654e-24
  5.59565e-24
  5.66558e-24
  5.75598e-24
  5.86975e-24
  6.00569e-24
  6.16107e-24
  6.33735e-24
  6.58338e-24
  6.85537e-24
  7.14847e-24
  7.46207e-24
  7.79549e-24
  8.14844e-24
  8.52032e-24
  8.91121e-24
  9.32034e-24
  9.75707e-24
  1.02958e-23
  1.08747e-23
  1.14847e-23
  1.21286e-23
  1.28059e-23
  1.35198e-23
  1.42691e-23
  1.50572e-23
  1.58827e-23
  1.67649e-23
  1.78197e-23
  1.89564e-23
  2.01584e-23
  2.14334e-23
  2.27803e-23
  2.42071e-23
  2.57134e-23
  2.73075e-23
  2.89899e-23
  3.07929e-23
   Cooling for Wiersma, Schaye and Smith (2008).
   Redshift = 8.0 log(T) = 2-8 K, log(dT) = 0.05, log(n_H) = 0 , [Z/Zsol] = -3.0
