 -1.50748e-23
 -1.47524e-23
 -1.44001e-23
 -1.40412e-23
 -1.36764e-23
 -1.33051e-23
 -1.29291e-23
 -1.25496e-23
 -1.21668e-23
 -1.17814e-23
 -1.13934e-23
 -1.10053e-23
 -1.06219e-23
 -1.02329e-23
 -9.85015e-24
 -9.46537e-24
 -9.08251e-24
 -8.70249e-24
 -8.32587e-24
 -7.95316e-24
 -7.58478e-24
 -7.20772e-24
 -6.84770e-24
 -6.49322e-24
 -6.14458e-24
 -5.80166e-24
 -5.46425e-24
 -5.13188e-24
 -4.80411e-24
 -4.48002e-24
 -4.15864e-24
 -3.83793e-24
 -3.51690e-24
 -3.19114e-24
 -2.85674e-24
 -2.50809e-24
 -2.13230e-24
 -1.70856e-24
 -1.19244e-24
 -5.17163e-25
  5.27094e-25
  2.31567e-24
  6.03906e-24
  1.35733e-23
  2.79302e-23
  4.93263e-23
  7.04137e-23
  7.98376e-23
  7.69748e-23
  7.00028e-23
  6.43338e-23
  6.17977e-23
  6.25487e-23
  6.69150e-23
  7.62642e-23
  9.34278e-23
  1.22213e-22
  1.60923e-22
  1.94538e-22
  2.08851e-22
  2.08764e-22
  1.98839e-22
  1.84385e-22
  1.76122e-22
  1.75344e-22
  1.75996e-22
  1.75602e-22
  1.75806e-22
  1.69627e-22
  1.42700e-22
  1.04475e-22
  8.03235e-23
  6.97930e-23
  6.62660e-23
  6.44305e-23
  6.11733e-23
  5.64287e-23
  5.33098e-23
  5.28816e-23
  5.36491e-23
  5.36861e-23
  5.22458e-23
  4.98102e-23
  4.65695e-23
  4.21932e-23
  3.64356e-23
  3.03103e-23
  2.52784e-23
  2.16950e-23
  1.90804e-23
  1.70407e-23
  1.56358e-23
  1.48126e-23
  1.44585e-23
  1.44528e-23
  1.46888e-23
  1.51038e-23
  1.56477e-23
  1.62442e-23
  1.68040e-23
  1.72623e-23
  1.76396e-23
  1.78504e-23
  1.79330e-23
  1.79970e-23
  1.81746e-23
  1.85596e-23
  1.91535e-23
  1.99444e-23
  2.08935e-23
  2.20089e-23
  2.33892e-23
  2.49428e-23
  2.66447e-23
  2.85104e-23
  3.05373e-23
  3.27452e-23
  3.51373e-23
  3.77452e-23
  4.05499e-23
  4.36164e-23
   Cooling for Wiersma, Schaye and Smith (2008).
   Redshift = 6.0 log(T) = 2-8 K, log(dT) = 0.05, log(n_H) = -1 , [Z/Zsol] = 
****
