 -5.07437e-23
 -4.79264e-23
 -4.51917e-23
 -4.25793e-23
 -4.00791e-23
 -3.76945e-23
 -3.54190e-23
 -3.32564e-23
 -3.11975e-23
 -2.92442e-23
 -2.73876e-23
 -2.56307e-23
 -2.39661e-23
 -2.23929e-23
 -2.09056e-23
 -1.95023e-23
 -1.81783e-23
 -1.69260e-23
 -1.57523e-23
 -1.46455e-23
 -1.36086e-23
 -1.26243e-23
 -1.17089e-23
 -1.08494e-23
 -1.00453e-23
 -9.29198e-24
 -8.58660e-24
 -7.92552e-24
 -7.30812e-24
 -6.72951e-24
 -6.18824e-24
 -5.67939e-24
 -5.19922e-24
 -4.74679e-24
 -4.32068e-24
 -3.91516e-24
 -3.52712e-24
 -3.14845e-24
 -2.77085e-24
 -2.38805e-24
 -1.97917e-24
 -1.50786e-24
 -8.92221e-25
  6.65306e-27
  1.46279e-24
  3.81833e-24
  7.53252e-24
  1.27767e-23
  1.91469e-23
  2.52535e-23
  2.95704e-23
  3.17994e-23
  3.28763e-23
  3.44358e-23
  3.84500e-23
  4.77175e-23
  6.57135e-23
  9.18987e-23
  1.14847e-22
  1.21355e-22
  1.14542e-22
  1.02291e-22
  8.96653e-23
  8.06752e-23
  7.55262e-23
  7.20889e-23
  6.92244e-23
  6.71502e-23
  6.34788e-23
  5.36760e-23
  4.00701e-23
  3.17040e-23
  2.77711e-23
  2.61677e-23
  2.51894e-23
  2.38029e-23
  2.20304e-23
  2.08408e-23
  2.05486e-23
  2.06747e-23
  2.06036e-23
  2.01152e-23
  1.93377e-23
  1.83269e-23
  1.69741e-23
  1.52004e-23
  1.33237e-23
  1.18024e-23
  1.07439e-23
  9.99301e-24
  9.44926e-24
  9.18043e-24
  9.07805e-24
  9.13643e-24
  9.31335e-24
  9.57438e-24
  9.89981e-24
  1.02730e-23
  1.06693e-23
  1.10594e-23
  1.14281e-23
  1.18326e-23
  1.22020e-23
  1.25412e-23
  1.28846e-23
  1.32726e-23
  1.37343e-23
  1.42682e-23
  1.48696e-23
  1.55243e-23
  1.62435e-23
  1.71366e-23
  1.81069e-23
  1.91336e-23
  2.02198e-23
  2.13618e-23
  2.25629e-23
  2.38200e-23
  2.51360e-23
  2.65080e-23
  2.79623e-23
   Cooling for Wiersma, Schaye and Smith (2008).
   Redshift = 1.0 log(T) = 2-8 K, log(dT) = 0.05, log(n_H) = -2 , [Z/Zsol] = 
-1.0
