 -7.40150e-23
 -6.92214e-23
 -6.47284e-23
 -6.05959e-23
 -5.66618e-23
 -5.30231e-23
 -4.96026e-23
 -4.63915e-23
 -4.33903e-23
 -4.06231e-23
 -3.79958e-23
 -3.55406e-23
 -3.32738e-23
 -3.11258e-23
 -2.91109e-23
 -2.72524e-23
 -2.54884e-23
 -2.38321e-23
 -2.23002e-23
 -2.08432e-23
 -1.94704e-23
 -1.81910e-23
 -1.69750e-23
 -1.58197e-23
 -1.47376e-23
 -1.36932e-23
 -1.27003e-23
 -1.17485e-23
 -1.08272e-23
 -9.94014e-24
 -9.06857e-24
 -8.21598e-24
 -7.36717e-24
 -6.52398e-24
 -5.67060e-24
 -4.80284e-24
 -3.90960e-24
 -2.98181e-24
 -2.00624e-24
 -9.73303e-25
  1.30513e-25
  1.31688e-24
  2.61209e-24
  4.03641e-24
  5.63009e-24
  7.43047e-24
  9.49554e-24
  1.18782e-23
  1.46773e-23
  1.79577e-23
  2.17996e-23
  2.62619e-23
  3.14889e-23
  3.77890e-23
  4.59692e-23
  5.76136e-23
  7.51869e-23
  9.98085e-23
  1.26464e-22
  1.44561e-22
  1.51301e-22
  1.52718e-22
  1.54351e-22
  1.58458e-22
  1.65010e-22
  1.73583e-22
  1.83659e-22
  1.95099e-22
  2.08048e-22
  2.21830e-22
  2.37080e-22
  2.57944e-22
  2.83758e-22
  3.14095e-22
  3.48278e-22
  3.86711e-22
  4.29971e-22
  4.79565e-22
  5.35546e-22
  5.98678e-22
  6.69186e-22
  7.48108e-22
  8.36296e-22
  9.35165e-22
  1.04554e-21
  1.16951e-21
  1.30864e-21
  1.46576e-21
  1.64229e-21
  1.84095e-21
  2.06395e-21
  2.31448e-21
  2.59574e-21
  2.91137e-21
  3.26577e-21
  3.66323e-21
  4.10960e-21
  4.60988e-21
  5.17201e-21
  5.80168e-21
  6.50951e-21
  7.30202e-21
  8.19331e-21
  9.19063e-21
  1.03133e-20
  1.15691e-20
  1.29823e-20
  1.45621e-20
  1.63415e-20
  1.83298e-20
  2.05704e-20
  2.30736e-20
  2.58943e-20
  2.90464e-20
  3.25963e-20
  3.65655e-20
  4.10333e-20
  4.60313e-20
  5.16544e-20
  5.79478e-20
  6.50247e-20
   Cooling for Wiersma, Schaye and Smith (2008).
   Redshift = 9.0 log(T) = 2-8 K, log(dT) = 0.05, log(n_H) = -4 , [Z/Zsol] = 
-1.0
