  7.26133e-32
  8.58470e-32
  1.00778e-31
  1.17685e-31
  1.36684e-31
  1.58048e-31
  1.81895e-31
  2.08512e-31
  2.37844e-31
  2.69842e-31
  3.04938e-31
  3.43339e-31
  3.85097e-31
  4.30572e-31
  4.80006e-31
  5.33790e-31
  5.96340e-31
  6.63546e-31
  7.32470e-31
  8.09080e-31
  8.89410e-31
  9.54927e-31
  1.05035e-30
  1.17870e-30
  1.27726e-30
  1.42702e-30
  1.55263e-30
  1.76393e-30
  1.87873e-30
  2.19987e-30
  2.32396e-30
  2.80169e-30
  2.88150e-30
  3.70318e-30
  4.05401e-30
  8.06169e-30
  4.19231e-29
  1.71434e-28
  7.36226e-28
  2.71139e-27
  1.64280e-26
  2.06402e-25
  3.06346e-24
  2.41191e-23
  8.64568e-23
  1.31635e-22
  1.24134e-22
  1.00419e-22
  8.03143e-23
  6.69396e-23
  5.75894e-23
  5.00926e-23
  4.49377e-23
  4.28969e-23
  4.52036e-23
  5.44640e-23
  7.41163e-23
  1.02614e-22
  1.25541e-22
  1.29770e-22
  1.21388e-22
  1.08564e-22
  9.58426e-23
  8.74281e-23
  8.28554e-23
  7.99969e-23
  7.78708e-23
  7.66566e-23
  7.40261e-23
  6.51354e-23
  5.26534e-23
  4.54293e-23
  4.37071e-23
  4.40276e-23
  4.54523e-23
  4.72900e-23
  4.87523e-23
  5.13884e-23
  5.48391e-23
  5.92179e-23
  6.40788e-23
  6.90286e-23
  7.43209e-23
  8.01089e-23
  8.64203e-23
  9.33059e-23
  1.01219e-22
  1.10650e-22
  1.21878e-22
  1.34855e-22
  1.49651e-22
  1.66515e-22
  1.85629e-22
  2.07216e-22
  2.31533e-22
  2.58883e-22
  2.89630e-22
  3.24146e-22
  3.62888e-22
  4.06362e-22
  4.55123e-22
  5.09869e-22
  5.71244e-22
  6.40042e-22
  7.17188e-22
  8.03708e-22
  9.00753e-22
  1.00961e-21
  1.13172e-21
  1.26870e-21
  1.42237e-21
  1.59486e-21
  1.78836e-21
  2.00541e-21
  2.24887e-21
  2.52196e-21
  2.82829e-21
  3.17191e-21
  3.55736e-21
  3.98973e-21
  4.47478e-21
   Cooling for Wiersma, Schaye and Smith (2008).
   z > 11 (photodis) log(T) = 2-8 K, log(dT) = 0.05, log(n_H) = -5 , [Z/Zsol] = 
-1.0
