 -7.03207e-24
 -6.90448e-24
 -6.76233e-24
 -6.61282e-24
 -6.45668e-24
 -6.28489e-24
 -6.10277e-24
 -5.92179e-24
 -5.73592e-24
 -5.54601e-24
 -5.35213e-24
 -5.15720e-24
 -4.96139e-24
 -4.76539e-24
 -4.56973e-24
 -4.37487e-24
 -4.18084e-24
 -3.98781e-24
 -3.79592e-24
 -3.60523e-24
 -3.41576e-24
 -3.20951e-24
 -3.02070e-24
 -2.83283e-24
 -2.64525e-24
 -2.45681e-24
 -2.26557e-24
 -2.06922e-24
 -1.86591e-24
 -1.64899e-24
 -1.41596e-24
 -1.16157e-24
 -8.79497e-25
 -5.56770e-25
 -1.81729e-25
  2.63960e-25
  8.21926e-25
  1.54534e-24
  2.56064e-24
  4.01633e-24
  6.36831e-24
  1.03341e-23
  1.82335e-23
  3.35661e-23
  6.07189e-23
  9.46452e-23
  1.16007e-22
  1.17441e-22
  1.10674e-22
  1.06281e-22
  1.08024e-22
  1.16308e-22
  1.30889e-22
  1.52524e-22
  1.82979e-22
  2.25234e-22
  2.83568e-22
  3.55692e-22
  4.24141e-22
  4.71462e-22
  4.99443e-22
  5.00296e-22
  4.81830e-22
  4.76656e-22
  4.90006e-22
  5.03870e-22
  5.11594e-22
  5.19146e-22
  5.05011e-22
  4.23889e-22
  3.07865e-22
  2.33828e-22
  2.02432e-22
  1.92797e-22
  1.88218e-22
  1.79003e-22
  1.64817e-22
  1.55551e-22
  1.54638e-22
  1.57373e-22
  1.57680e-22
  1.53153e-22
  1.45390e-22
  1.35004e-22
  1.20962e-22
  1.02487e-22
  8.27877e-23
  6.64898e-23
  5.47234e-23
  4.59722e-23
  3.89829e-23
  3.38373e-23
  3.04605e-23
  2.85039e-23
  2.75832e-23
  2.73589e-23
  2.76289e-23
  2.82329e-23
  2.89237e-23
  2.94168e-23
  2.94779e-23
  2.90094e-23
  2.78643e-23
  2.61792e-23
  2.42832e-23
  2.25916e-23
  2.13927e-23
  2.06688e-23
  2.03605e-23
  2.03425e-23
  2.05696e-23
  2.10964e-23
  2.17943e-23
  2.26113e-23
  2.35379e-23
  2.45551e-23
  2.56587e-23
  2.68358e-23
  2.80824e-23
  2.93841e-23
  3.07640e-23
   Cooling for Wiersma, Schaye and Smith (2008).
   Redshift = 2.0 log(T) = 2-8 K, log(dT) = 0.05, log(n_H) = 0 , [Z/Zsol] = 0.0
