 -6.40960e-23
 -6.00071e-23
 -5.60863e-23
 -5.23595e-23
 -4.88056e-23
 -4.54096e-23
 -4.22206e-23
 -3.91174e-23
 -3.62020e-23
 -3.35214e-23
 -3.09503e-23
 -2.84872e-23
 -2.61920e-23
 -2.40765e-23
 -2.20749e-23
 -2.01804e-23
 -1.84302e-23
 -1.68089e-23
 -1.52902e-23
 -1.38998e-23
 -1.26239e-23
 -1.13992e-23
 -1.03027e-23
 -9.29658e-24
 -8.38215e-24
 -7.54404e-24
 -6.77687e-24
 -6.08829e-24
 -5.44828e-24
 -4.86426e-24
 -4.31986e-24
 -3.81079e-24
 -3.32014e-24
 -2.83603e-24
 -2.32872e-24
 -1.80361e-24
 -1.22220e-24
 -5.51306e-25
  2.57863e-25
  1.24028e-24
  2.44775e-24
  3.94159e-24
  5.86883e-24
  8.35293e-24
  1.17034e-23
  1.62354e-23
  2.23971e-23
  3.06069e-23
  4.14078e-23
  5.48114e-23
  7.07233e-23
  8.85935e-23
  1.08979e-22
  1.32819e-22
  1.62700e-22
  2.01673e-22
  2.54120e-22
  3.19319e-22
  3.83972e-22
  4.31432e-22
  4.59664e-22
  4.65238e-22
  4.54931e-22
  4.53665e-22
  4.67579e-22
  4.83300e-22
  4.93085e-22
  4.98204e-22
  4.80405e-22
  4.03083e-22
  2.96339e-22
  2.28192e-22
  1.99300e-22
  1.90249e-22
  1.85688e-22
  1.76296e-22
  1.62637e-22
  1.54144e-22
  1.53619e-22
  1.56389e-22
  1.56723e-22
  1.52251e-22
  1.44560e-22
  1.34127e-22
  1.19985e-22
  1.01583e-22
  8.20868e-23
  6.59478e-23
  5.42657e-23
  4.54442e-23
  3.82408e-23
  3.27074e-23
  2.87978e-23
  2.65074e-23
  2.50148e-23
  2.41594e-23
  2.37708e-23
  2.41430e-23
  2.45335e-23
  2.49657e-23
  2.53412e-23
  2.57879e-23
  2.58023e-23
  2.53603e-23
  2.45013e-23
  2.37210e-23
  2.33343e-23
  2.33095e-23
  2.35195e-23
  2.40014e-23
  2.47414e-23
  2.57562e-23
  2.70740e-23
  2.85747e-23
  3.02609e-23
  3.21257e-23
  3.41770e-23
  3.64073e-23
  3.88433e-23
  4.14769e-23
  4.43484e-23
   Cooling for Wiersma, Schaye and Smith (2008).
   11 < z < 9.89 (highz) log(T) = 2-8 K, log(dT) = 0.05, log(n_H) = -3
 , [Z/Zsol] = 0.0
