 -7.78412e-23
 -7.29808e-23
 -6.84260e-23
 -6.42432e-23
 -6.02606e-23
 -5.65464e-23
 -5.31179e-23
 -4.98707e-23
 -4.68358e-23
 -4.40361e-23
 -4.13793e-23
 -3.89219e-23
 -3.66100e-23
 -3.44378e-23
 -3.24328e-23
 -3.05283e-23
 -2.87632e-23
 -2.70975e-23
 -2.55425e-23
 -2.40778e-23
 -2.27069e-23
 -2.14102e-23
 -2.01931e-23
 -1.90483e-23
 -1.79568e-23
 -1.69313e-23
 -1.59535e-23
 -1.50207e-23
 -1.41358e-23
 -1.32873e-23
 -1.24705e-23
 -1.16799e-23
 -1.09124e-23
 -1.01638e-23
 -9.43228e-24
 -8.70996e-24
 -7.99162e-24
 -7.27312e-24
 -6.54810e-24
 -5.81458e-24
 -5.06246e-24
 -4.28584e-24
 -3.47625e-24
 -2.62357e-24
 -1.70935e-24
 -7.16242e-25
  3.86605e-25
  1.62534e-24
  3.04127e-24
  4.66464e-24
  6.54130e-24
  8.70677e-24
  1.12470e-23
  1.43654e-23
  1.85657e-23
  2.48460e-23
  3.47443e-23
  4.95575e-23
  6.74276e-23
  8.17207e-23
  8.72693e-23
  8.59142e-23
  8.24411e-23
  7.96326e-23
  7.81983e-23
  7.83130e-23
  7.99056e-23
  8.30012e-23
  8.75384e-23
  9.35709e-23
  1.00150e-22
  1.09095e-22
  1.19623e-22
  1.31844e-22
  1.45748e-22
  1.61607e-22
  1.79603e-22
  2.00136e-22
  2.23227e-22
  2.49264e-22
  2.78400e-22
  3.11110e-22
  3.47665e-22
  3.88667e-22
  4.34502e-22
  4.86071e-22
  5.43996e-22
  6.09289e-22
  6.82623e-22
  7.65080e-22
  8.57606e-22
  9.61558e-22
  1.07823e-21
  1.20913e-21
  1.35606e-21
  1.52082e-21
  1.70584e-21
  1.91318e-21
  2.14612e-21
  2.40704e-21
  2.70033e-21
  3.02873e-21
  3.39805e-21
  3.81130e-21
  4.27626e-21
  4.79627e-21
  5.38168e-21
  6.03608e-21
  6.77312e-21
  7.59665e-21
  8.52464e-21
  9.56147e-21
  1.07297e-20
  1.20352e-20
  1.35054e-20
  1.51492e-20
  1.69995e-20
  1.90693e-20
  2.13978e-20
  2.40039e-20
  2.69344e-20
   Cooling for Wiersma, Schaye and Smith (2008).
   Redshift = 7.0 log(T) = 2-8 K, log(dT) = 0.05, log(n_H) = -4 , [Z/Zsol] = 
-1.5
