  2.27865e-34
  2.70456e-34
  3.17868e-34
  3.71527e-34
  4.31821e-34
  4.99626e-34
  5.75283e-34
  6.59748e-34
  7.53189e-34
  8.53531e-34
  9.65321e-34
  1.08551e-33
  1.21706e-33
  1.36296e-33
  1.52037e-33
  1.68620e-33
  1.80268e-33
  2.04259e-33
  2.26639e-33
  2.38419e-33
  2.62779e-33
  3.18416e-33
  3.44330e-33
  3.35250e-33
  3.84286e-33
  4.91922e-33
  5.11137e-33
  4.66332e-33
  5.78396e-33
  7.82221e-33
  7.71947e-33
  6.85734e-33
  3.04845e-32
  2.89549e-31
  1.73469e-30
  8.40547e-30
  4.08771e-29
  1.74275e-28
  7.14520e-28
  2.63750e-27
  1.55385e-26
  1.89658e-25
  2.92155e-24
  2.38649e-23
  8.64818e-23
  1.31776e-22
  1.24211e-22
  1.00473e-22
  8.03582e-23
  6.70000e-23
  5.76290e-23
  5.01638e-23
  4.49481e-23
  4.29380e-23
  4.52628e-23
  5.44740e-23
  7.41438e-23
  1.02655e-22
  1.25669e-22
  1.29984e-22
  1.21518e-22
  1.08701e-22
  9.60781e-23
  8.74999e-23
  8.30262e-23
  8.03491e-23
  7.83425e-23
  7.73365e-23
  7.49241e-23
  6.64543e-23
  5.42638e-23
  4.75324e-23
  4.54890e-23
  4.60356e-23
  4.74808e-23
  4.88140e-23
  5.00839e-23
  5.23057e-23
  5.58473e-23
  6.02790e-23
  6.50380e-23
  6.99701e-23
  7.52743e-23
  8.10882e-23
  8.73938e-23
  9.42125e-23
  1.01976e-22
  1.11273e-22
  1.22359e-22
  1.35240e-22
  1.49976e-22
  1.66820e-22
  1.85954e-22
  2.07593e-22
  2.31984e-22
  2.59416e-22
  2.90227e-22
  3.24806e-22
  3.63582e-22
  4.07034e-22
  4.55720e-22
  5.10337e-22
  5.71534e-22
  6.40122e-22
  7.17043e-22
  8.03352e-22
  9.00220e-22
  1.00892e-21
  1.13089e-21
  1.26772e-21
  1.42123e-21
  1.59356e-21
  1.78689e-21
  2.00374e-21
  2.24698e-21
  2.51983e-21
  2.82589e-21
  3.16920e-21
  3.55431e-21
  3.98631e-21
  4.47093e-21
   Cooling for Wiersma, Schaye and Smith (2008).
   z > 11 (photodis) log(T) = 2-8 K, log(dT) = 0.05, log(n_H) = 0 , [Z/Zsol] = 
-1.0
