 -1.35400e-24
 -1.34603e-24
 -1.33751e-24
 -1.32862e-24
 -1.31938e-24
 -1.30976e-24
 -1.29977e-24
 -1.28939e-24
 -1.27865e-24
 -1.26753e-24
 -1.25602e-24
 -1.24412e-24
 -1.23184e-24
 -1.21915e-24
 -1.20605e-24
 -1.19253e-24
 -1.17856e-24
 -1.16413e-24
 -1.14921e-24
 -1.13378e-24
 -1.11780e-24
 -1.10112e-24
 -1.08391e-24
 -1.06606e-24
 -1.04751e-24
 -1.02825e-24
 -1.00818e-24
 -9.87294e-25
 -9.65507e-25
 -9.42777e-25
 -9.18935e-25
 -8.93785e-25
 -8.67194e-25
 -8.38884e-25
 -8.08484e-25
 -7.75472e-25
 -7.39289e-25
 -6.90879e-25
 -5.95494e-25
 -3.25554e-25
  6.39608e-25
  3.65757e-24
  1.26902e-23
  3.48292e-23
  7.76250e-23
  1.16718e-22
  1.17108e-22
  9.70165e-23
  7.67936e-23
  6.19520e-23
  5.14016e-23
  4.29911e-23
  3.64100e-23
  3.25498e-23
  3.25153e-23
  3.89443e-23
  5.53119e-23
  7.99571e-23
  9.89908e-23
  9.95698e-23
  8.78949e-23
  7.35340e-23
  6.07433e-23
  5.11904e-23
  4.45056e-23
  3.96798e-23
  3.58986e-23
  3.30785e-23
  3.02504e-23
  2.58364e-23
  1.98939e-23
  1.64341e-23
  1.45533e-23
  1.35530e-23
  1.28519e-23
  1.20648e-23
  1.12310e-23
  1.06478e-23
  1.04010e-23
  1.03313e-23
  1.02331e-23
  1.00547e-23
  9.81112e-24
  9.51714e-24
  9.13449e-24
  8.63614e-24
  8.12017e-24
  7.73114e-24
  7.50257e-24
  7.38531e-24
  7.34238e-24
  7.42363e-24
  7.58434e-24
  7.80911e-24
  8.08559e-24
  8.40272e-24
  8.75403e-24
  9.13404e-24
  9.53526e-24
  9.94824e-24
  1.03749e-23
  1.08843e-23
  1.14122e-23
  1.19539e-23
  1.25222e-23
  1.31294e-23
  1.37875e-23
  1.44949e-23
  1.52530e-23
  1.60566e-23
  1.69232e-23
  1.79669e-23
  1.90959e-23
  2.02925e-23
  2.15640e-23
  2.29088e-23
  2.43347e-23
  2.58410e-23
  2.74358e-23
  2.91193e-23
  3.09237e-23
   Cooling for Wiersma, Schaye and Smith (2008).
   Redshift = 8.0 log(T) = 2-8 K, log(dT) = 0.05, log(n_H) = 0 , [Z/Zsol] = -1.5
