 -1.07946e-24
 -1.07406e-24
 -1.06838e-24
 -1.06247e-24
 -1.05635e-24
 -1.04998e-24
 -1.04338e-24
 -1.03653e-24
 -1.02941e-24
 -1.02202e-24
 -1.01434e-24
 -1.00635e-24
 -9.98052e-25
 -9.89420e-25
 -9.80448e-25
 -9.71111e-25
 -9.61399e-25
 -9.51287e-25
 -9.40758e-25
 -9.29783e-25
 -9.18339e-25
 -9.06374e-25
 -8.93883e-25
 -8.80841e-25
 -8.67207e-25
 -8.52963e-25
 -8.38038e-25
 -8.22432e-25
 -8.06080e-25
 -7.88967e-25
 -7.70994e-25
 -7.52055e-25
 -7.32119e-25
 -7.11187e-25
 -6.89125e-25
 -6.65833e-25
 -6.41570e-25
 -6.08509e-25
 -5.34301e-25
 -2.94174e-25
  6.26848e-25
  3.58832e-24
  1.26081e-23
  3.51222e-23
  7.93955e-23
  1.18704e-22
  1.17402e-22
  9.62732e-23
  7.56674e-23
  6.06991e-23
  4.97447e-23
  4.07120e-23
  3.34317e-23
  2.87586e-23
  2.77591e-23
  3.30525e-23
  4.80988e-23
  7.12836e-23
  8.88031e-23
  8.77862e-23
  7.48918e-23
  6.00517e-23
  4.74377e-23
  3.77452e-23
  3.04559e-23
  2.50123e-23
  2.08700e-23
  1.77250e-23
  1.52571e-23
  1.32720e-23
  1.08145e-23
  9.59051e-24
  8.64703e-24
  7.92437e-24
  7.35103e-24
  6.83606e-24
  6.43091e-24
  6.12945e-24
  5.91169e-24
  5.76221e-24
  5.66125e-24
  5.63154e-24
  5.63836e-24
  5.67765e-24
  5.74283e-24
  5.83077e-24
  5.94140e-24
  6.07784e-24
  6.23924e-24
  6.42318e-24
  6.63150e-24
  6.91347e-24
  7.22579e-24
  7.56415e-24
  7.92852e-24
  8.31892e-24
  8.73579e-24
  9.17942e-24
  9.65077e-24
  1.01503e-23
  1.06883e-23
  1.13407e-23
  1.20472e-23
  1.28004e-23
  1.36048e-23
  1.44624e-23
  1.53784e-23
  1.63548e-23
  1.73973e-23
  1.85086e-23
  1.97110e-23
  2.11258e-23
  2.26656e-23
  2.43207e-23
  2.61033e-23
  2.80206e-23
  3.00864e-23
  3.23107e-23
  3.47094e-23
  3.72957e-23
  4.01118e-23
   Cooling for Wiersma, Schaye and Smith (2008).
   11 < z < 9.89 (highz) log(T) = 2-8 K, log(dT) = 0.05, log(n_H) = 0
 , [Z/Zsol] = -3.0
