  2.31583e-32
  2.73681e-32
  3.21126e-32
  3.74954e-32
  4.35501e-32
  5.03651e-32
  5.79787e-32
  6.64826e-32
  7.58621e-32
  8.61002e-32
  9.73519e-32
  1.09683e-31
  1.23099e-31
  1.37740e-31
  1.53673e-31
  1.71049e-31
  1.91273e-31
  2.13047e-31
  2.35441e-31
  2.60377e-31
  2.86607e-31
  3.08155e-31
  3.39456e-31
  3.81547e-31
  4.14161e-31
  4.63554e-31
  5.05321e-31
  5.75114e-31
  6.13680e-31
  7.19971e-31
  7.62145e-31
  9.20779e-31
  9.49170e-31
  1.22307e-30
  1.34718e-30
  2.73147e-30
  1.45467e-29
  6.17429e-29
  2.86141e-28
  1.29850e-27
  1.29554e-26
  1.96721e-25
  3.01381e-24
  2.38824e-23
  8.57189e-23
  1.30354e-22
  1.22505e-22
  9.84417e-23
  7.78444e-23
  6.38018e-23
  5.35253e-23
  4.48841e-23
  3.82281e-23
  3.44337e-23
  3.46113e-23
  4.13124e-23
  5.80321e-23
  8.31945e-23
  1.02695e-22
  1.03679e-22
  9.24312e-23
  7.85300e-23
  6.62719e-23
  5.74352e-23
  5.15172e-23
  4.74613e-23
  4.46058e-23
  4.28018e-23
  4.11184e-23
  3.79329e-23
  3.34257e-23
  3.15239e-23
  3.16677e-23
  3.27538e-23
  3.44675e-23
  3.65567e-23
  3.88319e-23
  4.17998e-23
  4.53618e-23
  4.95810e-23
  5.43461e-23
  5.95937e-23
  6.54283e-23
  7.19502e-23
  7.92261e-23
  8.73399e-23
  9.65104e-23
  1.06979e-22
  1.18931e-22
  1.32459e-22
  1.47712e-22
  1.64941e-22
  1.84328e-22
  2.06116e-22
  2.30581e-22
  2.58040e-22
  2.88852e-22
  3.23414e-22
  3.62178e-22
  4.05655e-22
  4.54415e-22
  5.09171e-22
  5.70574e-22
  6.39422e-22
  7.16628e-22
  8.03211e-22
  9.00317e-22
  1.00923e-21
  1.13138e-21
  1.26839e-21
  1.42207e-21
  1.59458e-21
  1.78809e-21
  2.00515e-21
  2.24861e-21
  2.52170e-21
  2.82803e-21
  3.17164e-21
  3.55709e-21
  3.98946e-21
  4.47450e-21
   Cooling for Wiersma, Schaye and Smith (2008).
   z > 11 (photodis) log(T) = 2-8 K, log(dT) = 0.05, log(n_H) = -5 , [Z/Zsol] = 
-1.5
