 -1.00525e-24
 -9.87805e-25
 -9.67281e-25
 -9.44674e-25
 -9.20144e-25
 -8.93612e-25
 -8.65516e-25
 -8.36112e-25
 -8.05761e-25
 -7.74798e-25
 -7.43445e-25
 -7.12321e-25
 -6.81593e-25
 -6.51492e-25
 -6.22234e-25
 -5.93937e-25
 -5.66652e-25
 -5.40465e-25
 -5.15337e-25
 -4.91267e-25
 -4.68190e-25
 -4.43788e-25
 -4.22274e-25
 -4.01485e-25
 -3.81318e-25
 -3.61588e-25
 -3.42039e-25
 -3.22247e-25
 -3.01694e-25
 -2.79476e-25
 -2.53843e-25
 -2.22502e-25
 -1.82230e-25
 -1.24521e-25
 -4.25157e-26
  7.66966e-26
  2.58882e-25
  5.40656e-25
  1.01420e-24
  1.85463e-24
  3.69033e-24
  7.97001e-24
  1.89636e-23
  4.45181e-23
  9.38576e-23
  1.39139e-22
  1.42386e-22
  1.26432e-22
  1.12859e-22
  1.07650e-22
  1.09724e-22
  1.17606e-22
  1.31606e-22
  1.52931e-22
  1.83202e-22
  2.25481e-22
  2.83511e-22
  3.55391e-22
  4.23751e-22
  4.70561e-22
  4.98844e-22
  5.00021e-22
  4.81796e-22
  4.76725e-22
  4.90051e-22
  5.03931e-22
  5.11644e-22
  5.19200e-22
  5.05078e-22
  4.23959e-22
  3.07924e-22
  2.33882e-22
  2.02497e-22
  1.92866e-22
  1.88294e-22
  1.79088e-22
  1.64910e-22
  1.55653e-22
  1.54751e-22
  1.57499e-22
  1.57821e-22
  1.53311e-22
  1.45566e-22
  1.35201e-22
  1.21182e-22
  1.02733e-22
  8.30634e-23
  6.67985e-23
  5.50691e-23
  4.63594e-23
  3.94169e-23
  3.43236e-23
  3.10057e-23
  2.91153e-23
  2.82686e-23
  2.81276e-23
  2.84908e-23
  2.91996e-23
  3.00078e-23
  3.06327e-23
  3.08417e-23
  3.05391e-23
  2.95801e-23
  2.81038e-23
  2.64421e-23
  2.50133e-23
  2.41093e-23
  2.37162e-23
  2.37790e-23
  2.41774e-23
  2.48715e-23
  2.59225e-23
  2.72085e-23
  2.86853e-23
  3.03521e-23
  3.21998e-23
  3.42351e-23
  3.64576e-23
  3.88772e-23
  4.14948e-23
  4.43511e-23
   Cooling for Wiersma, Schaye and Smith (2008).
   11 < z < 9.89 (highz) log(T) = 2-8 K, log(dT) = 0.05, log(n_H) = 0
 , [Z/Zsol] = 0.0
