 -8.44626e-25
 -8.01105e-25
 -7.48462e-25
 -6.89713e-25
 -6.25344e-25
 -5.55156e-25
 -4.80531e-25
 -4.02328e-25
 -3.21682e-25
 -2.39711e-25
 -1.57110e-25
 -7.59130e-26
  3.36373e-27
  7.99329e-26
  1.53099e-25
  2.22436e-25
  2.87753e-25
  3.48734e-25
  4.05462e-25
  4.57878e-25
  5.06133e-25
  5.57452e-25
  5.98497e-25
  6.36054e-25
  6.70363e-25
  7.01965e-25
  7.31522e-25
  7.60374e-25
  7.90021e-25
  8.23289e-25
  8.65501e-25
  9.23684e-25
  1.00797e-24
  1.14528e-24
  1.35703e-24
  1.68386e-24
  2.20786e-24
  3.02796e-24
  4.36584e-24
  6.50561e-24
  1.03211e-23
  1.74539e-23
  3.27198e-23
  6.48552e-23
  1.25160e-22
  1.83367e-22
  1.96463e-22
  1.91709e-22
  1.93357e-22
  2.09274e-22
  2.39546e-22
  2.84040e-22
  3.44098e-22
  4.21696e-22
  5.19648e-22
  6.41980e-22
  7.93046e-22
  9.70324e-22
  1.14873e-21
  1.29906e-21
  1.41646e-21
  1.45231e-21
  1.42194e-21
  1.42687e-21
  1.48482e-21
  1.54052e-21
  1.57390e-21
  1.60461e-21
  1.56527e-21
  1.31287e-21
  9.51000e-22
  7.19348e-22
  6.22075e-22
  5.93162e-22
  5.79936e-22
  5.51919e-22
  5.07930e-22
  4.79288e-22
  4.76905e-22
  4.85924e-22
  4.87162e-22
  4.72953e-22
  4.48431e-22
  4.15547e-22
  3.71044e-22
  3.12472e-22
  2.49990e-22
  1.98225e-22
  1.60758e-22
  1.32799e-22
  1.10379e-22
  9.36514e-23
  8.24759e-23
  7.57614e-23
  7.22936e-23
  7.10022e-23
  7.12495e-23
  7.25321e-23
  7.40695e-23
  7.49657e-23
  7.44625e-23
  7.20928e-23
  6.75291e-23
  6.12271e-23
  5.42276e-23
  4.78501e-23
  4.30068e-23
  3.96495e-23
  3.75919e-23
  3.64470e-23
  3.60411e-23
  3.63049e-23
  3.70413e-23
  3.81320e-23
  3.95484e-23
  4.12454e-23
  4.32148e-23
  4.54335e-23
  4.78980e-23
  5.05834e-23
  5.35267e-23
   Cooling for Wiersma, Schaye and Smith (2008).
   11 < z < 9.89 (highz) log(T) = 2-8 K, log(dT) = 0.05, log(n_H) = 0
 , [Z/Zsol] = 0.50
