 -7.93649e-24
 -7.78594e-24
 -7.61880e-24
 -7.44038e-24
 -7.25216e-24
 -7.05717e-24
 -6.85534e-24
 -6.64801e-24
 -6.43571e-24
 -6.21937e-24
 -5.99888e-24
 -5.77767e-24
 -5.55575e-24
 -5.33384e-24
 -5.11252e-24
 -4.89218e-24
 -4.67300e-24
 -4.45521e-24
 -4.23890e-24
 -4.02423e-24
 -3.81127e-24
 -3.57957e-24
 -3.36812e-24
 -3.15816e-24
 -2.94917e-24
 -2.73994e-24
 -2.52983e-24
 -2.31430e-24
 -2.09115e-24
 -1.85784e-24
 -1.60992e-24
 -1.34308e-24
 -1.05191e-24
 -7.23893e-25
 -3.48087e-25
  9.36982e-26
  6.43002e-25
  1.35417e-24
  2.35291e-24
  3.78368e-24
  6.07797e-24
  9.88330e-24
  1.73689e-23
  3.17809e-23
  5.73085e-23
  8.98624e-23
  1.12145e-22
  1.15469e-22
  1.09849e-22
  1.05912e-22
  1.07799e-22
  1.16136e-22
  1.30757e-22
  1.52420e-22
  1.82883e-22
  2.25296e-22
  2.83517e-22
  3.55717e-22
  4.24157e-22
  4.71384e-22
  4.99236e-22
  5.00066e-22
  4.81658e-22
  4.76497e-22
  4.89846e-22
  5.03729e-22
  5.11474e-22
  5.19009e-22
  5.04850e-22
  4.23763e-22
  3.07815e-22
  2.33829e-22
  2.02460e-22
  1.92838e-22
  1.88265e-22
  1.79057e-22
  1.64884e-22
  1.55635e-22
  1.54737e-22
  1.57485e-22
  1.57807e-22
  1.53297e-22
  1.45554e-22
  1.35188e-22
  1.21169e-22
  1.02719e-22
  8.30507e-23
  6.67875e-23
  5.50595e-23
  4.63508e-23
  3.94092e-23
  3.43167e-23
  3.09992e-23
  2.91090e-23
  2.82624e-23
  2.81213e-23
  2.84845e-23
  2.91931e-23
  3.00011e-23
  3.06257e-23
  3.08344e-23
  3.05314e-23
  2.95721e-23
  2.80954e-23
  2.64332e-23
  2.50041e-23
  2.40861e-23
  2.36851e-23
  2.37393e-23
  2.41291e-23
  2.48153e-23
  2.58595e-23
  2.71403e-23
  2.86139e-23
  3.02797e-23
  3.21285e-23
  3.41669e-23
  3.63984e-23
  3.88598e-23
  4.14765e-23
  4.43318e-23
   Cooling for Wiersma, Schaye and Smith (2008).
   11 < z < 9.89 (highz) log(T) = 2-8 K, log(dT) = 0.05, log(n_H) = -1
 , [Z/Zsol] = 0.0
