 -1.51260e-23
 -1.48191e-23
 -1.44842e-23
 -1.41447e-23
 -1.38012e-23
 -1.34538e-23
 -1.31030e-23
 -1.27492e-23
 -1.23927e-23
 -1.20339e-23
 -1.16733e-23
 -1.13112e-23
 -1.09533e-23
 -1.05883e-23
 -1.02287e-23
 -9.86556e-24
 -9.50282e-24
 -9.14149e-24
 -8.78207e-24
 -8.42505e-24
 -8.07087e-24
 -7.71845e-24
 -7.37102e-24
 -7.02778e-24
 -6.68925e-24
 -6.35571e-24
 -6.02755e-24
 -5.70503e-24
 -5.38866e-24
 -5.07842e-24
 -4.77472e-24
 -4.47676e-24
 -4.18550e-24
 -3.90040e-24
 -3.62165e-24
 -3.34834e-24
 -3.08029e-24
 -2.81131e-24
 -2.52676e-24
 -2.17919e-24
 -1.59464e-24
 -3.63863e-25
  2.63196e-24
  9.26332e-24
  2.25937e-23
  4.29737e-23
  6.29736e-23
  7.09162e-23
  6.59662e-23
  5.62650e-23
  4.70376e-23
  3.98866e-23
  3.47106e-23
  3.17175e-23
  3.21274e-23
  3.87373e-23
  5.52243e-23
  8.00270e-23
  9.91596e-23
  9.97587e-23
  8.80177e-23
  7.35851e-23
  6.07562e-23
  5.11902e-23
  4.45371e-23
  3.96832e-23
  3.59054e-23
  3.30860e-23
  3.02578e-23
  2.58504e-23
  1.99192e-23
  1.64687e-23
  1.45948e-23
  1.36006e-23
  1.29057e-23
  1.21255e-23
  1.13001e-23
  1.07265e-23
  1.04899e-23
  1.04314e-23
  1.03460e-23
  1.01816e-23
  9.95378e-24
  9.67742e-24
  9.31443e-24
  8.83826e-24
  8.34727e-24
  7.98636e-24
  7.78923e-24
  7.70723e-24
  7.70381e-24
  7.82936e-24
  8.03974e-24
  8.32019e-24
  8.65916e-24
  9.04633e-24
  9.47630e-24
  9.94446e-24
  1.04447e-23
  1.09686e-23
  1.15201e-23
  1.21691e-23
  1.28541e-23
  1.35715e-23
  1.43376e-23
  1.51660e-23
  1.60727e-23
  1.70582e-23
  1.81297e-23
  1.92834e-23
  2.05447e-23
  2.20294e-23
  2.36554e-23
  2.54074e-23
  2.73046e-23
  2.93490e-23
  3.15625e-23
  3.39501e-23
  3.65374e-23
  3.93303e-23
  4.23821e-23
   Cooling for Wiersma, Schaye and Smith (2008).
   Redshift = 6.0 log(T) = 2-8 K, log(dT) = 0.05, log(n_H) = -1 , [Z/Zsol] = 
-1.5
