 -5.82050e-23
 -5.49386e-23
 -5.17685e-23
 -4.87470e-23
 -4.58616e-23
 -4.31180e-23
 -4.05046e-23
 -3.80250e-23
 -3.56688e-23
 -3.34376e-23
 -3.13220e-23
 -2.93222e-23
 -2.74300e-23
 -2.56442e-23
 -2.39579e-23
 -2.23686e-23
 -2.08638e-23
 -1.94587e-23
 -1.81303e-23
 -1.68760e-23
 -1.57049e-23
 -1.46095e-23
 -1.35750e-23
 -1.26003e-23
 -1.16919e-23
 -1.08417e-23
 -1.00411e-23
 -9.28869e-24
 -8.58874e-24
 -7.92848e-24
 -7.31330e-24
 -6.73577e-24
 -6.19710e-24
 -5.69132e-24
 -5.21729e-24
 -4.77074e-24
 -4.35737e-24
 -3.96922e-24
 -3.60110e-24
 -3.25502e-24
 -2.91397e-24
 -2.54937e-24
 -2.09508e-24
 -1.42727e-24
 -3.05188e-25
  1.58164e-24
  4.65105e-24
  9.07692e-24
  1.44749e-23
  1.95200e-23
  2.27026e-23
  2.35635e-23
  2.28313e-23
  2.20381e-23
  2.31942e-23
  2.91744e-23
  4.35594e-23
  6.56946e-23
  8.37733e-23
  8.49637e-23
  7.36203e-23
  5.95051e-23
  4.71956e-23
  3.76356e-23
  3.04185e-23
  2.50084e-23
  2.08889e-23
  1.77592e-23
  1.53034e-23
  1.33313e-23
  1.08913e-23
  9.68105e-24
  8.75116e-24
  8.04280e-24
  7.48489e-24
  6.98713e-24
  6.60122e-24
  6.32140e-24
  6.12757e-24
  6.00490e-24
  5.93384e-24
  5.93777e-24
  5.98216e-24
  6.06369e-24
  6.17608e-24
  6.31714e-24
  6.48724e-24
  6.69053e-24
  6.92674e-24
  7.19463e-24
  7.49723e-24
  7.88532e-24
  8.31635e-24
  8.78787e-24
  9.30173e-24
  9.85967e-24
  1.04648e-23
  1.11192e-23
  1.18276e-23
  1.25924e-23
  1.34289e-23
  1.44153e-23
  1.54977e-23
  1.66710e-23
  1.79488e-23
  1.93352e-23
  2.08473e-23
  2.24891e-23
  2.42824e-23
  2.62310e-23
  2.83790e-23
  3.08479e-23
  3.35780e-23
  3.65607e-23
  3.98412e-23
  4.34305e-23
  4.73814e-23
  5.17114e-23
  5.64825e-23
  6.17207e-23
  6.75222e-23
   Cooling for Wiersma, Schaye and Smith (2008).
   Redshift = 4.0 log(T) = 2-8 K, log(dT) = 0.05, log(n_H) = -2 , [Z/Zsol] = 
-3.0
