  1.68333e-36
  2.25796e-36
  2.91614e-36
  3.67633e-36
  4.54937e-36
  5.55203e-36
  6.69713e-36
  8.00525e-36
  9.49169e-36
  1.11455e-35
  1.30389e-35
  1.51495e-35
  1.75402e-35
  2.02788e-35
  2.33544e-35
  2.67477e-35
  2.95418e-35
  3.45985e-35
  3.97069e-35
  4.32550e-35
  4.94077e-35
  6.20912e-35
  6.96987e-35
  7.05092e-35
  8.40337e-35
  1.11911e-34
  1.20983e-34
  1.14410e-34
  1.47086e-34
  2.06247e-34
  2.11110e-34
  1.95060e-34
  9.18169e-34
  9.26591e-33
  6.26676e-32
  3.60019e-31
  2.27236e-30
  1.28335e-29
  8.30682e-29
  6.41980e-28
  1.05860e-26
  1.76613e-25
  2.85638e-24
  2.35334e-23
  8.54038e-23
  1.29892e-22
  1.21824e-22
  9.75710e-23
  7.67444e-23
  6.23973e-23
  5.16978e-23
  4.25406e-23
  3.52112e-23
  3.06300e-23
  2.98492e-23
  3.53948e-23
  5.07879e-23
  7.44466e-23
  9.24143e-23
  9.19557e-23
  7.94373e-23
  6.50623e-23
  5.30182e-23
  4.39939e-23
  3.74756e-23
  3.28858e-23
  2.97047e-23
  2.76381e-23
  2.63803e-23
  2.57530e-23
  2.48190e-23
  2.53044e-23
  2.62790e-23
  2.77084e-23
  2.95498e-23
  3.17442e-23
  3.43790e-23
  3.74884e-23
  4.10977e-23
  4.52423e-23
  4.99594e-23
  5.53356e-23
  6.14080e-23
  6.82529e-23
  7.59541e-23
  8.46099e-23
  9.43338e-23
  1.05256e-22
  1.17520e-22
  1.31283e-22
  1.46727e-22
  1.64104e-22
  1.83598e-22
  2.05457e-22
  2.29969e-22
  2.57453e-22
  2.88270e-22
  3.22823e-22
  3.61565e-22
  4.05005e-22
  4.53723e-22
  5.08435e-22
  5.69797e-22
  6.38607e-22
  7.15772e-22
  8.02307e-22
  8.99356e-22
  1.00819e-21
  1.13026e-21
  1.26716e-21
  1.42072e-21
  1.59309e-21
  1.78644e-21
  2.00331e-21
  2.24656e-21
  2.51942e-21
  2.82548e-21
  3.16880e-21
  3.55390e-21
  3.98590e-21
  4.47052e-21
   Cooling for Wiersma, Schaye and Smith (2008).
   z > 11 (photodis) log(T) = 2-8 K, log(dT) = 0.05, log(n_H) = 0 , [Z/Zsol] = 
-3.0
