  2.28895e-32
  2.70968e-32
  3.18211e-32
  3.71673e-32
  4.31725e-32
  4.99227e-32
  5.74572e-32
  6.58618e-32
  7.51269e-32
  8.52291e-32
  9.62994e-32
  1.08411e-31
  1.21576e-31
  1.35904e-31
  1.51474e-31
  1.68396e-31
  1.86085e-31
  2.04155e-31
  2.26287e-31
  2.35512e-31
  2.64487e-31
  2.88884e-31
  3.38649e-31
  3.90032e-31
  4.36862e-31
  5.85691e-31
  5.06919e-31
  2.79379e-31
  5.50429e-31
  2.82884e-30
  2.31810e-30
  4.13153e-31
  1.53717e-30
  7.05420e-30
  4.88289e-29
  6.49789e-29
  4.01138e-28
  1.61455e-27
  6.51686e-27
  2.12904e-26
  6.22580e-26
  3.34249e-25
  3.71767e-24
  2.72155e-23
  9.62092e-23
  1.48670e-22
  1.45777e-22
  1.26780e-22
  1.13163e-22
  1.08810e-22
  1.11536e-22
  1.19471e-22
  1.33485e-22
  1.54851e-22
  1.85400e-22
  2.27928e-22
  2.86476e-22
  3.59128e-22
  4.28020e-22
  4.75718e-22
  5.04059e-22
  5.05415e-22
  4.87506e-22
  4.82991e-22
  4.97106e-22
  5.11827e-22
  5.20499e-22
  5.29135e-22
  5.16223e-22
  4.36447e-22
  3.21911e-22
  2.49600e-22
  2.20122e-22
  2.12643e-22
  2.10484e-22
  2.03988e-22
  1.92854e-22
  1.87005e-22
  1.89926e-22
  1.96967e-22
  2.02114e-22
  2.03011e-22
  2.01333e-22
  1.97772e-22
  1.91388e-22
  1.81504e-22
  1.71435e-22
  1.65921e-22
  1.66207e-22
  1.70917e-22
  1.79199e-22
  1.91496e-22
  2.07348e-22
  2.26995e-22
  2.50304e-22
  2.77256e-22
  3.08019e-22
  3.42837e-22
  3.81916e-22
  4.25481e-22
  4.73870e-22
  5.27626e-22
  5.87322e-22
  6.53902e-22
  7.28601e-22
  8.12849e-22
  9.08064e-22
  1.01553e-21
  1.13660e-21
  1.27278e-21
  1.42583e-21
  1.59782e-21
  1.79091e-21
  2.00760e-21
  2.25074e-21
  2.52353e-21
  2.82956e-21
  3.17288e-21
  3.55801e-21
  3.99005e-21
  4.47471e-21
   Cooling for Wiersma, Schaye and Smith (2008).
   z > 11 (photodis) log(T) = 2-8 K, log(dT) = 0.05, log(n_H) = -2 , [Z/Zsol] = 
0.0
