  7.22414e-33
  8.56638e-33
  1.00600e-32
  1.17499e-32
  1.36482e-32
  1.57824e-32
  1.81629e-32
  2.08195e-32
  2.37573e-32
  2.69103e-32
  3.04214e-32
  3.41940e-32
  3.83208e-32
  4.28948e-32
  4.78262e-32
  5.30164e-32
  5.66496e-32
  6.41539e-32
  7.11425e-32
  7.47944e-32
  8.23825e-32
  9.97562e-32
  1.07796e-31
  1.04871e-31
  1.20111e-31
  1.53619e-31
  1.59474e-31
  1.45371e-31
  1.80144e-31
  2.43400e-31
  2.39969e-31
  2.12936e-31
  9.45033e-31
  8.95930e-30
  5.34540e-29
  2.57268e-28
  1.23500e-27
  5.16799e-27
  2.02467e-26
  6.43631e-26
  1.68728e-25
  5.93173e-25
  4.93749e-24
  3.41196e-23
  1.19827e-22
  1.90035e-22
  1.98036e-22
  1.90226e-22
  1.92143e-22
  2.09371e-22
  2.41094e-22
  2.85967e-22
  3.46131e-22
  4.23652e-22
  5.22039e-22
  6.44634e-22
  7.96588e-22
  9.75213e-22
  1.15429e-21
  1.30629e-21
  1.42318e-21
  1.45854e-21
  1.42801e-21
  1.43323e-21
  1.49200e-21
  1.54849e-21
  1.58281e-21
  1.61461e-21
  1.57649e-21
  1.32543e-21
  9.65053e-22
  7.35090e-22
  6.39695e-22
  6.12934e-22
  6.02124e-22
  5.76819e-22
  5.35869e-22
  5.10636e-22
  5.12080e-22
  5.25393e-22
  5.31450e-22
  5.22647e-22
  5.04190e-22
  4.78112e-22
  4.41245e-22
  3.91241e-22
  3.38371e-22
  2.97392e-22
  2.72027e-22
  2.57646e-22
  2.50460e-22
  2.50827e-22
  2.58832e-22
  2.73638e-22
  2.94317e-22
  3.20118e-22
  3.50764e-22
  3.86155e-22
  4.25963e-22
  4.69799e-22
  5.17475e-22
  5.69163e-22
  6.25253e-22
  6.87007e-22
  7.56366e-22
  8.35665e-22
  9.26953e-22
  1.03146e-21
  1.15042e-21
  1.28506e-21
  1.43702e-21
  1.60823e-21
  1.80077e-21
  2.01707e-21
  2.25996e-21
  2.53259e-21
  2.83856e-21
  3.18186e-21
  3.56703e-21
  3.99912e-21
  4.48386e-21
   Cooling for Wiersma, Schaye and Smith (2008).
   z > 11 (photodis) log(T) = 2-8 K, log(dT) = 0.05, log(n_H) = 0 , [Z/Zsol] = 
0.50
