 -7.03479e-23
 -6.56513e-23
 -6.11910e-23
 -5.70141e-23
 -5.30517e-23
 -4.92772e-23
 -4.57301e-23
 -4.23821e-23
 -3.92402e-23
 -3.63051e-23
 -3.35424e-23
 -3.09509e-23
 -2.85231e-23
 -2.62510e-23
 -2.41548e-23
 -2.21958e-23
 -2.03524e-23
 -1.86812e-23
 -1.71047e-23
 -1.56640e-23
 -1.43172e-23
 -1.30777e-23
 -1.19368e-23
 -1.09011e-23
 -9.93442e-24
 -9.06963e-24
 -8.25082e-24
 -7.52812e-24
 -6.84564e-24
 -6.22253e-24
 -5.64684e-24
 -5.09420e-24
 -4.58621e-24
 -4.07236e-24
 -3.55862e-24
 -3.01541e-24
 -2.42771e-24
 -1.75713e-24
 -9.65089e-25
 -1.80196e-26
  1.12414e-24
  2.50261e-24
  4.24298e-24
  6.46059e-24
  9.40492e-24
  1.33112e-23
  1.85467e-23
  2.54468e-23
  3.45197e-23
  4.60963e-23
  6.05043e-23
  7.77388e-23
  9.80117e-23
  1.21756e-22
  1.50371e-22
  1.86466e-22
  2.33702e-22
  2.92794e-22
  3.54311e-22
  4.02628e-22
  4.32087e-22
  4.40876e-22
  4.36120e-22
  4.37843e-22
  4.51494e-22
  4.65758e-22
  4.72801e-22
  4.71844e-22
  4.49248e-22
  3.78228e-22
  2.85028e-22
  2.25710e-22
  2.00794e-22
  1.93139e-22
  1.88975e-22
  1.80418e-22
  1.68877e-22
  1.62878e-22
  1.64348e-22
  1.68769e-22
  1.70786e-22
  1.68342e-22
  1.62884e-22
  1.54754e-22
  1.43073e-22
  1.27591e-22
  1.11675e-22
  9.97290e-23
  9.26208e-23
  8.88471e-23
  8.72649e-23
  8.79819e-23
  9.10076e-23
  9.64397e-23
  1.03577e-22
  1.12378e-22
  1.22817e-22
  1.35309e-22
  1.49305e-22
  1.64968e-22
  1.82461e-22
  2.02232e-22
  2.23826e-22
  2.47514e-22
  2.73821e-22
  3.03429e-22
  3.37257e-22
  3.75476e-22
  4.18761e-22
  4.67370e-22
  5.22344e-22
  5.83945e-22
  6.53532e-22
  7.31323e-22
  8.18932e-22
  9.16865e-22
  1.02706e-21
  1.15026e-21
  1.28880e-21
  1.44377e-21
  1.61795e-21
   Cooling for Wiersma, Schaye and Smith (2008).
   Redshift = 6.0 log(T) = 2-8 K, log(dT) = 0.05, log(n_H) = -3 , [Z/Zsol] = 0.0
