  3.24964e-34
  9.03822e-34
  1.56995e-33
  2.33854e-33
  1.81959e-33
  2.83249e-33
  3.98945e-33
  5.31050e-33
  6.80756e-33
  8.48343e-33
  8.99886e-33
  1.11534e-32
  1.35817e-32
  1.63231e-32
  1.94185e-32
  2.29179e-32
  2.55400e-32
  3.02300e-32
  3.54185e-32
  4.26474e-32
  4.80636e-32
  5.55590e-32
  6.42764e-32
  7.28428e-32
  8.38474e-32
  9.66564e-32
  1.07389e-31
  1.23973e-31
  1.49155e-31
  1.73276e-31
  1.93464e-31
  2.30770e-31
  2.60196e-31
  2.86045e-31
  3.56594e-31
  5.42590e-31
  2.30840e-30
  1.25836e-29
  8.43476e-29
  6.64804e-28
  1.13952e-26
  1.92362e-25
  2.99148e-24
  2.37761e-23
  8.53883e-23
  1.29780e-22
  1.21776e-22
  9.75569e-23
  7.67390e-23
  6.23988e-23
  5.17071e-23
  4.25552e-23
  3.52260e-23
  3.06468e-23
  2.98703e-23
  3.54243e-23
  5.08306e-23
  7.45070e-23
  9.24742e-23
  9.20047e-23
  7.94846e-23
  6.51022e-23
  5.30539e-23
  4.40277e-23
  3.75117e-23
  3.29274e-23
  2.97511e-23
  2.76890e-23
  2.64385e-23
  2.58202e-23
  2.48974e-23
  2.53956e-23
  2.63844e-23
  2.78265e-23
  2.96826e-23
  3.18938e-23
  3.45481e-23
  3.76787e-23
  4.13121e-23
  4.54856e-23
  5.02391e-23
  5.56618e-23
  6.17918e-23
  6.87069e-23
  7.64906e-23
  8.52402e-23
  9.50651e-23
  1.06094e-22
  1.18469e-22
  1.32354e-22
  1.47933e-22
  1.65459e-22
  1.85119e-22
  2.07166e-22
  2.31887e-22
  2.59605e-22
  2.90685e-22
  3.25534e-22
  3.64609e-22
  4.08422e-22
  4.57560e-22
  5.12742e-22
  5.74634e-22
  6.44037e-22
  7.21869e-22
  8.09150e-22
  9.07037e-22
  1.01681e-21
  1.13993e-21
  1.27802e-21
  1.43291e-21
  1.60676e-21
  1.80178e-21
  2.02051e-21
  2.26587e-21
  2.54108e-21
  2.84979e-21
  3.19607e-21
  3.58452e-21
  4.02024e-21
  4.50906e-21
   Cooling for Wiersma, Schaye and Smith (2008).
   z > 11 (photodis) log(T) = 2-8 K, log(dT) = 0.05, log(n_H) = -6 , [Z/Zsol] = 
-3.0
