 -4.87778e-22
 -4.69238e-22
 -4.51705e-22
 -4.34872e-22
 -4.19134e-22
 -4.04766e-22
 -3.91278e-22
 -3.78395e-22
 -3.65903e-22
 -3.53487e-22
 -3.41166e-22
 -3.28996e-22
 -3.17048e-22
 -3.05299e-22
 -2.93825e-22
 -2.82480e-22
 -2.71418e-22
 -2.60815e-22
 -2.50713e-22
 -2.40693e-22
 -2.31311e-22
 -2.22113e-22
 -2.13038e-22
 -2.04510e-22
 -1.95968e-22
 -1.87940e-22
 -1.80024e-22
 -1.72542e-22
 -1.65214e-22
 -1.58324e-22
 -1.51653e-22
 -1.45273e-22
 -1.39414e-22
 -1.33650e-22
 -1.28275e-22
 -1.23120e-22
 -1.18072e-22
 -1.13220e-22
 -1.08603e-22
 -1.03971e-22
 -9.94667e-23
 -9.50325e-23
 -9.07219e-23
 -8.64025e-23
 -8.20626e-23
 -7.76841e-23
 -7.32192e-23
 -6.86423e-23
 -6.39496e-23
 -5.92333e-23
 -5.45095e-23
 -4.98846e-23
 -4.55123e-23
 -4.14669e-23
 -3.78348e-23
 -3.45532e-23
 -3.15227e-23
 -2.85789e-23
 -2.55595e-23
 -2.23240e-23
 -1.87824e-23
 -1.50076e-23
 -1.12521e-23
 -8.10428e-24
 -5.68649e-24
 -4.31963e-24
 -3.65846e-24
 -3.46279e-24
 -3.51011e-24
 -3.66001e-24
 -3.88760e-24
 -4.03234e-24
 -4.10879e-24
 -4.09390e-24
 -3.97689e-24
 -3.50062e-24
 -3.25973e-24
 -2.92738e-24
 -2.43510e-24
 -1.95063e-24
 -1.41466e-24
 -8.06984e-25
  1.79902e-25
  8.06823e-25
  1.43202e-24
  2.04930e-24
  2.65646e-24
  3.25431e-24
  3.84725e-24
  4.44265e-24
  5.05264e-24
  5.73871e-24
  6.46093e-24
  7.21912e-24
  8.01662e-24
  8.85746e-24
  9.71203e-24
  1.06695e-23
  1.16872e-23
  1.27690e-23
  1.39234e-23
  1.53227e-23
  1.68599e-23
  1.85353e-23
  2.03713e-23
  2.23634e-23
  2.45671e-23
  2.69770e-23
  2.96267e-23
  3.25281e-23
  3.57435e-23
  3.94122e-23
  4.34817e-23
  4.79612e-23
  5.29125e-23
  5.83591e-23
  6.43816e-23
  7.10149e-23
  7.83544e-23
  8.64464e-23
  9.54357e-23
   Cooling for Wiersma, Schaye and Smith (2008).
   11 < z < 9.89 (highz) log(T) = 2-8 K, log(dT) = 0.05, log(n_H) = -6
 , [Z/Zsol] = 0.0
