 -7.87939e-23
 -7.37724e-23
 -6.91030e-23
 -6.46688e-23
 -6.05010e-23
 -5.66462e-23
 -5.29781e-23
 -4.95699e-23
 -4.63326e-23
 -4.33877e-23
 -4.06182e-23
 -3.79612e-23
 -3.55431e-23
 -3.32776e-23
 -3.11147e-23
 -2.91524e-23
 -2.73146e-23
 -2.55789e-23
 -2.40110e-23
 -2.25289e-23
 -2.11553e-23
 -1.99103e-23
 -1.87295e-23
 -1.76446e-23
 -1.66509e-23
 -1.57210e-23
 -1.48560e-23
 -1.40657e-23
 -1.33239e-23
 -1.26510e-23
 -1.20122e-23
 -1.14279e-23
 -1.08645e-23
 -1.03299e-23
 -9.79807e-24
 -9.24944e-24
 -8.66814e-24
 -8.02337e-24
 -7.29108e-24
 -6.44082e-24
 -5.45726e-24
 -4.32221e-24
 -2.96947e-24
 -1.31928e-24
  7.39448e-25
  3.32096e-24
  6.60208e-24
  1.07147e-23
  1.59546e-23
  2.25554e-23
  3.08696e-23
  4.10757e-23
  5.36645e-23
  6.89266e-23
  8.77946e-23
  1.11771e-22
  1.43532e-22
  1.84097e-22
  2.28600e-22
  2.66176e-22
  2.92710e-22
  3.12855e-22
  3.30569e-22
  3.47542e-22
  3.62156e-22
  3.68700e-22
  3.64595e-22
  3.48148e-22
  3.20179e-22
  2.74735e-22
  2.24043e-22
  1.91443e-22
  1.76878e-22
  1.70301e-22
  1.63856e-22
  1.54487e-22
  1.45596e-22
  1.42495e-22
  1.43903e-22
  1.46130e-22
  1.46845e-22
  1.42449e-22
  1.35789e-22
  1.24930e-22
  1.09306e-22
  9.04938e-23
  7.18794e-23
  5.75612e-23
  4.72554e-23
  3.99071e-23
  3.39568e-23
  2.92922e-23
  2.59402e-23
  2.34824e-23
  2.17758e-23
  2.11004e-23
  2.04533e-23
  2.02869e-23
  2.04749e-23
  2.09312e-23
  2.14607e-23
  2.19996e-23
  2.22042e-23
  2.21658e-23
  2.20022e-23
  2.18409e-23
  2.18476e-23
  2.20937e-23
  2.25904e-23
  2.32845e-23
  2.41907e-23
  2.54204e-23
  2.68392e-23
  2.84319e-23
  3.02042e-23
  3.21436e-23
  3.42767e-23
  3.65954e-23
  3.91099e-23
  4.18223e-23
  4.47739e-23
   Cooling for Wiersma, Schaye and Smith (2008).
   11 < z < 9.89 (highz) log(T) = 2-8 K, log(dT) = 0.05, log(n_H) = -4
 , [Z/Zsol] = 0.0
