 -2.27605e-24
 -2.25393e-24
 -2.22947e-24
 -2.20356e-24
 -2.17630e-24
 -2.14755e-24
 -2.11760e-24
 -2.08653e-24
 -2.05448e-24
 -2.02159e-24
 -1.98793e-24
 -1.95376e-24
 -1.91917e-24
 -1.88422e-24
 -1.84900e-24
 -1.81354e-24
 -1.77785e-24
 -1.74193e-24
 -1.70578e-24
 -1.66936e-24
 -1.63264e-24
 -1.59399e-24
 -1.55635e-24
 -1.51824e-24
 -1.47957e-24
 -1.44027e-24
 -1.40016e-24
 -1.35907e-24
 -1.31671e-24
 -1.27266e-24
 -1.22604e-24
 -1.17569e-24
 -1.12014e-24
 -1.05580e-24
 -9.79465e-25
 -8.85739e-25
 -7.64139e-25
 -5.94293e-25
 -3.19563e-25
  2.02972e-25
  1.51383e-24
  4.91925e-24
  1.41390e-23
  3.54728e-23
  7.52400e-23
  1.14711e-22
  1.20814e-22
  1.05050e-22
  8.74922e-23
  7.51985e-23
  6.82342e-23
  6.47449e-23
  6.43150e-23
  6.78749e-23
  7.67906e-23
  9.37599e-23
  1.22502e-22
  1.61248e-22
  1.94852e-22
  2.09124e-22
  2.08998e-22
  1.99027e-22
  1.84528e-22
  1.76242e-22
  1.75464e-22
  1.76106e-22
  1.75701e-22
  1.75927e-22
  1.69776e-22
  1.42819e-22
  1.04523e-22
  8.03199e-23
  6.97638e-23
  6.62247e-23
  6.43831e-23
  6.11184e-23
  5.63595e-23
  5.32233e-23
  5.27795e-23
  5.35327e-23
  5.35521e-23
  5.20940e-23
  4.96384e-23
  4.63762e-23
  4.19764e-23
  3.61917e-23
  3.00347e-23
  2.49666e-23
  2.13431e-23
  1.86839e-23
  1.65944e-23
  1.51338e-23
  1.42485e-23
  1.38250e-23
  1.37416e-23
  1.38906e-23
  1.42079e-23
  1.46424e-23
  1.51159e-23
  1.55382e-23
  1.58414e-23
  1.60454e-23
  1.60614e-23
  1.59260e-23
  1.57446e-23
  1.56477e-23
  1.57280e-23
  1.59789e-23
  1.63833e-23
  1.69003e-23
  1.75282e-23
  1.83632e-23
  1.93016e-23
  2.03151e-23
  2.14047e-23
  2.25633e-23
  2.37931e-23
  2.50894e-23
  2.64544e-23
  2.78830e-23
  2.94021e-23
   Cooling for Wiersma, Schaye and Smith (2008).
   Redshift = 6.0 log(T) = 2-8 K, log(dT) = 0.05, log(n_H) = 0 , [Z/Zsol] = ****
