 -2.42783e-23
 -2.35996e-23
 -2.28773e-23
 -2.21663e-23
 -2.14426e-23
 -2.07213e-23
 -2.00020e-23
 -1.92862e-23
 -1.85746e-23
 -1.78685e-23
 -1.71686e-23
 -1.64762e-23
 -1.57920e-23
 -1.51174e-23
 -1.44530e-23
 -1.37999e-23
 -1.31588e-23
 -1.25305e-23
 -1.19157e-23
 -1.13152e-23
 -1.07295e-23
 -1.01565e-23
 -9.60146e-24
 -9.06250e-24
 -8.54025e-24
 -8.03458e-24
 -7.54594e-24
 -7.07404e-24
 -6.61940e-24
 -6.18128e-24
 -5.76006e-24
 -5.35399e-24
 -4.96415e-24
 -4.58904e-24
 -4.22880e-24
 -3.88165e-24
 -3.54730e-24
 -3.22020e-24
 -2.89128e-24
 -2.53191e-24
 -2.04396e-24
 -1.20129e-24
  6.12016e-25
  4.43644e-24
  1.21613e-23
  2.50157e-23
  4.12364e-23
  5.35165e-23
  5.60411e-23
  5.13885e-23
  4.44113e-23
  3.81689e-23
  3.35169e-23
  3.09694e-23
  3.16764e-23
  3.84130e-23
  5.48534e-23
  7.95635e-23
  9.87408e-23
  9.95077e-23
  8.78937e-23
  7.35206e-23
  6.07173e-23
  5.11611e-23
  4.45109e-23
  3.96578e-23
  3.58797e-23
  3.30587e-23
  3.02277e-23
  2.58167e-23
  1.98823e-23
  1.64275e-23
  1.45486e-23
  1.35488e-23
  1.28476e-23
  1.20603e-23
  1.12269e-23
  1.06442e-23
  1.03976e-23
  1.03278e-23
  1.02295e-23
  1.00509e-23
  9.80710e-24
  9.51283e-24
  9.12979e-24
  8.63108e-24
  8.11482e-24
  7.72550e-24
  7.49654e-24
  7.37879e-24
  7.33528e-24
  7.41584e-24
  7.57575e-24
  7.79959e-24
  8.07500e-24
  8.39092e-24
  8.74087e-24
  9.11935e-24
  9.51885e-24
  9.92990e-24
  1.03544e-23
  1.08614e-23
  1.13866e-23
  1.19252e-23
  1.24900e-23
  1.30934e-23
  1.37468e-23
  1.44491e-23
  1.52015e-23
  1.59988e-23
  1.68584e-23
  1.78942e-23
  1.90145e-23
  2.02014e-23
  2.14621e-23
  2.27949e-23
  2.42073e-23
  2.56987e-23
  2.72778e-23
  2.89422e-23
  3.07250e-23
   Cooling for Wiersma, Schaye and Smith (2008).
   Redshift = 4.0 log(T) = 2-8 K, log(dT) = 0.05, log(n_H) = -1 , [Z/Zsol] = 
-1.5
