 -6.35803e-23
 -5.96403e-23
 -5.58835e-23
 -5.23375e-23
 -4.89803e-23
 -4.58138e-23
 -4.28237e-23
 -3.99876e-23
 -3.73230e-23
 -3.48465e-23
 -3.25031e-23
 -3.02837e-23
 -2.82061e-23
 -2.62721e-23
 -2.44493e-23
 -2.27319e-23
 -2.11292e-23
 -1.96232e-23
 -1.82245e-23
 -1.69175e-23
 -1.56964e-23
 -1.45466e-23
 -1.34733e-23
 -1.24740e-23
 -1.15490e-23
 -1.06735e-23
 -9.86848e-24
 -9.11627e-24
 -8.40910e-24
 -7.75568e-24
 -7.14034e-24
 -6.56887e-24
 -6.02949e-24
 -5.52187e-24
 -5.04826e-24
 -4.59479e-24
 -4.16665e-24
 -3.74907e-24
 -3.34092e-24
 -2.93711e-24
 -2.52169e-24
 -2.07688e-24
 -1.56227e-24
 -9.10700e-25
  8.28244e-27
  1.36092e-24
  3.39523e-24
  6.30683e-24
  1.02190e-23
  1.48110e-23
  1.94625e-23
  2.34055e-23
  2.65706e-23
  2.97396e-23
  3.48658e-23
  4.50238e-23
  6.40898e-23
  9.13420e-23
  1.14299e-22
  1.19757e-22
  1.12011e-22
  9.96967e-23
  8.75356e-23
  7.87838e-23
  7.36570e-23
  7.03410e-23
  6.75995e-23
  6.52831e-23
  6.13007e-23
  5.18589e-23
  3.90852e-23
  3.12371e-23
  2.75280e-23
  2.59820e-23
  2.50145e-23
  2.36205e-23
  2.19030e-23
  2.07910e-23
  2.05435e-23
  2.06838e-23
  2.06262e-23
  2.01566e-23
  1.94009e-23
  1.84025e-23
  1.70600e-23
  1.53157e-23
  1.34837e-23
  1.20076e-23
  1.09956e-23
  1.02872e-23
  9.76101e-24
  9.46652e-24
  9.36019e-24
  9.43796e-24
  9.61803e-24
  9.88467e-24
  1.02214e-23
  1.06581e-23
  1.11215e-23
  1.16147e-23
  1.21373e-23
  1.27707e-23
  1.34101e-23
  1.40467e-23
  1.46878e-23
  1.53847e-23
  1.61731e-23
  1.70519e-23
  1.80134e-23
  1.90640e-23
  2.02223e-23
  2.15994e-23
  2.31195e-23
  2.47617e-23
  2.65375e-23
  2.84527e-23
  3.05206e-23
  3.27493e-23
  3.51561e-23
  3.77520e-23
  4.05791e-23
   Cooling for Wiersma, Schaye and Smith (2008).
   11 < z < 9.89 (highz) log(T) = 2-8 K, log(dT) = 0.05, log(n_H) = -3
 , [Z/Zsol] = -1.0
