 -7.57926e-24
 -7.34742e-24
 -7.08789e-24
 -6.79907e-24
 -6.48507e-24
 -6.15553e-24
 -5.81000e-24
 -5.45300e-24
 -5.08582e-24
 -4.71152e-24
 -4.32953e-24
 -3.95081e-24
 -3.57495e-24
 -3.20429e-24
 -2.84034e-24
 -2.48416e-24
 -2.13611e-24
 -1.79667e-24
 -1.46588e-24
 -1.14393e-24
 -8.30856e-25
 -4.61758e-25
 -1.59644e-25
  1.35367e-25
  4.25209e-25
  7.14087e-25
  1.01139e-24
  1.31800e-24
  1.64775e-24
  2.00982e-24
  2.41855e-24
  2.88708e-24
  3.43389e-24
  4.09905e-24
  4.91785e-24
  5.94795e-24
  7.32289e-24
  9.20170e-24
  1.19397e-23
  1.58324e-23
  2.16179e-23
  2.97992e-23
  4.30177e-23
  6.45547e-23
  9.80940e-23
  1.38300e-22
  1.68601e-22
  1.83032e-22
  1.93134e-22
  2.09896e-22
  2.39044e-22
  2.83014e-22
  3.43131e-22
  4.20839e-22
  5.18964e-22
  6.41516e-22
  7.92997e-22
  9.71060e-22
  1.14959e-21
  1.30108e-21
  1.41739e-21
  1.45235e-21
  1.42152e-21
  1.42621e-21
  1.48423e-21
  1.53997e-21
  1.57345e-21
  1.60412e-21
  1.56467e-21
  1.31239e-21
  9.50814e-22
  7.19365e-22
  6.22163e-22
  5.93303e-22
  5.80102e-22
  5.52112e-22
  5.08175e-22
  4.79598e-22
  4.77273e-22
  4.86345e-22
  4.87641e-22
  4.73498e-22
  4.49050e-22
  4.16246e-22
  3.71830e-22
  3.13358e-22
  2.50993e-22
  1.99366e-22
  1.62047e-22
  1.34252e-22
  1.12016e-22
  9.54936e-23
  8.45470e-23
  7.80883e-23
  7.49072e-23
  7.39369e-23
  7.45447e-23
  7.62311e-23
  7.82222e-23
  7.96264e-23
  7.97152e-23
  7.79871e-23
  7.41455e-23
  6.86513e-23
  6.25615e-23
  5.72010e-23
  5.34608e-23
  5.13598e-23
  5.07195e-23
  5.11600e-23
  5.25482e-23
  5.48205e-23
  5.78309e-23
  6.14682e-23
  6.57637e-23
  7.06840e-23
  7.62903e-23
  8.25922e-23
  8.97544e-23
  9.75431e-23
  1.06229e-22
   Cooling for Wiersma, Schaye and Smith (2008).
   Redshift = 9.0 log(T) = 2-8 K, log(dT) = 0.05, log(n_H) = -1 , [Z/Zsol] = 
0.50
