  2.28369e-31
  2.70392e-31
  3.17591e-31
  3.70925e-31
  4.30814e-31
  4.98125e-31
  5.73241e-31
  6.57019e-31
  7.49370e-31
  8.50045e-31
  9.60363e-31
  1.08103e-30
  1.21216e-30
  1.35489e-30
  1.50992e-30
  1.67841e-30
  1.87050e-30
  2.07787e-30
  2.27119e-30
  2.44765e-30
  2.76187e-30
  2.96266e-30
  3.26303e-30
  3.72178e-30
  4.03774e-30
  4.55491e-30
  4.85555e-30
  5.58599e-30
  5.92093e-30
  6.83489e-30
  7.18226e-30
  8.22816e-30
  8.77210e-30
  7.56867e-30
  1.17733e-29
  6.64366e-29
  4.00693e-28
  1.61469e-27
  6.66102e-27
  2.13169e-26
  6.21777e-26
  3.33914e-25
  3.72306e-24
  2.72457e-23
  9.61994e-23
  1.48585e-22
  1.45677e-22
  1.26736e-22
  1.13105e-22
  1.08786e-22
  1.11503e-22
  1.19408e-22
  1.33459e-22
  1.54836e-22
  1.85359e-22
  2.27797e-22
  2.86323e-22
  3.59098e-22
  4.27973e-22
  4.75687e-22
  5.04011e-22
  5.05304e-22
  4.87317e-22
  4.82633e-22
  4.96767e-22
  5.11140e-22
  5.20089e-22
  5.28440e-22
  5.15924e-22
  4.36050e-22
  3.21254e-22
  2.48862e-22
  2.19552e-22
  2.11967e-22
  2.09800e-22
  2.03066e-22
  1.91522e-22
  1.85412e-22
  1.87729e-22
  1.94163e-22
  2.00131e-22
  2.00738e-22
  1.99725e-22
  1.96223e-22
  1.89266e-22
  1.79186e-22
  1.68799e-22
  1.63367e-22
  1.63653e-22
  1.68780e-22
  1.77080e-22
  1.88671e-22
  2.03912e-22
  2.22570e-22
  2.44729e-22
  2.70950e-22
  3.00539e-22
  3.34356e-22
  3.72725e-22
  4.16063e-22
  4.64750e-22
  5.19337e-22
  5.80199e-22
  6.48228e-22
  7.24449e-22
  8.09871e-22
  9.06005e-22
  1.01404e-21
  1.13553e-21
  1.27198e-21
  1.42523e-21
  1.59739e-21
  1.79060e-21
  2.00739e-21
  2.25062e-21
  2.52348e-21
  2.82959e-21
  3.17298e-21
  3.55819e-21
  3.99029e-21
  4.47502e-21
   Cooling for Wiersma, Schaye and Smith (2008).
   z > 11 (photodis) log(T) = 2-8 K, log(dT) = 0.05, log(n_H) = -4 , [Z/Zsol] = 
0.0
