 -3.93228e-23
 -3.77218e-23
 -3.60838e-23
 -3.44786e-23
 -3.29073e-23
 -3.13739e-23
 -2.98776e-23
 -2.84220e-23
 -2.70063e-23
 -2.56335e-23
 -2.43025e-23
 -2.30157e-23
 -2.17720e-23
 -2.05733e-23
 -1.94185e-23
 -1.83087e-23
 -1.72426e-23
 -1.62206e-23
 -1.52419e-23
 -1.43061e-23
 -1.34124e-23
 -1.25593e-23
 -1.17468e-23
 -1.09731e-23
 -1.02380e-23
 -9.53932e-24
 -8.87673e-24
 -8.24804e-24
 -7.65318e-24
 -7.08955e-24
 -6.55708e-24
 -6.05219e-24
 -5.57580e-24
 -5.12517e-24
 -4.70023e-24
 -4.29841e-24
 -3.91961e-24
 -3.56074e-24
 -3.22117e-24
 -2.88606e-24
 -2.51707e-24
 -2.02357e-24
 -1.17057e-24
  4.52597e-25
  3.64604e-24
  9.26446e-24
  1.79019e-23
  2.79973e-23
  3.57375e-23
  3.82682e-23
  3.62054e-23
  3.22476e-23
  2.82893e-23
  2.57485e-23
  2.60593e-23
  3.20293e-23
  4.73420e-23
  7.06765e-23
  8.83688e-23
  8.77054e-23
  7.48725e-23
  6.00649e-23
  4.75062e-23
  3.78738e-23
  3.06466e-23
  2.52651e-23
  2.12033e-23
  1.81504e-23
  1.58085e-23
  1.40311e-23
  1.18315e-23
  1.08415e-23
  1.01085e-23
  9.59761e-24
  9.25477e-24
  9.00372e-24
  8.89750e-24
  8.92619e-24
  9.06814e-24
  9.31997e-24
  9.67067e-24
  1.01542e-23
  1.07380e-23
  1.14280e-23
  1.22241e-23
  1.31364e-23
  1.41695e-23
  1.53366e-23
  1.66466e-23
  1.81159e-23
  1.97627e-23
  2.16566e-23
  2.37750e-23
  2.61376e-23
  2.87729e-23
  3.17086e-23
  3.49836e-23
  3.86299e-23
  4.26999e-23
  4.72304e-23
  5.23007e-23
  5.80276e-23
  6.44425e-23
  7.15835e-23
  7.95764e-23
  8.84729e-23
  9.84396e-23
  1.09532e-22
  1.21970e-22
  1.35813e-22
  1.51364e-22
  1.68806e-22
  1.88408e-22
  2.10246e-22
  2.34762e-22
  2.62095e-22
  2.92772e-22
  3.27001e-22
  3.65411e-22
  4.08299e-22
  4.56438e-22
   Cooling for Wiersma, Schaye and Smith (2008).
   Redshift = 8.0 log(T) = 2-8 K, log(dT) = 0.05, log(n_H) = -2 , [Z/Zsol] = 
-Inf
