 -4.38378e-24
 -4.33987e-24
 -4.29246e-24
 -4.24360e-24
 -4.19337e-24
 -4.14166e-24
 -4.08854e-24
 -4.03391e-24
 -3.97783e-24
 -3.92023e-24
 -3.86114e-24
 -3.80048e-24
 -3.73831e-24
 -3.67420e-24
 -3.60832e-24
 -3.54131e-24
 -3.47272e-24
 -3.40252e-24
 -3.33072e-24
 -3.25729e-24
 -3.18222e-24
 -3.10533e-24
 -3.02687e-24
 -2.94676e-24
 -2.86499e-24
 -2.78158e-24
 -2.69644e-24
 -2.60967e-24
 -2.52121e-24
 -2.43112e-24
 -2.33930e-24
 -2.24551e-24
 -2.14992e-24
 -2.05257e-24
 -1.95335e-24
 -1.85215e-24
 -1.74940e-24
 -1.63690e-24
 -1.48679e-24
 -1.19285e-24
 -3.36222e-25
  2.13278e-24
  9.14317e-24
  2.54644e-23
  5.65842e-23
  9.17653e-23
  1.03759e-22
  9.24939e-23
  7.48466e-23
  5.98501e-23
  4.88891e-23
  4.05553e-23
  3.39393e-23
  2.97105e-23
  2.90803e-23
  3.47254e-23
  5.02336e-23
  7.39641e-23
  9.19710e-23
  9.14896e-23
  7.88426e-23
  6.40583e-23
  5.13481e-23
  4.16805e-23
  3.45785e-23
  2.93036e-23
  2.52654e-23
  2.22136e-23
  1.96371e-23
  1.69350e-23
  1.34496e-23
  1.15645e-23
  1.03410e-23
  9.53166e-24
  8.91508e-24
  8.31372e-24
  7.77542e-24
  7.38311e-24
  7.14781e-24
  7.01162e-24
  6.90010e-24
  6.81391e-24
  6.73281e-24
  6.65808e-24
  6.57364e-24
  6.46904e-24
  6.37281e-24
  6.32927e-24
  6.34746e-24
  6.41082e-24
  6.50931e-24
  6.69188e-24
  6.91432e-24
  7.16844e-24
  7.44990e-24
  7.75474e-24
  8.08048e-24
  8.42480e-24
  8.78509e-24
  9.15769e-24
  9.54900e-24
  1.00317e-23
  1.05423e-23
  1.10725e-23
  1.16270e-23
  1.22086e-23
  1.28215e-23
  1.34639e-23
  1.41368e-23
  1.48368e-23
  1.55803e-23
  1.64820e-23
  1.74477e-23
  1.84595e-23
  1.95210e-23
  2.06298e-23
  2.17890e-23
  2.29961e-23
  2.42540e-23
  2.55601e-23
  2.69400e-23
   Cooling for Wiersma, Schaye and Smith (2008).
   Redshift = 4.0 log(T) = 2-8 K, log(dT) = 0.05, log(n_H) = 0 , [Z/Zsol] = -2.0
