 -4.16233e-23
 -3.93276e-23
 -3.71030e-23
 -3.49808e-23
 -3.29525e-23
 -3.10218e-23
 -2.91809e-23
 -2.74324e-23
 -2.57690e-23
 -2.41920e-23
 -2.26950e-23
 -2.12781e-23
 -1.99357e-23
 -1.86673e-23
 -1.74679e-23
 -1.63362e-23
 -1.52679e-23
 -1.42611e-23
 -1.33094e-23
 -1.24112e-23
 -1.15716e-23
 -1.07853e-23
 -1.00412e-23
 -9.33883e-24
 -8.68359e-24
 -8.06954e-24
 -7.48989e-24
 -6.94412e-24
 -6.43543e-24
 -5.95818e-24
 -5.50866e-24
 -5.08663e-24
 -4.68867e-24
 -4.31515e-24
 -3.96731e-24
 -3.63977e-24
 -3.33266e-24
 -3.04291e-24
 -2.76865e-24
 -2.50620e-24
 -2.24569e-24
 -1.95784e-24
 -1.57877e-24
 -9.93642e-25
  2.81513e-26
  1.77710e-24
  4.66561e-24
  8.86267e-24
  1.40547e-23
  1.90247e-23
  2.22788e-23
  2.33124e-23
  2.27824e-23
  2.21146e-23
  2.31015e-23
  2.84431e-23
  4.15831e-23
  6.23269e-23
  8.02980e-23
  8.27455e-23
  7.25583e-23
  5.90277e-23
  4.69633e-23
  3.74980e-23
  3.03170e-23
  2.49184e-23
  2.08001e-23
  1.76657e-23
  1.52015e-23
  1.32176e-23
  1.07639e-23
  9.53801e-24
  8.59071e-24
  7.86272e-24
  7.28318e-24
  6.76075e-24
  6.34717e-24
  6.03616e-24
  5.80749e-24
  5.64561e-24
  5.53077e-24
  5.48536e-24
  5.47453e-24
  5.49395e-24
  5.53684e-24
  5.59986e-24
  5.68248e-24
  5.78737e-24
  5.91331e-24
  6.05733e-24
  6.22075e-24
  6.45221e-24
  6.70780e-24
  6.98279e-24
  7.27587e-24
  7.58630e-24
  7.91350e-24
  8.25702e-24
  8.61601e-24
  8.98969e-24
  9.38696e-24
  9.88204e-24
  1.04120e-23
  1.09672e-23
  1.15491e-23
  1.21567e-23
  1.27920e-23
  1.34532e-23
  1.41419e-23
  1.48560e-23
  1.56128e-23
  1.65274e-23
  1.75063e-23
  1.85318e-23
  1.96081e-23
  2.07328e-23
  2.19095e-23
  2.31359e-23
  2.44152e-23
  2.57454e-23
  2.71522e-23
   Cooling for Wiersma, Schaye and Smith (2008).
   Redshift = 0.0 log(T) = 2-8 K, log(dT) = 0.05, log(n_H) = -3 , [Z/Zsol] = 
-3.0
