 -4.38490e-24
 -4.34123e-24
 -4.29408e-24
 -4.24552e-24
 -4.19562e-24
 -4.14427e-24
 -4.09153e-24
 -4.03730e-24
 -3.98164e-24
 -3.92445e-24
 -3.86577e-24
 -3.80552e-24
 -3.74373e-24
 -3.68032e-24
 -3.61532e-24
 -3.54876e-24
 -3.48060e-24
 -3.41082e-24
 -3.33941e-24
 -3.26636e-24
 -3.19165e-24
 -3.11519e-24
 -3.03707e-24
 -2.95729e-24
 -2.87584e-24
 -2.79276e-24
 -2.70797e-24
 -2.62158e-24
 -2.53358e-24
 -2.44404e-24
 -2.35290e-24
 -2.25998e-24
 -2.16546e-24
 -2.06952e-24
 -1.97211e-24
 -1.87329e-24
 -1.77382e-24
 -1.66590e-24
 -1.52254e-24
 -1.23812e-24
 -3.94994e-25
  2.05650e-24
  9.04371e-24
  2.53355e-23
  5.64208e-23
  9.15678e-23
  1.03527e-22
  9.22162e-23
  7.45039e-23
  5.94208e-23
  4.83452e-23
  3.98615e-23
  3.30549e-23
  2.85921e-23
  2.76805e-23
  3.29928e-23
  4.81116e-23
  7.14021e-23
  8.89501e-23
  8.80358e-23
  7.50190e-23
  6.00921e-23
  4.74342e-23
  3.77259e-23
  3.04383e-23
  2.49894e-23
  2.08443e-23
  1.76960e-23
  1.52244e-23
  1.32352e-23
  1.07731e-23
  9.54400e-24
  8.59476e-24
  7.86566e-24
  7.28511e-24
  6.76204e-24
  6.34781e-24
  6.03617e-24
  5.80699e-24
  5.64470e-24
  5.52937e-24
  5.48354e-24
  5.47228e-24
  5.49127e-24
  5.53369e-24
  5.59609e-24
  5.67805e-24
  5.78233e-24
  5.90765e-24
  6.05110e-24
  6.21400e-24
  6.44500e-24
  6.70015e-24
  6.97434e-24
  7.26672e-24
  7.57634e-24
  7.90257e-24
  8.24451e-24
  8.60176e-24
  8.97320e-24
  9.36756e-24
  9.85884e-24
  1.03844e-23
  1.09348e-23
  1.15115e-23
  1.21136e-23
  1.27429e-23
  1.33977e-23
  1.40794e-23
  1.47858e-23
  1.55340e-23
  1.64390e-23
  1.74070e-23
  1.84203e-23
  1.94829e-23
  2.05923e-23
  2.17518e-23
  2.29590e-23
  2.42166e-23
  2.55225e-23
  2.69021e-23
   Cooling for Wiersma, Schaye and Smith (2008).
   Redshift = 4.0 log(T) = 2-8 K, log(dT) = 0.05, log(n_H) = 0 , [Z/Zsol] = -3.0
