 -4.91479e-23
 -4.64184e-23
 -4.36705e-23
 -4.09639e-23
 -3.82987e-23
 -3.56321e-23
 -3.30287e-23
 -3.05251e-23
 -2.80888e-23
 -2.57281e-23
 -2.34041e-23
 -2.12005e-23
 -1.90859e-23
 -1.70662e-23
 -1.51404e-23
 -1.33121e-23
 -1.15803e-23
 -9.94924e-24
 -8.41897e-24
 -6.99105e-24
 -5.66573e-24
 -4.11989e-24
 -2.96122e-24
 -1.90378e-24
 -9.50122e-25
 -9.78724e-26
  6.60654e-25
  1.33720e-24
  1.93985e-24
  2.48373e-24
  2.99055e-24
  3.48306e-24
  3.98688e-24
  4.54560e-24
  5.24842e-24
  6.08587e-24
  7.16078e-24
  8.61789e-24
  1.06667e-23
  1.34426e-23
  1.72280e-23
  2.21354e-23
  2.87256e-23
  3.74623e-23
  4.92051e-23
  6.46798e-23
  8.48979e-23
  1.10511e-22
  1.41925e-22
  1.77947e-22
  2.18977e-22
  2.67823e-22
  3.28935e-22
  4.06699e-22
  5.04842e-22
  6.26827e-22
  7.75926e-22
  9.49444e-22
  1.12538e-21
  1.27758e-21
  1.39428e-21
  1.43193e-21
  1.40562e-21
  1.41230e-21
  1.46992e-21
  1.52621e-21
  1.56026e-21
  1.58825e-21
  1.54544e-21
  1.29603e-21
  9.41789e-22
  7.15163e-22
  6.19978e-22
  5.91638e-22
  5.78297e-22
  5.50231e-22
  5.06843e-22
  4.78993e-22
  4.77079e-22
  4.86297e-22
  4.87743e-22
  4.73769e-22
  4.49506e-22
  4.16811e-22
  3.72451e-22
  3.14100e-22
  2.51990e-22
  2.00648e-22
  1.63454e-22
  1.35554e-22
  1.13713e-22
  9.85821e-23
  8.80725e-23
  8.21638e-23
  7.95509e-23
  7.91770e-23
  8.04476e-23
  8.28707e-23
  8.56840e-23
  8.80057e-23
  8.91521e-23
  8.85777e-23
  8.60333e-23
  8.19927e-23
  7.75432e-23
  7.40204e-23
  7.23489e-23
  7.25583e-23
  7.45175e-23
  7.78607e-23
  8.25186e-23
  8.84427e-23
  9.55672e-23
  1.03802e-22
  1.13274e-22
  1.23983e-22
  1.36105e-22
  1.49681e-22
  1.64929e-22
  1.81917e-22
  2.00944e-22
   Cooling for Wiersma, Schaye and Smith (2008).
   Redshift = 6.0 log(T) = 2-8 K, log(dT) = 0.05, log(n_H) = -2 , [Z/Zsol] = 
0.50
