 -3.61312e-24
 -3.57549e-24
 -3.53456e-24
 -3.49202e-24
 -3.44797e-24
 -3.40227e-24
 -3.35507e-24
 -3.30636e-24
 -3.25622e-24
 -3.20466e-24
 -3.15174e-24
 -3.09753e-24
 -3.04210e-24
 -2.98546e-24
 -2.92766e-24
 -2.86867e-24
 -2.80851e-24
 -2.74714e-24
 -2.68456e-24
 -2.62073e-24
 -2.55562e-24
 -2.48824e-24
 -2.42036e-24
 -2.35112e-24
 -2.28041e-24
 -2.20816e-24
 -2.13411e-24
 -2.05812e-24
 -1.97985e-24
 -1.89908e-24
 -1.81523e-24
 -1.72773e-24
 -1.63612e-24
 -1.53936e-24
 -1.43642e-24
 -1.32557e-24
 -1.20348e-24
 -1.05880e-24
 -8.53713e-25
 -4.76124e-25
  5.11208e-25
  3.17400e-24
  1.05066e-23
  2.74094e-23
  5.93660e-23
  9.50574e-23
  1.06698e-22
  9.53405e-23
  7.82814e-23
  6.43502e-23
  5.46821e-23
  4.77614e-23
  4.29137e-23
  4.09514e-23
  4.31047e-23
  5.20599e-23
  7.14567e-23
  9.95882e-23
  1.22181e-22
  1.26044e-22
  1.17089e-22
  1.03725e-22
  9.04882e-23
  8.12274e-23
  7.59845e-23
  7.24490e-23
  6.94792e-23
  6.73914e-23
  6.37646e-23
  5.39330e-23
  4.02154e-23
  3.17700e-23
  2.78029e-23
  2.61909e-23
  2.52139e-23
  2.38293e-23
  2.20500e-23
  2.08505e-23
  2.05533e-23
  2.06777e-23
  2.06039e-23
  2.01135e-23
  1.93336e-23
  1.83209e-23
  1.69669e-23
  1.51915e-23
  1.33124e-23
  1.17903e-23
  1.07362e-23
  9.99706e-24
  9.44992e-24
  9.14668e-24
  9.04032e-24
  9.09168e-24
  9.26184e-24
  9.51633e-24
  9.83449e-24
  1.01996e-23
  1.05867e-23
  1.09667e-23
  1.13241e-23
  1.17158e-23
  1.20709e-23
  1.23941e-23
  1.27194e-23
  1.30873e-23
  1.35275e-23
  1.40368e-23
  1.46104e-23
  1.52339e-23
  1.59178e-23
  1.67714e-23
  1.76968e-23
  1.86730e-23
  1.97023e-23
  2.07803e-23
  2.19092e-23
  2.30855e-23
  2.43105e-23
  2.55807e-23
  2.69206e-23
   Cooling for Wiersma, Schaye and Smith (2008).
   Redshift = 1.0 log(T) = 2-8 K, log(dT) = 0.05, log(n_H) = 0 , [Z/Zsol] = -1.0
