  7.19421e-31
  8.52451e-31
  1.00184e-30
  1.17064e-30
  1.35884e-30
  1.57192e-30
  1.80974e-30
  2.07503e-30
  2.36746e-30
  2.68633e-30
  3.03435e-30
  3.41662e-30
  3.83218e-30
  4.28443e-30
  4.77587e-30
  5.31004e-30
  5.90110e-30
  6.56897e-30
  7.27101e-30
  8.02487e-30
  8.87434e-30
  9.75818e-30
  1.07494e-29
  1.18324e-29
  1.29626e-29
  1.42305e-29
  1.51074e-29
  1.67047e-29
  1.93414e-29
  2.14189e-29
  2.30648e-29
  2.63008e-29
  2.84488e-29
  3.01056e-29
  3.50319e-29
  4.41951e-29
  1.31845e-28
  5.20107e-28
  2.15964e-27
  7.17822e-27
  2.73752e-26
  2.36867e-25
  3.21915e-24
  2.48474e-23
  8.87694e-23
  1.35622e-22
  1.29093e-22
  1.06470e-22
  8.76170e-23
  7.65337e-23
  6.96492e-23
  6.59719e-23
  6.48466e-23
  6.79925e-23
  7.63011e-23
  9.27123e-23
  1.20929e-22
  1.61566e-22
  1.94381e-22
  2.07934e-22
  2.10909e-22
  2.00476e-22
  1.85537e-22
  1.76642e-22
  1.75862e-22
  1.77150e-22
  1.76836e-22
  1.76706e-22
  1.70868e-22
  1.44441e-22
  1.07054e-22
  8.39357e-23
  7.45668e-23
  7.12914e-23
  6.99117e-23
  6.72551e-23
  6.33879e-23
  6.09960e-23
  6.15275e-23
  6.39457e-23
  6.71254e-23
  7.09232e-23
  7.61540e-23
  8.32303e-23
  9.16541e-23
  1.00623e-22
  1.09713e-22
  1.19375e-22
  1.30099e-22
  1.42278e-22
  1.56102e-22
  1.72176e-22
  1.90705e-22
  2.11898e-22
  2.35978e-22
  2.63214e-22
  2.93871e-22
  3.28467e-22
  3.67461e-22
  4.11271e-22
  4.60429e-22
  5.15612e-22
  5.77426e-22
  6.46663e-22
  7.24265e-22
  8.11285e-22
  9.08940e-22
  1.01852e-21
  1.14150e-21
  1.27946e-21
  1.43427e-21
  1.60806e-21
  1.80303e-21
  2.02175e-21
  2.26711e-21
  2.54233e-21
  2.85106e-21
  3.19736e-21
  3.58583e-21
  4.02159e-21
  4.51044e-21
   Cooling for Wiersma, Schaye and Smith (2008).
   z > 11 (photodis) log(T) = 2-8 K, log(dT) = 0.05, log(n_H) = -6 , [Z/Zsol] = 
****
