 -2.56943e-22
 -2.45269e-22
 -2.34002e-22
 -2.22997e-22
 -2.12337e-22
 -2.02135e-22
 -1.92276e-22
 -1.82766e-22
 -1.73584e-22
 -1.64682e-22
 -1.56095e-22
 -1.47901e-22
 -1.40043e-22
 -1.32508e-22
 -1.25281e-22
 -1.18336e-22
 -1.11678e-22
 -1.05351e-22
 -9.93594e-23
 -9.35474e-23
 -8.81162e-23
 -8.29282e-23
 -7.79604e-23
 -7.33022e-23
 -6.88258e-23
 -6.46586e-23
 -6.06536e-23
 -5.69246e-23
 -5.33542e-23
 -5.00318e-23
 -4.68641e-23
 -4.38718e-23
 -4.10996e-23
 -3.84501e-23
 -3.59819e-23
 -3.36606e-23
 -3.14698e-23
 -2.94103e-23
 -2.75115e-23
 -2.56999e-23
 -2.40064e-23
 -2.24148e-23
 -2.09386e-23
 -1.95507e-23
 -1.82458e-23
 -1.70225e-23
 -1.58794e-23
 -1.48076e-23
 -1.38049e-23
 -1.28771e-23
 -1.19941e-23
 -1.11583e-23
 -1.03678e-23
 -9.60993e-24
 -8.86201e-24
 -8.08253e-24
 -7.20652e-24
 -6.14020e-24
 -4.77585e-24
 -3.00917e-24
 -8.12259e-25
  1.70509e-24
  4.21505e-24
  6.27012e-24
  7.55576e-24
  7.97957e-24
  7.75346e-24
  7.12568e-24
  6.33881e-24
  5.53672e-24
  4.70453e-24
  4.07630e-24
  3.55013e-24
  3.12778e-24
  2.79084e-24
  2.47629e-24
  2.24744e-24
  2.09612e-24
  2.00692e-24
  1.97350e-24
  1.98644e-24
  2.07385e-24
  2.20201e-24
  2.36860e-24
  2.57022e-24
  2.80680e-24
  3.07690e-24
  3.38138e-24
  3.72023e-24
  4.09513e-24
  4.51154e-24
  5.02161e-24
  5.58504e-24
  6.20116e-24
  6.87422e-24
  7.60836e-24
  8.40934e-24
  9.28198e-24
  1.02343e-23
  1.12719e-23
  1.24145e-23
  1.37438e-23
  1.52116e-23
  1.68166e-23
  1.85790e-23
  2.05072e-23
  2.26274e-23
  2.49491e-23
  2.75061e-23
  3.03092e-23
  3.34174e-23
  3.69611e-23
  4.08996e-23
  4.52349e-23
  5.00359e-23
  5.53279e-23
  6.11923e-23
  6.76659e-23
  7.48454e-23
  8.27824e-23
  9.16154e-23
   Cooling for Wiersma, Schaye and Smith (2008).
   11 < z < 9.89 (highz) log(T) = 2-8 K, log(dT) = 0.05, log(n_H) = -6
 , [Z/Zsol] = -Inf
