 -2.64242e-22
 -2.52352e-22
 -2.40886e-22
 -2.29697e-22
 -2.18877e-22
 -2.08542e-22
 -1.98569e-22
 -1.88953e-22
 -1.79666e-22
 -1.70652e-22
 -1.61948e-22
 -1.53627e-22
 -1.45640e-22
 -1.37972e-22
 -1.30611e-22
 -1.23526e-22
 -1.16730e-22
 -1.10267e-22
 -1.04146e-22
 -9.82006e-23
 -9.26444e-23
 -8.73296e-23
 -8.22319e-23
 -7.74514e-23
 -7.28464e-23
 -6.85571e-23
 -6.44284e-23
 -6.05807e-23
 -5.68915e-23
 -5.34563e-23
 -5.01778e-23
 -4.70784e-23
 -4.42085e-23
 -4.14606e-23
 -3.89005e-23
 -3.64896e-23
 -3.42084e-23
 -3.20606e-23
 -3.00759e-23
 -2.81751e-23
 -2.63926e-23
 -2.47112e-23
 -2.31453e-23
 -2.16648e-23
 -2.02638e-23
 -1.89408e-23
 -1.76927e-23
 -1.65100e-23
 -1.53907e-23
 -1.43431e-23
 -1.33386e-23
 -1.23830e-23
 -1.14792e-23
 -1.06173e-23
 -9.77821e-24
 -8.91960e-24
 -7.97547e-24
 -6.84977e-24
 -5.43309e-24
 -3.61996e-24
 -1.38052e-24
  1.17659e-24
  3.72594e-24
  5.81557e-24
  7.13701e-24
  7.59063e-24
  7.39259e-24
  6.79084e-24
  6.02736e-24
  5.24590e-24
  4.43283e-24
  3.81989e-24
  3.30793e-24
  2.89941e-24
  2.57682e-24
  2.28728e-24
  2.07328e-24
  1.93726e-24
  1.86645e-24
  1.84941e-24
  1.87889e-24
  1.98275e-24
  2.13807e-24
  2.31921e-24
  2.53422e-24
  2.78285e-24
  3.06360e-24
  3.37736e-24
  3.72425e-24
  4.10612e-24
  4.52865e-24
  5.04429e-24
  5.61274e-24
  6.23335e-24
  6.91035e-24
  7.64786e-24
  8.45054e-24
  9.32585e-24
  1.02802e-23
  1.13192e-23
  1.24622e-23
  1.37938e-23
  1.52637e-23
  1.68710e-23
  1.86356e-23
  2.05659e-23
  2.26887e-23
  2.50133e-23
  2.75732e-23
  3.03793e-23
  3.34910e-23
  3.70386e-23
  4.09812e-23
  4.53211e-23
  5.01268e-23
  5.54237e-23
  6.12932e-23
  6.77718e-23
  7.49564e-23
  8.28983e-23
  9.17362e-23
   Cooling for Wiersma, Schaye and Smith (2008).
   11 < z < 9.89 (highz) log(T) = 2-8 K, log(dT) = 0.05, log(n_H) = -6
 , [Z/Zsol] = -1.5
