 -2.09905e-22
 -1.97199e-22
 -1.85267e-22
 -1.74147e-22
 -1.63771e-22
 -1.54170e-22
 -1.45266e-22
 -1.37042e-22
 -1.29387e-22
 -1.22248e-22
 -1.15521e-22
 -1.09182e-22
 -1.03174e-22
 -9.75429e-23
 -9.21674e-23
 -8.70497e-23
 -8.22005e-23
 -7.76094e-23
 -7.32547e-23
 -6.91329e-23
 -6.52111e-23
 -6.14715e-23
 -5.78963e-23
 -5.44628e-23
 -5.11529e-23
 -4.79455e-23
 -4.48233e-23
 -4.17738e-23
 -3.87758e-23
 -3.58317e-23
 -3.29191e-23
 -3.00225e-23
 -2.71262e-23
 -2.42218e-23
 -2.12956e-23
 -1.83445e-23
 -1.53611e-23
 -1.23410e-23
 -9.26976e-24
 -6.13660e-24
 -2.91510e-24
  4.16900e-25
  3.89680e-24
  7.55265e-24
  1.14376e-23
  1.55871e-23
  2.00663e-23
  2.49179e-23
  3.02180e-23
  3.60192e-23
  4.24103e-23
  4.94635e-23
  5.72771e-23
  6.59400e-23
  7.55716e-23
  8.62925e-23
  9.82438e-23
  1.11588e-22
  1.26489e-22
  1.43166e-22
  1.61808e-22
  1.82708e-22
  2.06072e-22
  2.32298e-22
  2.61616e-22
  2.94526e-22
  3.31298e-22
  3.72602e-22
  4.18736e-22
  4.70609e-22
  5.28526e-22
  5.93691e-22
  6.66450e-22
  7.48388e-22
  8.39898e-22
  9.42974e-22
  1.05809e-21
  1.18773e-21
  1.33268e-21
  1.49581e-21
  1.67827e-21
  1.88358e-21
  2.11333e-21
  2.37170e-21
  2.66096e-21
  2.98610e-21
  3.35032e-21
  3.75949e-21
  4.21809e-21
  4.73304e-21
  5.31048e-21
  5.95862e-21
  6.68578e-21
  7.50149e-21
  8.41710e-21
  9.44370e-21
  1.05966e-20
  1.18886e-20
  1.33403e-20
  1.49664e-20
  1.67943e-20
  1.88409e-20
  2.11427e-20
  2.37185e-20
  2.66169e-20
  2.98586e-20
  3.35082e-20
  3.75881e-20
  4.21835e-20
  4.73184e-20
  5.31049e-20
  5.95696e-20
  6.68541e-20
  7.49946e-20
  8.41627e-20
  9.44137e-20
  1.05952e-19
  1.18861e-19
  1.33383e-19
  1.49638e-19
  1.67916e-19
   Cooling for Wiersma, Schaye and Smith (2008).
   Redshift = 3.0 log(T) = 2-8 K, log(dT) = 0.05, log(n_H) = -6 , [Z/Zsol] = 
-1.0
