 -6.50972e-23
 -6.09936e-23
 -5.71047e-23
 -5.34189e-23
 -4.99450e-23
 -4.67163e-23
 -4.36647e-23
 -4.07724e-23
 -3.80574e-23
 -3.55301e-23
 -3.31471e-23
 -3.08999e-23
 -2.87955e-23
 -2.68352e-23
 -2.49786e-23
 -2.32520e-23
 -2.16379e-23
 -2.01283e-23
 -1.87158e-23
 -1.73905e-23
 -1.61433e-23
 -1.49914e-23
 -1.39035e-23
 -1.28926e-23
 -1.19502e-23
 -1.10600e-23
 -1.02380e-23
 -9.45942e-24
 -8.73900e-24
 -8.05804e-24
 -7.42266e-24
 -6.82691e-24
 -6.26390e-24
 -5.73751e-24
 -5.23808e-24
 -4.76394e-24
 -4.31805e-24
 -3.88843e-24
 -3.47641e-24
 -3.07564e-24
 -2.67886e-24
 -2.27244e-24
 -1.82605e-24
 -1.29284e-24
 -5.76375e-25
  4.47036e-25
  1.96844e-24
  4.15366e-24
  7.10454e-24
  1.06633e-23
  1.43244e-23
  1.75037e-23
  1.98880e-23
  2.21206e-23
  2.58212e-23
  3.40193e-23
  5.04135e-23
  7.46291e-23
  9.49102e-23
  9.82883e-23
  8.88512e-23
  7.60316e-23
  6.45246e-23
  5.59549e-23
  5.01287e-23
  4.61696e-23
  4.33475e-23
  4.13830e-23
  3.95168e-23
  3.66669e-23
  3.27658e-23
  3.13178e-23
  3.14395e-23
  3.25634e-23
  3.41928e-23
  3.60310e-23
  3.81753e-23
  4.09543e-23
  4.44365e-23
  4.85414e-23
  5.31083e-23
  5.81821e-23
  6.38161e-23
  7.01243e-23
  7.71302e-23
  8.49458e-23
  9.37537e-23
  1.03842e-22
  1.15350e-22
  1.28405e-22
  1.43128e-22
  1.59777e-22
  1.78520e-22
  1.99598e-22
  2.23276e-22
  2.49832e-22
  2.79652e-22
  3.13073e-22
  3.50597e-22
  3.92615e-22
  4.39812e-22
  4.92702e-22
  5.52146e-22
  6.18617e-22
  6.93363e-22
  7.76927e-22
  8.70974e-22
  9.76077e-22
  1.09441e-21
  1.22660e-21
  1.37552e-21
  1.54196e-21
  1.72947e-21
  1.93895e-21
  2.17479e-21
  2.43842e-21
  2.73508e-21
  3.06687e-21
  3.44005e-21
  3.85763e-21
  4.32712e-21
   Cooling for Wiersma, Schaye and Smith (2008).
   Redshift = 8.0 log(T) = 2-8 K, log(dT) = 0.05, log(n_H) = -3 , [Z/Zsol] = 
-1.5
