 -1.07266e-22
 -1.02108e-22
 -9.73282e-23
 -9.27567e-23
 -8.85011e-23
 -8.44710e-23
 -8.06526e-23
 -7.70836e-23
 -7.36526e-23
 -7.04507e-23
 -6.74183e-23
 -6.45137e-23
 -6.17442e-23
 -5.91217e-23
 -5.66259e-23
 -5.42427e-23
 -5.19627e-23
 -4.97689e-23
 -4.76556e-23
 -4.56338e-23
 -4.36969e-23
 -4.18301e-23
 -4.00293e-23
 -3.82826e-23
 -3.65956e-23
 -3.49561e-23
 -3.33762e-23
 -3.18480e-23
 -3.03596e-23
 -2.89129e-23
 -2.75185e-23
 -2.61660e-23
 -2.48476e-23
 -2.35671e-23
 -2.23350e-23
 -2.11409e-23
 -1.99791e-23
 -1.88538e-23
 -1.77675e-23
 -1.67233e-23
 -1.57162e-23
 -1.47410e-23
 -1.37949e-23
 -1.28817e-23
 -1.20070e-23
 -1.11618e-23
 -1.03431e-23
 -9.54558e-24
 -8.76230e-24
 -7.99028e-24
 -7.22359e-24
 -6.44739e-24
 -5.62508e-24
 -4.68950e-24
 -3.45898e-24
 -1.59933e-24
  1.42825e-24
  6.28968e-24
  1.33304e-23
  2.16972e-23
  2.88009e-23
  3.19863e-23
  3.11801e-23
  2.80124e-23
  2.42071e-23
  2.06692e-23
  1.76291e-23
  1.51655e-23
  1.31771e-23
  1.16006e-23
  9.87850e-24
  8.88588e-24
  8.14523e-24
  7.57684e-24
  7.16267e-24
  6.79026e-24
  6.50395e-24
  6.31579e-24
  6.15139e-24
  6.01314e-24
  5.87933e-24
  5.76876e-24
  5.67515e-24
  5.62488e-24
  5.62643e-24
  5.67927e-24
  5.77655e-24
  5.91157e-24
  6.07817e-24
  6.27169e-24
  6.49354e-24
  6.79251e-24
  7.12505e-24
  7.48712e-24
  7.87938e-24
  8.30280e-24
  8.75955e-24
  9.24815e-24
  9.77067e-24
  1.03272e-23
  1.09278e-23
  1.16479e-23
  1.24279e-23
  1.32620e-23
  1.41576e-23
  1.51181e-23
  1.61512e-23
  1.72597e-23
  1.84519e-23
  1.97314e-23
  2.11238e-23
  2.27515e-23
  2.45318e-23
  2.64558e-23
  2.85415e-23
  3.07978e-23
  3.32452e-23
  3.58965e-23
  3.87754e-23
  4.18991e-23
  4.53193e-23
   Cooling for Wiersma, Schaye and Smith (2008).
   11 < z < 9.89 (highz) log(T) = 2-8 K, log(dT) = 0.05, log(n_H) = -5
 , [Z/Zsol] = -2.0
