 -2.42829e-23
 -2.36065e-23
 -2.28866e-23
 -2.21783e-23
 -2.14575e-23
 -2.07395e-23
 -2.00236e-23
 -1.93112e-23
 -1.86031e-23
 -1.79005e-23
 -1.72041e-23
 -1.65150e-23
 -1.58341e-23
 -1.51626e-23
 -1.45010e-23
 -1.38506e-23
 -1.32119e-23
 -1.25859e-23
 -1.19732e-23
 -1.13745e-23
 -1.07904e-23
 -1.02211e-23
 -9.66745e-24
 -9.12971e-24
 -8.60850e-24
 -8.10369e-24
 -7.61580e-24
 -7.14462e-24
 -6.69078e-24
 -6.25360e-24
 -5.83364e-24
 -5.42928e-24
 -5.04184e-24
 -4.67023e-24
 -4.31514e-24
 -3.97516e-24
 -3.65132e-24
 -3.33961e-24
 -3.03385e-24
 -2.70724e-24
 -2.26500e-24
 -1.47778e-24
  2.62482e-25
  3.99518e-24
  1.16118e-23
  2.43515e-23
  4.04469e-23
  5.25644e-23
  5.48633e-23
  4.99160e-23
  4.25578e-23
  3.58223e-23
  3.05377e-23
  2.71990e-23
  2.69408e-23
  3.25358e-23
  4.76513e-23
  7.08667e-23
  8.84869e-23
  8.77764e-23
  7.49084e-23
  6.00497e-23
  4.74192e-23
  3.77216e-23
  3.04389e-23
  2.49926e-23
  2.08492e-23
  1.77023e-23
  1.52319e-23
  1.32442e-23
  1.07840e-23
  9.55655e-24
  8.60904e-24
  7.88181e-24
  7.30330e-24
  6.78252e-24
  6.37086e-24
  6.06211e-24
  5.83614e-24
  5.67745e-24
  5.56615e-24
  5.52484e-24
  5.51863e-24
  5.54331e-24
  5.59209e-24
  5.66164e-24
  5.75162e-24
  5.86490e-24
  6.00031e-24
  6.15509e-24
  6.33069e-24
  6.57594e-24
  6.84708e-24
  7.13921e-24
  7.45172e-24
  7.78392e-24
  8.13550e-24
  8.50584e-24
  8.89502e-24
  9.30222e-24
  9.73678e-24
  1.02731e-23
  1.08493e-23
  1.14563e-23
  1.20967e-23
  1.27701e-23
  1.34797e-23
  1.42242e-23
  1.50069e-23
  1.58263e-23
  1.67017e-23
  1.77488e-23
  1.88770e-23
  2.00694e-23
  2.13336e-23
  2.26685e-23
  2.40817e-23
  2.55728e-23
  2.71499e-23
  2.88133e-23
  3.05948e-23
   Cooling for Wiersma, Schaye and Smith (2008).
   Redshift = 4.0 log(T) = 2-8 K, log(dT) = 0.05, log(n_H) = -1 , [Z/Zsol] = 
-3.0
