 -8.73323e-23
 -8.26210e-23
 -7.81739e-23
 -7.40198e-23
 -7.00967e-23
 -6.64019e-23
 -6.29071e-23
 -5.95854e-23
 -5.64356e-23
 -5.34798e-23
 -5.06826e-23
 -4.80329e-23
 -4.55164e-23
 -4.31123e-23
 -4.08254e-23
 -3.86736e-23
 -3.66126e-23
 -3.46422e-23
 -3.27709e-23
 -3.09935e-23
 -2.92913e-23
 -2.76605e-23
 -2.61107e-23
 -2.46344e-23
 -2.32186e-23
 -2.18623e-23
 -2.05706e-23
 -1.93416e-23
 -1.81659e-23
 -1.70407e-23
 -1.59687e-23
 -1.49440e-23
 -1.39673e-23
 -1.30357e-23
 -1.21521e-23
 -1.13084e-23
 -1.05034e-23
 -9.73509e-24
 -9.00361e-24
 -8.30508e-24
 -7.64054e-24
 -7.00191e-24
 -6.39107e-24
 -5.79479e-24
 -5.21736e-24
 -4.64339e-24
 -4.05671e-24
 -3.45261e-24
 -2.80649e-24
 -2.10717e-24
 -1.32844e-24
 -4.56252e-25
  5.32760e-25
  1.67942e-24
  3.07465e-24
  4.88462e-24
  7.37341e-24
  1.09214e-23
  1.58293e-23
  2.19723e-23
  2.83601e-23
  3.32274e-23
  3.54414e-23
  3.51596e-23
  3.34058e-23
  3.10098e-23
  2.84350e-23
  2.57461e-23
  2.29686e-23
  2.00722e-23
  1.68389e-23
  1.49935e-23
  1.38213e-23
  1.30297e-23
  1.23649e-23
  1.16742e-23
  1.11243e-23
  1.08500e-23
  1.07833e-23
  1.08057e-23
  1.08379e-23
  1.07961e-23
  1.07392e-23
  1.06035e-23
  1.03641e-23
  1.00635e-23
  9.80297e-24
  9.71787e-24
  9.80627e-24
  1.00385e-23
  1.03707e-23
  1.08520e-23
  1.14470e-23
  1.21436e-23
  1.29435e-23
  1.38617e-23
  1.48752e-23
  1.60056e-23
  1.72617e-23
  1.86492e-23
  2.01876e-23
  2.19572e-23
  2.39093e-23
  2.60488e-23
  2.84109e-23
  3.10111e-23
  3.38973e-23
  3.70830e-23
  4.06236e-23
  4.45305e-23
  4.88904e-23
  5.38350e-23
  5.93575e-23
  6.54628e-23
  7.22620e-23
  7.97866e-23
  8.81685e-23
  9.74559e-23
  1.07805e-22
  1.19286e-22
  1.32107e-22
   Cooling for Wiersma, Schaye and Smith (2008).
   Redshift = 1.0 log(T) = 2-8 K, log(dT) = 0.05, log(n_H) = -4 , [Z/Zsol] = 
-1.5
