  7.22225e-34
  8.54448e-34
  1.00410e-33
  1.17351e-33
  1.36304e-33
  1.57685e-33
  1.81560e-33
  2.08196e-33
  2.37567e-33
  2.69608e-33
  3.04718e-33
  3.43161e-33
  3.84953e-33
  4.30487e-33
  4.79969e-33
  5.33778e-33
  5.72925e-33
  6.47547e-33
  7.19600e-33
  7.14929e-33
  1.07166e-32
  1.77006e-32
  2.85203e-32
  1.41912e-32
  1.33266e-32
  7.47166e-32
  1.73148e-31
  2.23304e-32
  4.21000e-32
  1.20462e-31
  9.51745e-32
  4.36420e-32
  8.39186e-31
  4.85094e-30
  3.93944e-30
  6.87670e-30
  4.38836e-29
  1.78534e-28
  7.27738e-28
  2.69492e-27
  1.63133e-26
  2.03999e-25
  3.03160e-24
  2.40122e-23
  8.64716e-23
  1.31738e-22
  1.24195e-22
  1.00466e-22
  8.03532e-23
  6.69988e-23
  5.76344e-23
  5.01729e-23
  4.49576e-23
  4.29490e-23
  4.52774e-23
  5.44955e-23
  7.41763e-23
  1.02696e-22
  1.25712e-22
  1.30017e-22
  1.21537e-22
  1.08711e-22
  9.60832e-23
  8.75028e-23
  8.30279e-23
  8.03501e-23
  7.83430e-23
  7.73367e-23
  7.49241e-23
  6.64540e-23
  5.42634e-23
  4.75322e-23
  4.54889e-23
  4.60356e-23
  4.74808e-23
  4.88139e-23
  5.00838e-23
  5.23057e-23
  5.58472e-23
  6.02789e-23
  6.50379e-23
  6.99701e-23
  7.52743e-23
  8.10882e-23
  8.73937e-23
  9.42125e-23
  1.01976e-22
  1.11273e-22
  1.22359e-22
  1.35240e-22
  1.49976e-22
  1.66820e-22
  1.85954e-22
  2.07593e-22
  2.31984e-22
  2.59416e-22
  2.90227e-22
  3.24806e-22
  3.63582e-22
  4.07034e-22
  4.55720e-22
  5.10337e-22
  5.71534e-22
  6.40122e-22
  7.17043e-22
  8.03352e-22
  9.00218e-22
  1.00892e-21
  1.13089e-21
  1.26772e-21
  1.42123e-21
  1.59356e-21
  1.78688e-21
  2.00373e-21
  2.24698e-21
  2.51982e-21
  2.82588e-21
  3.16920e-21
  3.55431e-21
  3.98631e-21
  4.47093e-21
   Cooling for Wiersma, Schaye and Smith (2008).
   z > 11 (photodis) log(T) = 2-8 K, log(dT) = 0.05, log(n_H) = -1 , [Z/Zsol] = 
-1.0
