 -1.06031e-22
 -1.00415e-22
 -9.51208e-23
 -9.00716e-23
 -8.52867e-23
 -8.07956e-23
 -7.65361e-23
 -7.25004e-23
 -6.86418e-23
 -6.50006e-23
 -6.15265e-23
 -5.82053e-23
 -5.50465e-23
 -5.20525e-23
 -4.91897e-23
 -4.64424e-23
 -4.38310e-23
 -4.13555e-23
 -3.89892e-23
 -3.67285e-23
 -3.45646e-23
 -3.25107e-23
 -3.05628e-23
 -2.87075e-23
 -2.69431e-23
 -2.52602e-23
 -2.36525e-23
 -2.21313e-23
 -2.07043e-23
 -1.93551e-23
 -1.80862e-23
 -1.68845e-23
 -1.57429e-23
 -1.46672e-23
 -1.36616e-23
 -1.26943e-23
 -1.17927e-23
 -1.09312e-23
 -1.00978e-23
 -9.30843e-24
 -8.53518e-24
 -7.78221e-24
 -7.02335e-24
 -6.24715e-24
 -5.41566e-24
 -4.50573e-24
 -3.46293e-24
 -2.25985e-24
 -8.24820e-25
  8.63769e-25
  2.92153e-24
  5.36036e-24
  8.23915e-24
  1.16737e-23
  1.57903e-23
  2.07424e-23
  2.66741e-23
  3.38135e-23
  4.23318e-23
  5.22014e-23
  6.28461e-23
  7.30562e-23
  8.13065e-23
  8.65248e-23
  8.83139e-23
  8.68748e-23
  8.35352e-23
  7.88802e-23
  7.40204e-23
  6.87905e-23
  6.35473e-23
  6.03130e-23
  5.84459e-23
  5.70576e-23
  5.59320e-23
  5.52627e-23
  5.56391e-23
  5.73246e-23
  5.96091e-23
  6.18149e-23
  6.37549e-23
  6.44750e-23
  6.45731e-23
  6.33867e-23
  6.10585e-23
  5.85605e-23
  5.70187e-23
  5.73491e-23
  5.92934e-23
  6.25895e-23
  6.69182e-23
  7.23473e-23
  7.89188e-23
  8.66138e-23
  9.55157e-23
  1.05834e-22
  1.17424e-22
  1.30551e-22
  1.45382e-22
  1.62038e-22
  1.80739e-22
  2.01684e-22
  2.25093e-22
  2.51179e-22
  2.80470e-22
  3.13212e-22
  3.50103e-22
  3.91383e-22
  4.37905e-22
  4.89893e-22
  5.48481e-22
  6.14050e-22
  6.87907e-22
  7.70398e-22
  8.63242e-22
  9.66984e-22
  1.08368e-21
  1.21415e-21
  1.36084e-21
  1.52491e-21
  1.70933e-21
   Cooling for Wiersma, Schaye and Smith (2008).
   Redshift = 3.0 log(T) = 2-8 K, log(dT) = 0.05, log(n_H) = -4 , [Z/Zsol] = 
****
