 -1.92546e-23
 -1.87884e-23
 -1.82977e-23
 -1.78032e-23
 -1.73058e-23
 -1.68057e-23
 -1.63037e-23
 -1.58076e-23
 -1.53051e-23
 -1.48047e-23
 -1.43003e-23
 -1.37975e-23
 -1.32966e-23
 -1.27985e-23
 -1.23038e-23
 -1.18132e-23
 -1.13273e-23
 -1.08470e-23
 -1.03727e-23
 -9.90519e-24
 -9.44503e-24
 -8.99194e-24
 -8.54785e-24
 -8.11266e-24
 -7.68703e-24
 -7.27115e-24
 -6.86557e-24
 -6.47042e-24
 -6.08637e-24
 -5.71322e-24
 -5.35155e-24
 -5.00026e-24
 -4.66060e-24
 -4.33192e-24
 -4.01477e-24
 -3.70817e-24
 -3.41289e-24
 -3.12422e-24
 -2.83265e-24
 -2.50215e-24
 -2.00176e-24
 -1.01818e-24
  1.29142e-24
  6.35272e-24
  1.66383e-23
  3.31494e-23
  5.16808e-23
  6.22684e-23
  6.08746e-23
  5.31964e-23
  4.45771e-23
  3.74365e-23
  3.20709e-23
  2.87161e-23
  2.85831e-23
  3.44522e-23
  5.00107e-23
  7.37338e-23
  9.17822e-23
  9.13908e-23
  7.88033e-23
  6.40459e-23
  5.13474e-23
  4.16847e-23
  3.45854e-23
  2.93127e-23
  2.52767e-23
  2.22261e-23
  1.96507e-23
  1.69520e-23
  1.34721e-23
  1.15917e-23
  1.03723e-23
  9.56705e-24
  8.95484e-24
  8.35841e-24
  7.82581e-24
  7.43995e-24
  7.21172e-24
  7.08341e-24
  6.98069e-24
  6.90441e-24
  6.83440e-24
  6.77211e-24
  6.70155e-24
  6.61260e-24
  6.53396e-24
  6.51025e-24
  6.55060e-24
  6.63878e-24
  6.76512e-24
  6.97897e-24
  7.23647e-24
  7.52991e-24
  7.85553e-24
  8.20985e-24
  8.59118e-24
  8.99779e-24
  9.42806e-24
  9.87902e-24
  1.03586e-23
  1.09399e-23
  1.15615e-23
  1.22159e-23
  1.29101e-23
  1.36479e-23
  1.44367e-23
  1.52758e-23
  1.61701e-23
  1.71176e-23
  1.81400e-23
  1.93534e-23
  2.06703e-23
  2.20745e-23
  2.35781e-23
  2.51811e-23
  2.68967e-23
  2.87263e-23
  3.06848e-23
  3.27747e-23
  3.50359e-23
   Cooling for Wiersma, Schaye and Smith (2008).
   Redshift = 5.0 log(T) = 2-8 K, log(dT) = 0.05, log(n_H) = -1 , [Z/Zsol] = 
-2.0
