 -1.57410e-22
 -1.47805e-22
 -1.38859e-22
 -1.30329e-22
 -1.22256e-22
 -1.14685e-22
 -1.07441e-22
 -1.00711e-22
 -9.42694e-23
 -8.82790e-23
 -8.25542e-23
 -7.72244e-23
 -7.21771e-23
 -6.74143e-23
 -6.29872e-23
 -5.87739e-23
 -5.48258e-23
 -5.11510e-23
 -4.76608e-23
 -4.43873e-23
 -4.13558e-23
 -3.84749e-23
 -3.57734e-23
 -3.32384e-23
 -3.08725e-23
 -2.86608e-23
 -2.65706e-23
 -2.46102e-23
 -2.27706e-23
 -2.10405e-23
 -1.94234e-23
 -1.79008e-23
 -1.64588e-23
 -1.50956e-23
 -1.38091e-23
 -1.25877e-23
 -1.14294e-23
 -1.03242e-23
 -9.26801e-24
 -8.25221e-24
 -7.27660e-24
 -6.32572e-24
 -5.39531e-24
 -4.48107e-24
 -3.57701e-24
 -2.67582e-24
 -1.77010e-24
 -8.52169e-25
  8.69647e-26
  1.05543e-24
  2.06437e-24
  3.12733e-24
  4.25224e-24
  5.45213e-24
  6.74410e-24
  8.15194e-24
  9.70785e-24
  1.14525e-23
  1.34328e-23
  1.57044e-23
  1.83077e-23
  2.12878e-23
  2.46222e-23
  2.82755e-23
  3.21656e-23
  3.62217e-23
  4.04059e-23
  4.47562e-23
  4.93603e-23
  5.43632e-23
  5.97552e-23
  6.59719e-23
  7.29820e-23
  8.09126e-23
  8.98253e-23
  9.98430e-23
  1.11095e-22
  1.23836e-22
  1.38141e-22
  1.54308e-22
  1.72446e-22
  1.92931e-22
  2.15891e-22
  2.41738e-22
  2.70696e-22
  3.03259e-22
  3.39745e-22
  3.80739e-22
  4.26685e-22
  4.78275e-22
  5.36123e-22
  6.01093e-22
  6.73977e-22
  7.55725e-22
  8.47469e-22
  9.50316e-22
  1.06580e-21
  1.19519e-21
  1.34055e-21
  1.50334e-21
  1.68632e-21
  1.89123e-21
  2.12166e-21
  2.37949e-21
  2.66957e-21
  2.99398e-21
  3.35916e-21
  3.76736e-21
  4.22708e-21
  4.74072e-21
  5.31950e-21
  5.96618e-21
  6.69481e-21
  7.50901e-21
  8.42592e-21
  9.45105e-21
  1.06049e-20
  1.18956e-20
  1.33476e-20
  1.49727e-20
  1.68001e-20
   Cooling for Wiersma, Schaye and Smith (2008).
   Redshift = 3.0 log(T) = 2-8 K, log(dT) = 0.05, log(n_H) = -5 , [Z/Zsol] = 
-2.0
