 -1.68961e-23
 -1.63483e-23
 -1.57530e-23
 -1.51518e-23
 -1.45445e-23
 -1.39295e-23
 -1.33124e-23
 -1.26982e-23
 -1.20868e-23
 -1.14807e-23
 -1.08784e-23
 -1.02888e-23
 -9.71089e-24
 -9.14645e-24
 -8.59629e-24
 -8.06165e-24
 -7.54275e-24
 -7.04018e-24
 -6.55440e-24
 -6.08574e-24
 -5.63421e-24
 -5.12824e-24
 -4.70401e-24
 -4.29680e-24
 -3.90613e-24
 -3.53045e-24
 -3.16811e-24
 -2.81637e-24
 -2.47263e-24
 -2.13311e-24
 -1.79269e-24
 -1.44528e-24
 -1.08404e-24
 -6.94755e-25
 -2.60491e-25
  2.34461e-25
  8.33588e-25
  1.58817e-24
  2.59862e-24
  3.95106e-24
  5.84261e-24
  8.36855e-24
  1.23667e-23
  1.88454e-23
  2.95127e-23
  4.53012e-23
  6.49174e-23
  8.23856e-23
  9.26219e-23
  9.79944e-23
  1.03880e-22
  1.13945e-22
  1.29533e-22
  1.51770e-22
  1.82372e-22
  2.24575e-22
  2.82227e-22
  3.53819e-22
  4.22203e-22
  4.69994e-22
  4.98275e-22
  4.99321e-22
  4.81127e-22
  4.76077e-22
  4.89451e-22
  5.03430e-22
  5.11305e-22
  5.18875e-22
  5.04660e-22
  4.23543e-22
  3.07650e-22
  2.33745e-22
  2.02392e-22
  1.92766e-22
  1.88180e-22
  1.78961e-22
  1.64786e-22
  1.55530e-22
  1.54618e-22
  1.57354e-22
  1.57668e-22
  1.53142e-22
  1.45380e-22
  1.34995e-22
  1.20952e-22
  1.02472e-22
  8.27629e-23
  6.64319e-23
  5.45804e-23
  4.56708e-23
  3.86710e-23
  3.38222e-23
  3.04353e-23
  2.84952e-23
  2.75831e-23
  2.73591e-23
  2.76292e-23
  2.82335e-23
  2.89244e-23
  2.94176e-23
  2.94789e-23
  2.90106e-23
  2.78656e-23
  2.61807e-23
  2.42849e-23
  2.25937e-23
  2.13815e-23
  2.06505e-23
  2.03344e-23
  2.03087e-23
  2.05288e-23
  2.10499e-23
  2.17439e-23
  2.25590e-23
  2.34861e-23
  2.45060e-23
  2.56143e-23
  2.67978e-23
  2.80520e-23
  2.93617e-23
  3.07497e-23
   Cooling for Wiersma, Schaye and Smith (2008).
   Redshift = 0.0 log(T) = 2-8 K, log(dT) = 0.05, log(n_H) = -2 , [Z/Zsol] = 0.0
