 -2.29801e-24
 -2.27955e-24
 -2.25974e-24
 -2.23906e-24
 -2.21754e-24
 -2.19512e-24
 -2.17189e-24
 -2.14784e-24
 -2.12302e-24
 -2.09745e-24
 -2.07113e-24
 -2.04413e-24
 -2.01647e-24
 -1.98814e-24
 -1.95916e-24
 -1.92952e-24
 -1.89921e-24
 -1.86820e-24
 -1.83648e-24
 -1.80402e-24
 -1.77076e-24
 -1.73615e-24
 -1.70112e-24
 -1.66518e-24
 -1.62827e-24
 -1.59036e-24
 -1.55131e-24
 -1.51111e-24
 -1.46960e-24
 -1.42666e-24
 -1.38192e-24
 -1.33493e-24
 -1.28521e-24
 -1.23169e-24
 -1.17327e-24
 -1.10821e-24
 -1.03357e-24
 -9.37181e-25
 -7.79250e-25
 -4.30847e-25
  6.18479e-25
  3.65723e-24
  1.23622e-23
  3.29867e-23
  7.17907e-23
  1.10204e-22
  1.15361e-22
  9.84623e-23
  7.93402e-23
  6.49588e-23
  5.52035e-23
  4.80781e-23
  4.30545e-23
  4.10017e-23
  4.31433e-23
  5.21099e-23
  7.15003e-23
  9.96507e-23
  1.22238e-22
  1.26082e-22
  1.17104e-22
  1.03730e-22
  9.04922e-23
  8.12299e-23
  7.59864e-23
  7.24505e-23
  6.94802e-23
  6.73918e-23
  6.37648e-23
  5.39344e-23
  4.02186e-23
  3.17746e-23
  2.78086e-23
  2.61974e-23
  2.52212e-23
  2.38376e-23
  2.20594e-23
  2.08613e-23
  2.05655e-23
  2.06915e-23
  2.06193e-23
  2.01309e-23
  1.93531e-23
  1.83428e-23
  1.69915e-23
  1.52191e-23
  1.33434e-23
  1.18252e-23
  1.07754e-23
  1.00411e-23
  9.49933e-24
  9.20215e-24
  9.10258e-24
  9.16156e-24
  9.34027e-24
  9.60433e-24
  9.93324e-24
  1.03104e-23
  1.07111e-23
  1.11062e-23
  1.14807e-23
  1.18915e-23
  1.22680e-23
  1.26152e-23
  1.29676e-23
  1.33657e-23
  1.38399e-23
  1.43873e-23
  1.50038e-23
  1.56752e-23
  1.64131e-23
  1.73269e-23
  1.83202e-23
  1.93724e-23
  2.04871e-23
  2.16608e-23
  2.28973e-23
  2.41939e-23
  2.55544e-23
  2.69762e-23
  2.84866e-23
   Cooling for Wiersma, Schaye and Smith (2008).
   Redshift = 6.0 log(T) = 2-8 K, log(dT) = 0.05, log(n_H) = 0 , [Z/Zsol] = -1.0
