 -9.03751e-23
 -8.47781e-23
 -7.94618e-23
 -7.44958e-23
 -6.97171e-23
 -6.52884e-23
 -6.09682e-23
 -5.69490e-23
 -5.31709e-23
 -4.97345e-23
 -4.64588e-23
 -4.33287e-23
 -4.04565e-23
 -3.77794e-23
 -3.51634e-23
 -3.28246e-23
 -3.06824e-23
 -2.85824e-23
 -2.67352e-23
 -2.50510e-23
 -2.34044e-23
 -2.19543e-23
 -2.06351e-23
 -1.93657e-23
 -1.82633e-23
 -1.71673e-23
 -1.61846e-23
 -1.52447e-23
 -1.43946e-23
 -1.35672e-23
 -1.27975e-23
 -1.20277e-23
 -1.12591e-23
 -1.04536e-23
 -9.54315e-24
 -8.49597e-24
 -7.21792e-24
 -5.65416e-24
 -3.68647e-24
 -1.24238e-24
  1.73468e-24
  5.30306e-24
  9.68188e-24
  1.51094e-23
  2.19150e-23
  3.04653e-23
  4.12255e-23
  5.46003e-23
  7.15092e-23
  9.26012e-23
  1.18922e-22
  1.51094e-22
  1.90602e-22
  2.37721e-22
  2.93788e-22
  3.60429e-22
  4.41216e-22
  5.37122e-22
  6.44263e-22
  7.51274e-22
  8.50522e-22
  9.43327e-22
  1.03029e-21
  1.11236e-21
  1.18402e-21
  1.22808e-21
  1.23759e-21
  1.20790e-21
  1.14286e-21
  1.02481e-21
  8.93141e-22
  8.18710e-22
  8.03396e-22
  8.16263e-22
  8.32985e-22
  8.44998e-22
  8.63127e-22
  9.06479e-22
  9.68575e-22
  1.03921e-21
  1.11266e-21
  1.17952e-21
  1.24872e-21
  1.31580e-21
  1.37989e-21
  1.44800e-21
  1.53211e-21
  1.65200e-21
  1.79996e-21
  1.97956e-21
  2.18810e-21
  2.42841e-21
  2.70398e-21
  3.01726e-21
  3.37228e-21
  3.77429e-21
  4.22617e-21
  4.73441e-21
  5.30670e-21
  5.94860e-21
  6.67030e-21
  7.47801e-21
  8.38526e-21
  9.39973e-21
  1.05548e-20
  1.18535e-20
  1.32959e-20
  1.49092e-20
  1.67272e-20
  1.87592e-20
  2.10496e-20
  2.36090e-20
  2.64931e-20
  2.97164e-20
  3.33467e-20
  3.74058e-20
  4.19749e-20
  4.70864e-20
  5.28371e-20
  5.92734e-20
  6.65110e-20
   Cooling for Wiersma, Schaye and Smith (2008).
   Redshift = 9.0 log(T) = 2-8 K, log(dT) = 0.05, log(n_H) = -4 , [Z/Zsol] = 
0.50
