 -1.16519e-22
 -1.10197e-22
 -1.04161e-22
 -9.84725e-23
 -9.30476e-23
 -8.78605e-23
 -8.29205e-23
 -7.82611e-23
 -7.38211e-23
 -6.95700e-23
 -6.55168e-23
 -6.16939e-23
 -5.80657e-23
 -5.46195e-23
 -5.13432e-23
 -4.82155e-23
 -4.52395e-23
 -4.24321e-23
 -3.97794e-23
 -3.72649e-23
 -3.48826e-23
 -3.26204e-23
 -3.04675e-23
 -2.84611e-23
 -2.65461e-23
 -2.47479e-23
 -2.30588e-23
 -2.14456e-23
 -1.99472e-23
 -1.85180e-23
 -1.71956e-23
 -1.59307e-23
 -1.47595e-23
 -1.36423e-23
 -1.26090e-23
 -1.16228e-23
 -1.06992e-23
 -9.83951e-24
 -9.02371e-24
 -8.25496e-24
 -7.54029e-24
 -6.85551e-24
 -6.20880e-24
 -5.59338e-24
 -5.01023e-24
 -4.43999e-24
 -3.88025e-24
 -3.32112e-24
 -2.75012e-24
 -2.15983e-24
 -1.53247e-24
 -8.57669e-25
 -1.28899e-25
  6.73237e-25
  1.57579e-24
  2.62577e-24
  3.89469e-24
  5.48464e-24
  7.51114e-24
  1.00501e-23
  1.30588e-23
  1.62917e-23
  1.92551e-23
  2.13707e-23
  2.23645e-23
  2.22621e-23
  2.14470e-23
  2.01981e-23
  1.88334e-23
  1.74787e-23
  1.58060e-23
  1.49130e-23
  1.42828e-23
  1.38306e-23
  1.35083e-23
  1.32730e-23
  1.32447e-23
  1.34545e-23
  1.38192e-23
  1.42678e-23
  1.47711e-23
  1.52681e-23
  1.57972e-23
  1.62969e-23
  1.67700e-23
  1.73068e-23
  1.80240e-23
  1.90355e-23
  2.03314e-23
  2.19021e-23
  2.37271e-23
  2.58758e-23
  2.83318e-23
  3.11090e-23
  3.42393e-23
  3.77669e-23
  4.17090e-23
  4.61197e-23
  5.10599e-23
  5.65727e-23
  6.27477e-23
  6.97074e-23
  7.74965e-23
  8.61679e-23
  9.58832e-23
  1.06706e-22
  1.18848e-22
  1.32381e-22
  1.47577e-22
  1.64507e-22
  1.83542e-22
  2.04883e-22
  2.28879e-22
  2.55630e-22
  2.85681e-22
  3.19204e-22
  3.56851e-22
  3.98876e-22
  4.46058e-22
  4.98764e-22
  5.57944e-22
   Cooling for Wiersma, Schaye and Smith (2008).
   Redshift = 2.0 log(T) = 2-8 K, log(dT) = 0.05, log(n_H) = -4 , [Z/Zsol] = 
-1.5
