 -2.93911e-25
 -2.69123e-25
 -2.38006e-25
 -2.00957e-25
 -1.58257e-25
 -1.09588e-25
 -5.57942e-26
  2.84271e-27
  6.52272e-26
  1.30627e-25
  1.98064e-25
  2.66574e-25
  3.35267e-25
  4.03511e-25
  4.70834e-25
  5.36533e-25
  6.00829e-25
  6.63816e-25
  7.25801e-25
  7.87006e-25
  8.47065e-25
  9.10534e-25
  9.70010e-25
  1.03072e-24
  1.09324e-24
  1.15914e-24
  1.23126e-24
  1.31308e-24
  1.40926e-24
  1.52447e-24
  1.66620e-24
  1.84107e-24
  2.05743e-24
  2.33333e-24
  2.68541e-24
  3.13957e-24
  3.75354e-24
  4.59816e-24
  5.86641e-24
  7.77802e-24
  1.10675e-23
  1.71808e-23
  3.07280e-23
  6.17938e-23
  1.26792e-22
  1.87606e-22
  1.97091e-22
  1.90086e-22
  1.91890e-22
  2.08568e-22
  2.39850e-22
  2.84503e-22
  3.44511e-22
  4.21823e-22
  5.19946e-22
  6.42305e-22
  7.93958e-22
  9.72187e-22
  1.15083e-21
  1.30236e-21
  1.41873e-21
  1.45354e-21
  1.42240e-21
  1.42695e-21
  1.48494e-21
  1.54058e-21
  1.57394e-21
  1.60466e-21
  1.56531e-21
  1.31290e-21
  9.50998e-22
  7.19324e-22
  6.22007e-22
  5.93088e-22
  5.79856e-22
  5.51832e-22
  5.07834e-22
  4.79180e-22
  4.76785e-22
  4.85791e-22
  4.87014e-22
  4.72790e-22
  4.48249e-22
  4.15343e-22
  3.70817e-22
  3.12219e-22
  2.49706e-22
  1.97908e-22
  1.60403e-22
  1.32402e-22
  1.09934e-22
  9.31529e-23
  8.19177e-23
  7.51362e-23
  7.15934e-23
  7.02179e-23
  7.03709e-23
  7.15478e-23
  7.29666e-23
  7.37300e-23
  7.30777e-23
  7.05406e-23
  6.57892e-23
  5.92766e-23
  5.20409e-23
  4.53986e-23
  4.02582e-23
  3.65677e-23
  3.41363e-23
  3.25723e-23
  3.16962e-23
  3.14323e-23
  3.15768e-23
  3.20034e-23
  3.26749e-23
  3.35363e-23
  3.45684e-23
  3.57357e-23
  3.70207e-23
  3.83828e-23
  3.98417e-23
   Cooling for Wiersma, Schaye and Smith (2008).
   Redshift = 0.0 log(T) = 2-8 K, log(dT) = 0.05, log(n_H) = 0 , [Z/Zsol] = 0.50
