 -3.86234e-25
 -3.84838e-25
 -3.83314e-25
 -3.81721e-25
 -3.80061e-25
 -3.78324e-25
 -3.76512e-25
 -3.74616e-25
 -3.72635e-25
 -3.70561e-25
 -3.68393e-25
 -3.66116e-25
 -3.63732e-25
 -3.61230e-25
 -3.58605e-25
 -3.55846e-25
 -3.52946e-25
 -3.49893e-25
 -3.46675e-25
 -3.43276e-25
 -3.39641e-25
 -3.35855e-25
 -3.31764e-25
 -3.27488e-25
 -3.22960e-25
 -3.18183e-25
 -3.13136e-25
 -3.07813e-25
 -3.02159e-25
 -2.96140e-25
 -2.89685e-25
 -2.82728e-25
 -2.75203e-25
 -2.67130e-25
 -2.58476e-25
 -2.49112e-25
 -2.38635e-25
 -2.21450e-25
 -1.68503e-25
  3.14216e-26
  8.44377e-25
  3.52388e-24
  1.19951e-23
  3.45340e-23
  8.26035e-23
  1.23242e-22
  1.18787e-22
  9.62346e-23
  7.56632e-23
  6.11183e-23
  5.02752e-23
  4.10216e-23
  3.35499e-23
  2.87824e-23
  2.77789e-23
  3.30679e-23
  4.81599e-23
  7.14565e-23
  8.89971e-23
  8.80631e-23
  7.50312e-23
  6.00972e-23
  4.74362e-23
  3.77266e-23
  3.04384e-23
  2.49892e-23
  2.08438e-23
  1.76954e-23
  1.52236e-23
  1.32342e-23
  1.07720e-23
  9.54261e-24
  8.59318e-24
  7.86387e-24
  7.28309e-24
  6.75976e-24
  6.34525e-24
  6.03329e-24
  5.80375e-24
  5.64106e-24
  5.52529e-24
  5.47896e-24
  5.46713e-24
  5.48550e-24
  5.52721e-24
  5.58881e-24
  5.66989e-24
  5.77318e-24
  5.89738e-24
  6.03957e-24
  6.20106e-24
  6.43048e-24
  6.68385e-24
  6.95606e-24
  7.24620e-24
  7.55332e-24
  7.87674e-24
  8.21552e-24
  8.56923e-24
  8.93671e-24
  9.32662e-24
  9.81290e-24
  1.03329e-23
  1.08769e-23
  1.14466e-23
  1.20408e-23
  1.26612e-23
  1.33061e-23
  1.39765e-23
  1.46704e-23
  1.54045e-23
  1.62937e-23
  1.72440e-23
  1.82375e-23
  1.92777e-23
  2.03621e-23
  2.14935e-23
  2.26692e-23
  2.38914e-23
  2.51577e-23
  2.64927e-23
   Cooling for Wiersma, Schaye and Smith (2008).
   Redshift = 0.0 log(T) = 2-8 K, log(dT) = 0.05, log(n_H) = 0 , [Z/Zsol] = -3.0
