 -3.57059e-25
 -3.48271e-25
 -3.37395e-25
 -3.24598e-25
 -3.09968e-25
 -2.93400e-25
 -2.75161e-25
 -2.55335e-25
 -2.34266e-25
 -2.12180e-25
 -1.89386e-25
 -1.66179e-25
 -1.42840e-25
 -1.19563e-25
 -9.64926e-26
 -7.38438e-26
 -5.15422e-26
 -2.95490e-26
 -7.76037e-27
  1.39061e-26
  3.53718e-26
  5.80183e-26
  7.96112e-26
  1.01720e-25
  1.24576e-25
  1.48667e-25
  1.74909e-25
  2.04407e-25
  2.38669e-25
  2.79195e-25
  3.28397e-25
  3.88416e-25
  4.61935e-25
  5.54646e-25
  6.71824e-25
  8.21751e-25
  1.02294e-24
  1.30160e-24
  1.73860e-24
  2.47944e-24
  4.07500e-24
  7.83962e-24
  1.79149e-23
  4.31484e-23
  9.65675e-23
  1.43582e-22
  1.43532e-22
  1.25893e-22
  1.12392e-22
  1.07714e-22
  1.10183e-22
  1.17964e-22
  1.31817e-22
  1.52988e-22
  1.83309e-22
  2.25594e-22
  2.83841e-22
  3.56098e-22
  4.24549e-22
  4.71795e-22
  4.99656e-22
  5.00441e-22
  4.81941e-22
  4.76736e-22
  4.90079e-22
  5.03932e-22
  5.11640e-22
  5.19193e-22
  5.05070e-22
  4.23943e-22
  3.07894e-22
  2.33842e-22
  2.02439e-22
  1.92801e-22
  1.88223e-22
  1.79009e-22
  1.64821e-22
  1.55553e-22
  1.54639e-22
  1.57374e-22
  1.57681e-22
  1.53155e-22
  1.45391e-22
  1.35005e-22
  1.20963e-22
  1.02487e-22
  8.27882e-23
  6.64899e-23
  5.47230e-23
  4.59714e-23
  3.89818e-23
  3.38358e-23
  3.04586e-23
  2.85018e-23
  2.75806e-23
  2.73560e-23
  2.76256e-23
  2.82293e-23
  2.89195e-23
  2.94121e-23
  2.94727e-23
  2.90035e-23
  2.78577e-23
  2.61718e-23
  2.42749e-23
  2.25823e-23
  2.13822e-23
  2.06570e-23
  2.03473e-23
  2.03277e-23
  2.05528e-23
  2.10777e-23
  2.17733e-23
  2.25877e-23
  2.35114e-23
  2.45253e-23
  2.56253e-23
  2.67984e-23
  2.80404e-23
  2.93370e-23
  3.07111e-23
   Cooling for Wiersma, Schaye and Smith (2008).
   Redshift = 0.0 log(T) = 2-8 K, log(dT) = 0.05, log(n_H) = 0 , [Z/Zsol] = 0.0
