 -8.41700e-23
 -7.91498e-23
 -7.45130e-23
 -7.01111e-23
 -6.60462e-23
 -6.21844e-23
 -5.86136e-23
 -5.52419e-23
 -5.20905e-23
 -4.91397e-23
 -4.63580e-23
 -4.37665e-23
 -4.13307e-23
 -3.90403e-23
 -3.68721e-23
 -3.48470e-23
 -3.29422e-23
 -3.11481e-23
 -2.94558e-23
 -2.78518e-23
 -2.63298e-23
 -2.48938e-23
 -2.35398e-23
 -2.22547e-23
 -2.10346e-23
 -1.98696e-23
 -1.87577e-23
 -1.76949e-23
 -1.66874e-23
 -1.57217e-23
 -1.47920e-23
 -1.38963e-23
 -1.30401e-23
 -1.22149e-23
 -1.14149e-23
 -1.06399e-23
 -9.89378e-24
 -9.16831e-24
 -8.45912e-24
 -7.76676e-24
 -7.09219e-24
 -6.42631e-24
 -5.76664e-24
 -5.11228e-24
 -4.45452e-24
 -3.78578e-24
 -3.09481e-24
 -2.36848e-24
 -1.58982e-24
 -7.44318e-25
  1.86280e-25
  1.22343e-24
  2.40362e-24
  3.81882e-24
  5.68657e-24
  8.42776e-24
  1.27298e-23
  1.93949e-23
  2.85876e-23
  3.86142e-23
  4.59759e-23
  4.82318e-23
  4.65243e-23
  4.31766e-23
  3.99062e-23
  3.74371e-23
  3.58585e-23
  3.51996e-23
  3.53312e-23
  3.62098e-23
  3.70727e-23
  3.92789e-23
  4.20901e-23
  4.55504e-23
  4.96296e-23
  5.43518e-23
  5.97973e-23
  6.60755e-23
  7.31999e-23
  8.13066e-23
  9.04385e-23
  1.00795e-22
  1.12423e-22
  1.25528e-22
  1.40220e-22
  1.56753e-22
  1.75289e-22
  1.96126e-22
  2.19486e-22
  2.45720e-22
  2.75138e-22
  3.08203e-22
  3.45294e-22
  3.86891e-22
  4.33567e-22
  4.85884e-22
  5.44616e-22
  6.10414e-22
  6.84318e-22
  7.67073e-22
  8.60081e-22
  9.64259e-22
  1.08140e-21
  1.21246e-21
  1.35988e-21
  1.52473e-21
  1.71028e-21
  1.91765e-21
  2.15118e-21
  2.41206e-21
  2.70601e-21
  3.03447e-21
  3.40453e-21
  3.81802e-21
  4.28363e-21
  4.80416e-21
  5.39000e-21
  6.04528e-21
  6.78243e-21
  7.60737e-21
  8.53494e-21
   Cooling for Wiersma, Schaye and Smith (2008).
   Redshift = 5.0 log(T) = 2-8 K, log(dT) = 0.05, log(n_H) = -4 , [Z/Zsol] = 
-3.0
