 -7.53600e-23
 -7.05705e-23
 -6.60824e-23
 -6.19617e-23
 -5.80382e-23
 -5.43801e-23
 -5.10011e-23
 -4.78037e-23
 -4.48113e-23
 -4.20608e-23
 -3.94457e-23
 -3.70043e-23
 -3.47520e-23
 -3.26155e-23
 -3.06166e-23
 -2.87695e-23
 -2.70161e-23
 -2.53770e-23
 -2.38545e-23
 -2.24079e-23
 -2.10654e-23
 -1.97847e-23
 -1.85846e-23
 -1.74527e-23
 -1.63795e-23
 -1.53612e-23
 -1.43919e-23
 -1.34674e-23
 -1.25786e-23
 -1.17254e-23
 -1.09010e-23
 -1.00922e-23
 -9.30708e-24
 -8.53274e-24
 -7.76060e-24
 -6.99338e-24
 -6.22003e-24
 -5.43559e-24
 -4.63174e-24
 -3.80431e-24
 -2.94330e-24
 -2.03984e-24
 -1.08159e-24
 -5.72337e-26
  1.05479e-24
  2.27860e-24
  3.64764e-24
  5.19717e-24
  6.98031e-24
  9.02772e-24
  1.13845e-23
  1.40994e-23
  1.72753e-23
  2.11513e-23
  2.63665e-23
  3.42495e-23
  4.68019e-23
  6.52412e-23
  8.62041e-23
  1.00798e-22
  1.04842e-22
  1.02616e-22
  9.96072e-23
  9.83837e-23
  9.93427e-23
  1.02592e-22
  1.07882e-22
  1.15185e-22
  1.24485e-22
  1.35649e-22
  1.47986e-22
  1.63349e-22
  1.80966e-22
  2.01152e-22
  2.23930e-22
  2.49738e-22
  2.78780e-22
  3.11685e-22
  3.48599e-22
  3.90239e-22
  4.36862e-22
  4.89358e-22
  5.48127e-22
  6.14210e-22
  6.88192e-22
  7.71371e-22
  8.64604e-22
  9.69424e-22
  1.08696e-21
  1.21899e-21
  1.36706e-21
  1.53331e-21
  1.71984e-21
  1.92909e-21
  2.16396e-21
  2.42730e-21
  2.72303e-21
  3.05443e-21
  3.42677e-21
  3.84382e-21
  4.31263e-21
  4.83754e-21
  5.42790e-21
  6.08849e-21
  6.83179e-21
  7.66311e-21
  8.59899e-21
  9.64519e-21
  1.08235e-20
  1.21402e-20
  1.36238e-20
  1.52815e-20
  1.71493e-20
  1.92365e-20
  2.15872e-20
  2.42154e-20
  2.71738e-20
  3.04832e-20
  3.42064e-20
  3.83735e-20
  4.30594e-20
   Cooling for Wiersma, Schaye and Smith (2008).
   Redshift = 8.0 log(T) = 2-8 K, log(dT) = 0.05, log(n_H) = -4 , [Z/Zsol] = 
-2.0
