 -1.52082e-22
 -1.43676e-22
 -1.35670e-22
 -1.28039e-22
 -1.20758e-22
 -1.13866e-22
 -1.07298e-22
 -1.01039e-22
 -9.50775e-23
 -8.94142e-23
 -8.40299e-23
 -7.89358e-23
 -7.40946e-23
 -6.95250e-23
 -6.51538e-23
 -6.10615e-23
 -5.71614e-23
 -5.34703e-23
 -5.00093e-23
 -4.66899e-23
 -4.36020e-23
 -4.06397e-23
 -3.78708e-23
 -3.52404e-23
 -3.27527e-23
 -3.04194e-23
 -2.81931e-23
 -2.60973e-23
 -2.41046e-23
 -2.22155e-23
 -2.04283e-23
 -1.87129e-23
 -1.70855e-23
 -1.55279e-23
 -1.40258e-23
 -1.25759e-23
 -1.11738e-23
 -9.81227e-24
 -8.48063e-24
 -7.16286e-24
 -5.85595e-24
 -4.54757e-24
 -3.22933e-24
 -1.89142e-24
 -5.21049e-25
  8.94872e-25
  2.37073e-24
  3.91911e-24
  5.55943e-24
  7.30673e-24
  9.18443e-24
  1.12161e-23
  1.34258e-23
  1.58417e-23
  1.85184e-23
  2.14897e-23
  2.48414e-23
  2.86732e-23
  3.31050e-23
  3.82437e-23
  4.41648e-23
  5.09027e-23
  5.83268e-23
  6.62531e-23
  7.44832e-23
  8.29849e-23
  9.18904e-23
  1.01505e-22
  1.12095e-22
  1.24015e-22
  1.37257e-22
  1.52524e-22
  1.69735e-22
  1.89277e-22
  2.11231e-22
  2.36028e-22
  2.63853e-22
  2.95297e-22
  3.30531e-22
  3.70264e-22
  4.14759e-22
  4.64899e-22
  5.21044e-22
  5.84210e-22
  6.54953e-22
  7.34482e-22
  8.23583e-22
  9.23688e-22
  1.03589e-21
  1.16187e-21
  1.30315e-21
  1.46176e-21
  1.63969e-21
  1.83929e-21
  2.06332e-21
  2.31449e-21
  2.59655e-21
  2.91263e-21
  3.26774e-21
  3.66550e-21
  4.11262e-21
  4.61324e-21
  5.17629e-21
  5.80632e-21
  6.51523e-21
  7.30808e-21
  8.20065e-21
  9.19844e-21
  1.03223e-20
  1.15779e-20
  1.29929e-20
  1.45738e-20
  1.63552e-20
  1.83458e-20
  2.05876e-20
  2.30942e-20
  2.59156e-20
  2.90718e-20
  3.26226e-20
  3.65968e-20
  4.10657e-20
   Cooling for Wiersma, Schaye and Smith (2008).
   Redshift = 4.0 log(T) = 2-8 K, log(dT) = 0.05, log(n_H) = -5 , [Z/Zsol] = 
-3.0
