 -1.02940e-22
 -9.75011e-23
 -9.24263e-23
 -8.76438e-23
 -8.31293e-23
 -7.88921e-23
 -7.48957e-23
 -7.11243e-23
 -6.75596e-23
 -6.42035e-23
 -6.10067e-23
 -5.79871e-23
 -5.51247e-23
 -5.24254e-23
 -4.98436e-23
 -4.73553e-23
 -4.50106e-23
 -4.28015e-23
 -4.06917e-23
 -3.86636e-23
 -3.67392e-23
 -3.49199e-23
 -3.31622e-23
 -3.14667e-23
 -2.98682e-23
 -2.83489e-23
 -2.68655e-23
 -2.54587e-23
 -2.41430e-23
 -2.29011e-23
 -2.17092e-23
 -2.05772e-23
 -1.95140e-23
 -1.85002e-23
 -1.75162e-23
 -1.65608e-23
 -1.56352e-23
 -1.47158e-23
 -1.37798e-23
 -1.28241e-23
 -1.18369e-23
 -1.07868e-23
 -9.62266e-24
 -8.28502e-24
 -6.67509e-24
 -4.70680e-24
 -2.23636e-24
  8.21507e-25
  4.67767e-24
  9.40218e-24
  1.53389e-23
  2.24777e-23
  3.11032e-23
  4.14506e-23
  5.38643e-23
  6.86396e-23
  8.62647e-23
  1.07104e-22
  1.31437e-22
  1.58777e-22
  1.86704e-22
  2.11681e-22
  2.31250e-22
  2.42989e-22
  2.46299e-22
  2.40551e-22
  2.29324e-22
  2.15289e-22
  2.01955e-22
  1.87957e-22
  1.74424e-22
  1.65532e-22
  1.60515e-22
  1.56612e-22
  1.53430e-22
  1.51883e-22
  1.53448e-22
  1.58815e-22
  1.65665e-22
  1.71887e-22
  1.77023e-22
  1.77871e-22
  1.76222e-22
  1.70005e-22
  1.59988e-22
  1.49586e-22
  1.42308e-22
  1.40673e-22
  1.43649e-22
  1.50396e-22
  1.59986e-22
  1.72302e-22
  1.87567e-22
  2.05681e-22
  2.26840e-22
  2.51636e-22
  2.79521e-22
  3.11244e-22
  3.47184e-22
  3.87623e-22
  4.33045e-22
  4.83803e-22
  5.40474e-22
  6.03632e-22
  6.74606e-22
  7.54032e-22
  8.43654e-22
  9.44067e-22
  1.05737e-21
  1.18410e-21
  1.32702e-21
  1.48689e-21
  1.66707e-21
  1.86843e-21
  2.09518e-21
  2.34866e-21
  2.63394e-21
  2.95302e-21
  3.31191e-21
  3.71348e-21
  4.16496e-21
   Cooling for Wiersma, Schaye and Smith (2008).
   Redshift = 4.0 log(T) = 2-8 K, log(dT) = 0.05, log(n_H) = -4 , [Z/Zsol] = 0.0
