 -2.60077e-22
 -2.47378e-22
 -2.35019e-22
 -2.22830e-22
 -2.10897e-22
 -1.99306e-22
 -1.87930e-22
 -1.76735e-22
 -1.65684e-22
 -1.54694e-22
 -1.43781e-22
 -1.32970e-22
 -1.22190e-22
 -1.11381e-22
 -1.00500e-22
 -8.94713e-23
 -7.82623e-23
 -6.68328e-23
 -5.51113e-23
 -4.29491e-23
 -3.03387e-23
 -1.71282e-23
 -3.21272e-24
  1.15297e-23
  2.72303e-23
  4.40803e-23
  6.21992e-23
  8.18614e-23
  1.03181e-22
  1.26531e-22
  1.52055e-22
  1.80019e-22
  2.11124e-22
  2.45196e-22
  2.83182e-22
  3.25229e-22
  3.71957e-22
  4.23785e-22
  4.82296e-22
  5.46791e-22
  6.19100e-22
  6.99656e-22
  7.90471e-22
  8.91639e-22
  1.00487e-21
  1.13138e-21
  1.27340e-21
  1.43217e-21
  1.61045e-21
  1.81171e-21
  2.03600e-21
  2.28710e-21
  2.56893e-21
  2.88477e-21
  3.23921e-21
  3.63673e-21
  4.08268e-21
  4.58338e-21
  5.14479e-21
  5.77555e-21
  6.48906e-21
  7.28438e-21
  8.17502e-21
  9.17538e-21
  1.02945e-20
  1.15523e-20
  1.29592e-20
  1.45416e-20
  1.63116e-20
  1.83042e-20
  2.05319e-20
  2.30413e-20
  2.58457e-20
  2.90059e-20
  3.25366e-20
  3.65154e-20
  4.09615e-20
  4.59695e-20
  5.15686e-20
  5.78719e-20
  6.49226e-20
  7.28561e-20
  8.17348e-20
  9.17201e-20
  1.02900e-19
  1.15468e-19
  1.29547e-19
  1.45365e-19
  1.63093e-19
  1.83001e-19
  2.05326e-19
  2.30382e-19
  2.58494e-19
  2.90030e-19
  3.25429e-19
  3.65121e-19
  4.09696e-19
  4.59652e-19
  5.15782e-19
  5.78656e-19
  6.49337e-19
  7.28470e-19
  8.17472e-19
  9.17069e-19
  1.02914e-18
  1.15449e-18
  1.29562e-18
  1.45339e-18
  1.63109e-18
  1.82965e-18
  2.05342e-18
  2.30341e-18
  2.58510e-18
  2.89990e-18
  3.25444e-18
  3.65085e-18
  4.09707e-18
  4.59626e-18
  5.15788e-18
  5.78647e-18
  6.49333e-18
   Cooling for Wiersma, Schaye and Smith (2008).
   Redshift = 9.0 log(T) = 2-8 K, log(dT) = 0.05, log(n_H) = -6 , [Z/Zsol] = 
-1.5
