 -1.20749e-22
 -1.15434e-22
 -1.10503e-22
 -1.05777e-22
 -1.01386e-22
 -9.72051e-23
 -9.32603e-23
 -8.95525e-23
 -8.59688e-23
 -8.26250e-23
 -7.94488e-23
 -7.63923e-23
 -7.34646e-23
 -7.06751e-23
 -6.80069e-23
 -6.54254e-23
 -6.29518e-23
 -6.05625e-23
 -5.82453e-23
 -5.60118e-23
 -5.38519e-23
 -5.17626e-23
 -4.97348e-23
 -4.77491e-23
 -4.58214e-23
 -4.39344e-23
 -4.21004e-23
 -4.03302e-23
 -3.86047e-23
 -3.69275e-23
 -3.53106e-23
 -3.37442e-23
 -3.22213e-23
 -3.07452e-23
 -2.93269e-23
 -2.79544e-23
 -2.66226e-23
 -2.53325e-23
 -2.40807e-23
 -2.28748e-23
 -2.17036e-23
 -2.05546e-23
 -1.94154e-23
 -1.82922e-23
 -1.71891e-23
 -1.60863e-23
 -1.49735e-23
 -1.38366e-23
 -1.26514e-23
 -1.14172e-23
 -1.00588e-23
 -8.63111e-24
 -7.05709e-24
 -5.24336e-24
 -3.02815e-24
 -6.87416e-26
  4.20212e-24
  1.03854e-23
  1.88251e-23
  2.86332e-23
  3.71315e-23
  4.16063e-23
  4.19248e-23
  3.97370e-23
  3.66558e-23
  3.36767e-23
  3.10290e-23
  2.89222e-23
  2.71399e-23
  2.56992e-23
  2.42168e-23
  2.32449e-23
  2.40919e-23
  2.51477e-23
  2.72369e-23
  2.91675e-23
  3.06248e-23
  3.24186e-23
  3.28373e-23
  3.22487e-23
  3.03429e-23
  2.69200e-23
  2.28697e-23
  1.91538e-23
  1.61922e-23
  1.40270e-23
  1.25306e-23
  1.15256e-23
  1.08681e-23
  1.04279e-23
  1.01447e-23
  1.00426e-23
  1.00586e-23
  1.01756e-23
  1.03907e-23
  1.07104e-23
  1.11678e-23
  1.16879e-23
  1.22786e-23
  1.29052e-23
  1.35307e-23
  1.41943e-23
  1.48206e-23
  1.54345e-23
  1.60937e-23
  1.68393e-23
  1.76969e-23
  1.86678e-23
  1.97559e-23
  2.09569e-23
  2.22935e-23
  2.38853e-23
  2.56456e-23
  2.75616e-23
  2.96500e-23
  3.19173e-23
  3.43829e-23
  3.70571e-23
  3.99622e-23
  4.31120e-23
  4.65582e-23
   Cooling for Wiersma, Schaye and Smith (2008).
   11 < z < 9.89 (highz) log(T) = 2-8 K, log(dT) = 0.05, log(n_H) = -5
 , [Z/Zsol] = ****
