 -1.90843e-23
 -1.85573e-23
 -1.79978e-23
 -1.74268e-23
 -1.68458e-23
 -1.62521e-23
 -1.56514e-23
 -1.50555e-23
 -1.44517e-23
 -1.38493e-23
 -1.32402e-23
 -1.26383e-23
 -1.20420e-23
 -1.14531e-23
 -1.08726e-23
 -1.03018e-23
 -9.74126e-24
 -9.19208e-24
 -8.65501e-24
 -8.13088e-24
 -7.62020e-24
 -7.06764e-24
 -6.57863e-24
 -6.10431e-24
 -5.64460e-24
 -5.19844e-24
 -4.76428e-24
 -4.33971e-24
 -3.92230e-24
 -3.50856e-24
 -3.09443e-24
 -2.67427e-24
 -2.24217e-24
 -1.78407e-24
 -1.28446e-24
 -7.27907e-25
 -7.13627e-26
  7.40543e-25
  1.81693e-24
  3.25790e-24
  5.31093e-24
  8.16959e-24
  1.29349e-23
  2.10615e-23
  3.48868e-23
  5.50114e-23
  7.74401e-23
  9.32231e-23
  9.91066e-23
  1.00932e-22
  1.04623e-22
  1.13479e-22
  1.28678e-22
  1.50857e-22
  1.81863e-22
  2.24531e-22
  2.82953e-22
  3.55028e-22
  4.23433e-22
  4.70773e-22
  4.98737e-22
  4.99664e-22
  4.81339e-22
  4.76222e-22
  4.89564e-22
  5.03451e-22
  5.11199e-22
  5.18671e-22
  5.04436e-22
  4.23403e-22
  3.07608e-22
  2.33719e-22
  2.02388e-22
  1.92772e-22
  1.88193e-22
  1.78979e-22
  1.64813e-22
  1.55573e-22
  1.54678e-22
  1.57423e-22
  1.57739e-22
  1.53224e-22
  1.45475e-22
  1.35101e-22
  1.21070e-22
  1.02610e-22
  8.29320e-23
  6.66600e-23
  5.49211e-23
  4.61993e-23
  3.92425e-23
  3.41323e-23
  3.07942e-23
  2.88802e-23
  2.80066e-23
  2.78349e-23
  2.81636e-23
  2.88334e-23
  2.95979e-23
  3.01734e-23
  3.03280e-23
  2.99632e-23
  2.89347e-23
  2.73802e-23
  2.56312e-23
  2.41042e-23
  2.30770e-23
  2.25527e-23
  2.24694e-23
  2.27037e-23
  2.32167e-23
  2.40652e-23
  2.51280e-23
  2.63552e-23
  2.77465e-23
  2.92853e-23
  3.09778e-23
  3.28192e-23
  3.48449e-23
  3.69708e-23
  3.92774e-23
   Cooling for Wiersma, Schaye and Smith (2008).
   Redshift = 5.0 log(T) = 2-8 K, log(dT) = 0.05, log(n_H) = -1 , [Z/Zsol] = 0.0
