 -7.07053e-23
 -6.60790e-23
 -6.17473e-23
 -5.76597e-23
 -5.38237e-23
 -5.02643e-23
 -4.69255e-23
 -4.38040e-23
 -4.08564e-23
 -3.81147e-23
 -3.55650e-23
 -3.31547e-23
 -3.09173e-23
 -2.88172e-23
 -2.68645e-23
 -2.50340e-23
 -2.33303e-23
 -2.17338e-23
 -2.02484e-23
 -1.88568e-23
 -1.75623e-23
 -1.63489e-23
 -1.52223e-23
 -1.41647e-23
 -1.31779e-23
 -1.22581e-23
 -1.13988e-23
 -1.05987e-23
 -9.84909e-24
 -9.14949e-24
 -8.49273e-24
 -7.88175e-24
 -7.30561e-24
 -6.76932e-24
 -6.26308e-24
 -5.79069e-24
 -5.34496e-24
 -4.92400e-24
 -4.52868e-24
 -4.14907e-24
 -3.78982e-24
 -3.43831e-24
 -3.08208e-24
 -2.70314e-24
 -2.26089e-24
 -1.70171e-24
 -9.40859e-25
  1.03444e-25
  1.52395e-24
  3.33810e-24
  5.48552e-24
  7.78163e-24
  1.00418e-23
  1.24048e-23
  1.57200e-23
  2.19553e-23
  3.39126e-23
  5.24462e-23
  7.09176e-23
  7.78113e-23
  7.21267e-23
  6.11878e-23
  5.03915e-23
  4.16337e-23
  3.50396e-23
  3.01021e-23
  2.63351e-23
  2.34580e-23
  2.10584e-23
  1.87368e-23
  1.58063e-23
  1.44036e-23
  1.36138e-23
  1.32361e-23
  1.30816e-23
  1.30009e-23
  1.30627e-23
  1.33486e-23
  1.38581e-23
  1.45497e-23
  1.53624e-23
  1.63174e-23
  1.74013e-23
  1.86330e-23
  2.00096e-23
  2.15506e-23
  2.33020e-23
  2.53347e-23
  2.76781e-23
  3.03501e-23
  3.33721e-23
  3.68336e-23
  4.07332e-23
  4.51143e-23
  5.00260e-23
  5.55224e-23
  6.16788e-23
  6.85625e-23
  7.62698e-23
  8.48748e-23
  9.45247e-23
  1.05378e-22
  1.17555e-22
  1.31139e-22
  1.46379e-22
  1.63384e-22
  1.82484e-22
  2.03792e-22
  2.27739e-22
  2.54445e-22
  2.84494e-22
  3.18135e-22
  3.55992e-22
  3.98231e-22
  4.45725e-22
  4.98750e-22
  5.58348e-22
  6.24930e-22
  6.99740e-22
  7.83369e-22
  8.77322e-22
   Cooling for Wiersma, Schaye and Smith (2008).
   Redshift = 5.0 log(T) = 2-8 K, log(dT) = 0.05, log(n_H) = -3 , [Z/Zsol] = 
-2.0
