 -7.38818e-23
 -6.91397e-23
 -6.46910e-23
 -6.05793e-23
 -5.66621e-23
 -5.30593e-23
 -4.96835e-23
 -4.64829e-23
 -4.35318e-23
 -4.07597e-23
 -3.81555e-23
 -3.57464e-23
 -3.34626e-23
 -3.13519e-23
 -2.93816e-23
 -2.75113e-23
 -2.57892e-23
 -2.41719e-23
 -2.26482e-23
 -2.12377e-23
 -1.99021e-23
 -1.86599e-23
 -1.74971e-23
 -1.64066e-23
 -1.53846e-23
 -1.44223e-23
 -1.35148e-23
 -1.26628e-23
 -1.18667e-23
 -1.11162e-23
 -1.04098e-23
 -9.74066e-24
 -9.10555e-24
 -8.50458e-24
 -7.94332e-24
 -7.40797e-24
 -6.89813e-24
 -6.41281e-24
 -5.95460e-24
 -5.51691e-24
 -5.09671e-24
 -4.68997e-24
 -4.29471e-24
 -3.89783e-24
 -3.47971e-24
 -3.01568e-24
 -2.46468e-24
 -1.78242e-24
 -9.15760e-25
  1.64720e-25
  1.47080e-24
  2.96004e-24
  4.56823e-24
  6.30840e-24
  8.43989e-24
  1.16630e-23
  1.71731e-23
  2.61746e-23
  3.80304e-23
  4.82164e-23
  5.16885e-23
  4.82162e-23
  4.16252e-23
  3.47014e-23
  2.87388e-23
  2.39276e-23
  2.01344e-23
  1.71959e-23
  1.48900e-23
  1.30991e-23
  1.08961e-23
  9.83138e-24
  9.00381e-24
  8.37839e-24
  7.90271e-24
  7.49826e-24
  7.21805e-24
  7.04875e-24
  6.96795e-24
  6.96788e-24
  7.03601e-24
  7.20088e-24
  7.42765e-24
  7.71560e-24
  8.06126e-24
  8.46696e-24
  8.93231e-24
  9.46130e-24
  1.00560e-23
  1.07219e-23
  1.14678e-23
  1.23503e-23
  1.33340e-23
  1.44235e-23
  1.56298e-23
  1.69632e-23
  1.84386e-23
  2.00681e-23
  2.18719e-23
  2.38640e-23
  2.60806e-23
  2.86126e-23
  3.14341e-23
  3.45539e-23
  3.80218e-23
  4.18573e-23
  4.61260e-23
  5.08487e-23
  5.61118e-23
  6.19370e-23
  6.84532e-23
  7.58022e-23
  8.40311e-23
  9.31586e-23
  1.03360e-22
  1.14687e-22
  1.27348e-22
  1.41421e-22
  1.57155e-22
  1.74663e-22
  1.94261e-22
   Cooling for Wiersma, Schaye and Smith (2008).
   Redshift = 3.0 log(T) = 2-8 K, log(dT) = 0.05, log(n_H) = -3 , [Z/Zsol] = 
-Inf
