 -6.37042e-23
 -5.97285e-23
 -5.59322e-23
 -5.23428e-23
 -4.89383e-23
 -4.57167e-23
 -4.26788e-23
 -3.97785e-23
 -3.70537e-23
 -3.45281e-23
 -3.21301e-23
 -2.98521e-23
 -2.77222e-23
 -2.57446e-23
 -2.38788e-23
 -2.21189e-23
 -2.04808e-23
 -1.89471e-23
 -1.75195e-23
 -1.61925e-23
 -1.49583e-23
 -1.37904e-23
 -1.27115e-23
 -1.17106e-23
 -1.07882e-23
 -9.92167e-24
 -9.12571e-24
 -8.38879e-24
 -7.69776e-24
 -7.06101e-24
 -6.46271e-24
 -5.90623e-24
 -5.37856e-24
 -4.87659e-24
 -4.39489e-24
 -3.92420e-24
 -3.45924e-24
 -2.98080e-24
 -2.47630e-24
 -1.93348e-24
 -1.32777e-24
 -6.30926e-25
  2.23078e-25
  1.31492e-24
  2.81808e-24
  4.93455e-24
  7.96049e-24
  1.21450e-23
  1.77122e-23
  2.44213e-23
  3.17781e-23
  3.90671e-23
  4.63694e-23
  5.45048e-23
  6.55783e-23
  8.26592e-23
  1.09745e-22
  1.46114e-22
  1.79089e-22
  1.94638e-22
  1.95536e-22
  1.87519e-22
  1.75804e-22
  1.68850e-22
  1.68298e-22
  1.69556e-22
  1.69824e-22
  1.69294e-22
  1.61992e-22
  1.36241e-22
  1.00891e-22
  7.85562e-23
  6.87969e-23
  6.54477e-23
  6.36169e-23
  6.03014e-23
  5.57148e-23
  5.28295e-23
  5.25152e-23
  5.32875e-23
  5.33239e-23
  5.18928e-23
  4.94707e-23
  4.62056e-23
  4.17881e-23
  3.60417e-23
  2.99658e-23
  2.49669e-23
  2.13914e-23
  1.87338e-23
  1.66034e-23
  1.50502e-23
  1.40301e-23
  1.35389e-23
  1.33172e-23
  1.33142e-23
  1.34767e-23
  1.38979e-23
  1.43438e-23
  1.48223e-23
  1.53096e-23
  1.58981e-23
  1.63874e-23
  1.67648e-23
  1.70455e-23
  1.73875e-23
  1.78936e-23
  1.85553e-23
  1.93363e-23
  2.02502e-23
  2.13081e-23
  2.25981e-23
  2.40696e-23
  2.56778e-23
  2.74321e-23
  2.93352e-23
  3.13991e-23
  3.36282e-23
  3.60420e-23
  3.86469e-23
  4.14847e-23
   Cooling for Wiersma, Schaye and Smith (2008).
   11 < z < 9.89 (highz) log(T) = 2-8 K, log(dT) = 0.05, log(n_H) = -3
 , [Z/Zsol] = ****
