 -1.08139e-35
 -6.23550e-36
 -5.95498e-37
  6.27106e-36
  1.45830e-35
  2.45862e-35
  3.65817e-35
  5.09056e-35
  6.79622e-35
  8.82202e-35
  1.12230e-34
  1.40641e-34
  1.74194e-34
  2.13764e-34
  2.60373e-34
  3.15219e-34
  3.81739e-34
  4.43105e-34
  5.39191e-34
  6.25972e-34
  7.45720e-34
  9.38205e-34
  1.11328e-33
  1.35552e-33
  1.51159e-33
  1.33099e-33
  2.14980e-33
  2.53275e-33
  2.89119e-33
  2.76531e-33
  4.23072e-33
  1.71619e-32
  7.95045e-33
  2.55425e-33
  3.30941e-32
  2.35508e-31
  1.88271e-30
  1.10173e-29
  7.80088e-29
  6.45133e-28
  1.13485e-26
  1.92218e-25
  2.99044e-24
  2.37710e-23
  8.53777e-23
  1.29764e-22
  1.21753e-22
  9.75272e-23
  7.67019e-23
  6.23502e-23
  5.16451e-23
  4.24745e-23
  3.51241e-23
  3.05187e-23
  2.97113e-23
  3.52287e-23
  5.05918e-23
  7.42112e-23
  9.21277e-23
  9.16097e-23
  7.90361e-23
  6.46361e-23
  5.25920e-23
  4.35595e-23
  3.70186e-23
  3.24082e-23
  2.92146e-23
  2.71369e-23
  2.58905e-23
  2.53423e-23
  2.45219e-23
  2.50802e-23
  2.60852e-23
  2.75235e-23
  2.93689e-23
  3.15720e-23
  3.42206e-23
  3.73390e-23
  4.09491e-23
  4.50908e-23
  4.98075e-23
  5.51882e-23
  6.12684e-23
  6.81238e-23
  7.58392e-23
  8.45136e-23
  9.42573e-23
  1.05197e-22
  1.17472e-22
  1.31244e-22
  1.46696e-22
  1.64078e-22
  1.83575e-22
  2.05438e-22
  2.29951e-22
  2.57436e-22
  2.88253e-22
  3.22805e-22
  3.61548e-22
  4.04988e-22
  4.53707e-22
  5.08420e-22
  5.69784e-22
  6.38597e-22
  7.15765e-22
  8.02304e-22
  8.99355e-22
  1.00820e-21
  1.13026e-21
  1.26717e-21
  1.42073e-21
  1.59310e-21
  1.78645e-21
  2.00332e-21
  2.24658e-21
  2.51943e-21
  2.82550e-21
  3.16882e-21
  3.55393e-21
  3.98593e-21
  4.47055e-21
   Cooling for Wiersma, Schaye and Smith (2008).
   z > 11 (photodis) log(T) = 2-8 K, log(dT) = 0.05, log(n_H) = -3 , [Z/Zsol] = 
-Inf
