  2.28746e-30
  2.70483e-30
  3.17596e-30
  3.70900e-30
  4.30770e-30
  4.98065e-30
  5.73150e-30
  6.56930e-30
  7.49222e-30
  8.49873e-30
  9.60170e-30
  1.08077e-29
  1.21187e-29
  1.35451e-29
  1.50949e-29
  1.67791e-29
  1.87373e-29
  2.08392e-29
  2.29919e-29
  2.53828e-29
  2.78860e-29
  2.99207e-29
  3.28876e-29
  3.68792e-29
  3.99314e-29
  4.45759e-29
  4.84564e-29
  5.50050e-29
  5.85340e-29
  6.84774e-29
  7.22701e-29
  8.70383e-29
  8.94212e-29
  1.14775e-28
  1.25279e-28
  2.46776e-28
  1.26797e-27
  5.08398e-27
  2.08933e-26
  6.59876e-26
  1.71952e-25
  6.39972e-25
  5.28704e-24
  3.47217e-23
  1.19506e-22
  1.88999e-22
  1.97059e-22
  1.88991e-22
  1.90930e-22
  2.07463e-22
  2.39601e-22
  2.83358e-22
  3.45430e-22
  4.21922e-22
  5.19583e-22
  6.43457e-22
  7.94450e-22
  9.72332e-22
  1.14866e-21
  1.29825e-21
  1.41822e-21
  1.45362e-21
  1.42017e-21
  1.43066e-21
  1.48634e-21
  1.53711e-21
  1.56765e-21
  1.59284e-21
  1.54780e-21
  1.28340e-21
  9.13768e-22
  6.68183e-22
  5.82895e-22
  5.48927e-22
  5.37404e-22
  5.27982e-22
  4.93036e-22
  4.80812e-22
  4.79283e-22
  4.90807e-22
  4.99958e-22
  4.91568e-22
  4.72573e-22
  4.45495e-22
  4.08613e-22
  3.60494e-22
  3.12088e-22
  2.75069e-22
  2.53884e-22
  2.42151e-22
  2.36479e-22
  2.37010e-22
  2.43888e-22
  2.56468e-22
  2.74155e-22
  2.96648e-22
  3.24460e-22
  3.56964e-22
  3.94668e-22
  4.38055e-22
  4.86808e-22
  5.41136e-22
  6.01240e-22
  6.67824e-22
  7.42269e-22
  8.25949e-22
  9.20270e-22
  1.02688e-21
  1.14712e-21
  1.28282e-21
  1.43555e-21
  1.60740e-21
  1.80048e-21
  2.01727e-21
  2.26062e-21
  2.53371e-21
  2.84014e-21
  3.18392e-21
  3.56959e-21
  4.00219e-21
  4.48747e-21
   Cooling for Wiersma, Schaye and Smith (2008).
   z > 11 (photodis) log(T) = 2-8 K, log(dT) = 0.05, log(n_H) = -5 , [Z/Zsol] = 
0.50
