  2.28630e-32
  2.70610e-32
  3.17829e-32
  3.71244e-32
  4.31243e-32
  4.98704e-32
  5.73986e-32
  6.57995e-32
  7.50556e-32
  8.51508e-32
  9.62155e-32
  1.08319e-31
  1.21479e-31
  1.35801e-31
  1.51363e-31
  1.68276e-31
  1.87732e-31
  2.01035e-31
  2.26341e-31
  2.43010e-31
  2.68206e-31
  3.13185e-31
  3.44840e-31
  3.89842e-31
  4.03847e-31
  3.30198e-31
  4.98115e-31
  5.51546e-31
  5.92624e-31
  5.33449e-31
  7.69665e-31
  2.94736e-30
  1.28369e-30
  3.28265e-31
  3.68465e-30
  2.07572e-29
  1.27933e-28
  5.18144e-28
  2.15977e-27
  7.18293e-27
  2.74380e-26
  2.37240e-25
  3.22226e-24
  2.48695e-23
  8.88025e-23
  1.35723e-22
  1.29336e-22
  1.06771e-22
  8.82278e-23
  7.70381e-23
  7.05816e-23
  6.68211e-23
  6.62272e-23
  6.98328e-23
  7.89446e-23
  9.61653e-23
  1.25184e-22
  1.64309e-22
  1.98345e-22
  2.13074e-22
  2.13439e-22
  2.04012e-22
  1.90122e-22
  1.82518e-22
  1.82510e-22
  1.84007e-22
  1.84557e-22
  1.85866e-22
  1.80945e-22
  1.55343e-22
  1.18563e-22
  9.60607e-23
  8.74089e-23
  8.59975e-23
  8.66395e-23
  8.60902e-23
  8.43760e-23
  8.46541e-23
  8.80382e-23
  9.30888e-23
  9.79566e-23
  1.01912e-22
  1.05530e-22
  1.09078e-22
  1.12329e-22
  1.15161e-22
  1.18658e-22
  1.24384e-22
  1.32857e-22
  1.43739e-22
  1.56809e-22
  1.72320e-22
  1.90459e-22
  2.11475e-22
  2.35391e-22
  2.62475e-22
  2.93031e-22
  3.27558e-22
  3.66272e-22
  4.09690e-22
  4.58359e-22
  5.13007e-22
  5.74149e-22
  6.42583e-22
  7.19223e-22
  8.05241e-22
  9.01877e-22
  1.01040e-21
  1.13220e-21
  1.26890e-21
  1.42232e-21
  1.59456e-21
  1.78784e-21
  2.00466e-21
  2.24789e-21
  2.52073e-21
  2.82679e-21
  3.17010e-21
  3.55523e-21
  3.98724e-21
  4.47187e-21
   Cooling for Wiersma, Schaye and Smith (2008).
   z > 11 (photodis) log(T) = 2-8 K, log(dT) = 0.05, log(n_H) = -3 , [Z/Zsol] = 
****
