 -7.65814e-23
 -7.18735e-23
 -6.74544e-23
 -6.33495e-23
 -5.94970e-23
 -5.58955e-23
 -5.25151e-23
 -4.93349e-23
 -4.63480e-23
 -4.35698e-23
 -4.09667e-23
 -3.85289e-23
 -3.62404e-23
 -3.40844e-23
 -3.20545e-23
 -3.01596e-23
 -2.83847e-23
 -2.67171e-23
 -2.51487e-23
 -2.36664e-23
 -2.22647e-23
 -2.09488e-23
 -1.97145e-23
 -1.85489e-23
 -1.74460e-23
 -1.64055e-23
 -1.54168e-23
 -1.44778e-23
 -1.35937e-23
 -1.27557e-23
 -1.19568e-23
 -1.11949e-23
 -1.04757e-23
 -9.79104e-24
 -9.13613e-24
 -8.51077e-24
 -7.91902e-24
 -7.35316e-24
 -6.81000e-24
 -6.28962e-24
 -5.79376e-24
 -5.31279e-24
 -4.84237e-24
 -4.37634e-24
 -3.89492e-24
 -3.37698e-24
 -2.78873e-24
 -2.09198e-24
 -1.23899e-24
 -1.98710e-25
  1.04868e-24
  2.48392e-24
  4.06480e-24
  5.76537e-24
  7.67719e-24
  1.01218e-23
  1.37476e-23
  1.93544e-23
  2.72157e-23
  3.58818e-23
  4.20961e-23
  4.33618e-23
  4.05839e-23
  3.60208e-23
  3.13920e-23
  2.73860e-23
  2.40211e-23
  2.12543e-23
  1.87808e-23
  1.62820e-23
  1.31737e-23
  1.15058e-23
  1.03969e-23
  9.64786e-24
  9.07187e-24
  8.50949e-24
  8.02814e-24
  7.70070e-24
  7.52444e-24
  7.44380e-24
  7.39205e-24
  7.37374e-24
  7.36825e-24
  7.37564e-24
  7.38155e-24
  7.38069e-24
  7.40286e-24
  7.49165e-24
  7.65633e-24
  7.88185e-24
  8.16047e-24
  8.54340e-24
  8.98923e-24
  9.49625e-24
  1.00594e-23
  1.06800e-23
  1.13608e-23
  1.21080e-23
  1.29204e-23
  1.38021e-23
  1.47696e-23
  1.59028e-23
  1.71463e-23
  1.84962e-23
  1.99694e-23
  2.15759e-23
  2.33406e-23
  2.52685e-23
  2.73866e-23
  2.97006e-23
  3.22625e-23
  3.51948e-23
  3.84493e-23
  4.20186e-23
  4.59605e-23
  5.02898e-23
  5.50740e-23
  6.03363e-23
  6.61566e-23
  7.25691e-23
  7.96910e-23
   Cooling for Wiersma, Schaye and Smith (2008).
   Redshift = 2.0 log(T) = 2-8 K, log(dT) = 0.05, log(n_H) = -3 , [Z/Zsol] = 
-2.0
