 -8.10343e-24
 -7.98904e-24
 -7.86297e-24
 -7.73375e-24
 -7.60167e-24
 -7.46666e-24
 -7.32890e-24
 -7.18832e-24
 -7.04511e-24
 -6.89921e-24
 -6.75078e-24
 -6.59984e-24
 -6.44658e-24
 -6.29102e-24
 -6.13333e-24
 -5.97355e-24
 -5.81184e-24
 -5.64829e-24
 -5.48302e-24
 -5.31616e-24
 -5.14782e-24
 -4.97737e-24
 -4.80632e-24
 -4.63422e-24
 -4.46123e-24
 -4.28750e-24
 -4.11628e-24
 -3.94135e-24
 -3.76578e-24
 -3.58995e-24
 -3.41388e-24
 -3.23720e-24
 -3.06034e-24
 -2.88312e-24
 -2.70549e-24
 -2.52695e-24
 -2.34711e-24
 -2.15852e-24
 -1.93825e-24
 -1.60958e-24
 -8.78569e-25
  9.66321e-25
  5.88157e-24
  1.70954e-23
  3.90220e-23
  6.81372e-23
  8.68354e-23
  8.51996e-23
  7.25486e-23
  5.93469e-23
  4.90256e-23
  4.14044e-23
  3.56510e-23
  3.22164e-23
  3.23782e-23
  3.89016e-23
  5.53574e-23
  8.01728e-23
  9.92864e-23
  9.98363e-23
  8.80577e-23
  7.36057e-23
  6.07677e-23
  5.11976e-23
  4.45431e-23
  3.96883e-23
  3.59099e-23
  3.30919e-23
  3.02653e-23
  2.58553e-23
  1.99190e-23
  1.64645e-23
  1.45884e-23
  1.35929e-23
  1.28969e-23
  1.21154e-23
  1.12883e-23
  1.07125e-23
  1.04739e-23
  1.04132e-23
  1.03252e-23
  1.01582e-23
  9.92743e-24
  9.64779e-24
  9.28122e-24
  8.80093e-24
  8.30527e-24
  7.93901e-24
  7.73597e-24
  7.64732e-24
  7.63649e-24
  7.75372e-24
  7.95480e-24
  8.22486e-24
  8.55212e-24
  8.92625e-24
  9.34148e-24
  9.79326e-24
  1.02749e-23
  1.07783e-23
  1.13062e-23
  1.19294e-23
  1.25848e-23
  1.32698e-23
  1.39986e-23
  1.47861e-23
  1.56459e-23
  1.65801e-23
  1.75923e-23
  1.86816e-23
  1.98682e-23
  2.12717e-23
  2.28036e-23
  2.44532e-23
  2.62323e-23
  2.81475e-23
  3.02126e-23
  3.24372e-23
  3.48380e-23
  3.74253e-23
  4.02427e-23
   Cooling for Wiersma, Schaye and Smith (2008).
   11 < z < 9.89 (highz) log(T) = 2-8 K, log(dT) = 0.05, log(n_H) = -1
 , [Z/Zsol] = -1.5
