 -1.27715e-22
 -1.21901e-22
 -1.16361e-22
 -1.11132e-22
 -1.06142e-22
 -1.01385e-22
 -9.68307e-23
 -9.24418e-23
 -8.82223e-23
 -8.42027e-23
 -8.03411e-23
 -7.66228e-23
 -7.30324e-23
 -6.95406e-23
 -6.61617e-23
 -6.29131e-23
 -5.97422e-23
 -5.66462e-23
 -5.36390e-23
 -5.07135e-23
 -4.78421e-23
 -4.50195e-23
 -4.22571e-23
 -3.95430e-23
 -3.68458e-23
 -3.41803e-23
 -3.15403e-23
 -2.89119e-23
 -2.62803e-23
 -2.36322e-23
 -2.09497e-23
 -1.82314e-23
 -1.54635e-23
 -1.26247e-23
 -9.69127e-24
 -6.64865e-24
 -3.46462e-24
 -1.27604e-25
  3.40950e-24
  7.15869e-24
  1.11821e-23
  1.54951e-23
  2.01619e-23
  2.52298e-23
  3.07352e-23
  3.67849e-23
  4.33978e-23
  5.07225e-23
  5.87699e-23
  6.77395e-23
  7.76319e-23
  8.86649e-23
  1.00996e-22
  1.14714e-22
  1.30203e-22
  1.47783e-22
  1.67806e-22
  1.91025e-22
  2.17855e-22
  2.48924e-22
  2.83505e-22
  3.20849e-22
  3.59801e-22
  4.00841e-22
  4.45799e-22
  4.95563e-22
  5.51510e-22
  6.15007e-22
  6.86589e-22
  7.67706e-22
  8.58470e-22
  9.61485e-22
  1.07689e-21
  1.20719e-21
  1.35294e-21
  1.51729e-21
  1.70108e-21
  1.90823e-21
  2.13992e-21
  2.40083e-21
  2.69273e-21
  3.02125e-21
  3.38895e-21
  3.80251e-21
  4.26559e-21
  4.78612e-21
  5.36927e-21
  6.02444e-21
  6.75877e-21
  7.58336e-21
  8.50805e-21
  9.54592e-21
  1.07104e-20
  1.20166e-20
  1.34829e-20
  1.51269e-20
  1.69732e-20
  1.90423e-20
  2.13671e-20
  2.39713e-20
  2.68987e-20
  3.01762e-20
  3.38626e-20
  3.79876e-20
  4.26294e-20
  4.78211e-20
  5.36660e-20
  6.02002e-20
  6.75600e-20
  7.57837e-20
  8.50511e-20
  9.54047e-20
  1.07071e-19
  1.20109e-19
  1.34792e-19
  1.51210e-19
  1.69690e-19
  1.90363e-19
  2.13623e-19
  2.39656e-19
  2.68930e-19
   Cooling for Wiersma, Schaye and Smith (2008).
   Redshift = 7.0 log(T) = 2-8 K, log(dT) = 0.05, log(n_H) = -5 , [Z/Zsol] = 
-Inf
