 -4.16182e-23
 -3.93191e-23
 -3.70911e-23
 -3.49651e-23
 -3.29327e-23
 -3.09972e-23
 -2.91516e-23
 -2.73985e-23
 -2.57305e-23
 -2.41490e-23
 -2.26472e-23
 -2.12259e-23
 -1.98794e-23
 -1.86070e-23
 -1.74040e-23
 -1.62688e-23
 -1.51973e-23
 -1.41876e-23
 -1.32333e-23
 -1.23328e-23
 -1.14913e-23
 -1.06992e-23
 -9.95367e-24
 -9.25022e-24
 -8.59431e-24
 -7.97999e-24
 -7.40048e-24
 -6.85516e-24
 -6.34712e-24
 -5.87063e-24
 -5.42188e-24
 -5.00037e-24
 -4.60252e-24
 -4.22831e-24
 -3.87815e-24
 -3.54683e-24
 -3.23343e-24
 -2.93350e-24
 -2.64334e-24
 -2.35798e-24
 -2.06508e-24
 -1.73481e-24
 -1.29918e-24
 -6.41298e-25
  4.73908e-25
  2.33998e-24
  5.37575e-24
  9.75687e-24
  1.51864e-23
  2.04611e-23
  2.41045e-23
  2.56296e-23
  2.57211e-23
  2.58235e-23
  2.77396e-23
  3.41635e-23
  4.85503e-23
  7.06991e-23
  9.01889e-23
  9.41484e-23
  8.52323e-23
  7.22222e-23
  6.00572e-23
  5.07695e-23
  4.42287e-23
  3.94533e-23
  3.57433e-23
  3.29408e-23
  3.00930e-23
  2.56897e-23
  1.98052e-23
  1.63828e-23
  1.45155e-23
  1.35148e-23
  1.28173e-23
  1.20267e-23
  1.11933e-23
  1.06115e-23
  1.03630e-23
  1.02894e-23
  1.01893e-23
  1.00061e-23
  9.75728e-24
  9.45657e-24
  9.06694e-24
  8.56418e-24
  8.04242e-24
  7.64315e-24
  7.40145e-24
  7.26602e-24
  7.19907e-24
  7.24960e-24
  7.37392e-24
  7.56710e-24
  7.80244e-24
  8.07407e-24
  8.37612e-24
  8.71712e-24
  9.07342e-24
  9.44489e-24
  9.83740e-24
  1.03261e-23
  1.08346e-23
  1.13532e-23
  1.18839e-23
  1.24411e-23
  1.30362e-23
  1.36666e-23
  1.43296e-23
  1.50243e-23
  1.57668e-23
  1.66691e-23
  1.76410e-23
  1.86617e-23
  1.97349e-23
  2.08579e-23
  2.20340e-23
  2.32605e-23
  2.45408e-23
  2.58722e-23
  2.72805e-23
   Cooling for Wiersma, Schaye and Smith (2008).
   Redshift = 0.0 log(T) = 2-8 K, log(dT) = 0.05, log(n_H) = -3 , [Z/Zsol] = 
-1.5
