 -4.87563e-23
 -4.64050e-23
 -4.40658e-23
 -4.18038e-23
 -3.96155e-23
 -3.75063e-23
 -3.54724e-23
 -3.35178e-23
 -3.16382e-23
 -2.98370e-23
 -2.81101e-23
 -2.64593e-23
 -2.48812e-23
 -2.33764e-23
 -2.19418e-23
 -2.05770e-23
 -1.92791e-23
 -1.80469e-23
 -1.68779e-23
 -1.57702e-23
 -1.47215e-23
 -1.37288e-23
 -1.27911e-23
 -1.19052e-23
 -1.10697e-23
 -1.02813e-23
 -9.53642e-24
 -8.83868e-24
 -8.17868e-24
 -7.55606e-24
 -6.97638e-24
 -6.43049e-24
 -5.91423e-24
 -5.42797e-24
 -4.97522e-24
 -4.54910e-24
 -4.14741e-24
 -3.76952e-24
 -3.41233e-24
 -3.06878e-24
 -2.71616e-24
 -2.29748e-24
 -1.67493e-24
 -6.07643e-25
  1.38475e-24
  4.87434e-24
  1.04854e-23
  1.79028e-23
  2.53012e-23
  3.00314e-23
  3.08874e-23
  2.90741e-23
  2.63463e-23
  2.44320e-23
  2.51090e-23
  3.12572e-23
  4.65171e-23
  6.97127e-23
  8.75567e-23
  8.72972e-23
  7.47680e-23
  6.00829e-23
  4.75416e-23
  3.78973e-23
  3.06551e-23
  2.52460e-23
  2.11404e-23
  1.80327e-23
  1.56050e-23
  1.36664e-23
  1.12632e-23
  1.00970e-23
  9.21672e-24
  8.56462e-24
  8.06973e-24
  7.64313e-24
  7.33683e-24
  7.14675e-24
  7.05331e-24
  7.04368e-24
  7.09909e-24
  7.24536e-24
  7.44906e-24
  7.70976e-24
  8.02278e-24
  8.38937e-24
  8.81215e-24
  9.29932e-24
  9.85372e-24
  1.04789e-23
  1.11822e-23
  1.20200e-23
  1.29556e-23
  1.39931e-23
  1.51423e-23
  1.64127e-23
  1.78178e-23
  1.93689e-23
  2.10848e-23
  2.29780e-23
  2.50832e-23
  2.74898e-23
  3.01697e-23
  3.31307e-23
  3.64200e-23
  4.00562e-23
  4.41014e-23
  4.85748e-23
  5.35577e-23
  5.90702e-23
  6.52344e-23
  7.21903e-23
  7.99764e-23
  8.86093e-23
  9.82532e-23
  1.08958e-22
  1.20918e-22
  1.34207e-22
  1.49059e-22
  1.65579e-22
  1.84068e-22
   Cooling for Wiersma, Schaye and Smith (2008).
   Redshift = 6.0 log(T) = 2-8 K, log(dT) = 0.05, log(n_H) = -2 , [Z/Zsol] = 
-3.0
