 -1.81617e-22
 -1.71419e-22
 -1.61670e-22
 -1.52499e-22
 -1.43593e-22
 -1.35264e-22
 -1.27333e-22
 -1.19681e-22
 -1.12525e-22
 -1.05697e-22
 -9.91975e-23
 -9.30798e-23
 -8.72539e-23
 -8.17763e-23
 -7.65671e-23
 -7.16301e-23
 -6.70407e-23
 -6.26488e-23
 -5.85275e-23
 -5.46753e-23
 -5.10103e-23
 -4.75637e-23
 -4.43742e-23
 -4.13355e-23
 -3.84855e-23
 -3.58111e-23
 -3.33440e-23
 -3.09961e-23
 -2.87997e-23
 -2.67426e-23
 -2.48202e-23
 -2.30413e-23
 -2.13563e-23
 -1.97763e-23
 -1.83016e-23
 -1.69188e-23
 -1.56279e-23
 -1.44167e-23
 -1.32924e-23
 -1.22364e-23
 -1.12427e-23
 -1.03076e-23
 -9.43165e-24
 -8.60764e-24
 -7.83405e-24
 -7.10403e-24
 -6.41505e-24
 -5.76084e-24
 -5.13800e-24
 -4.54122e-24
 -3.96683e-24
 -3.40630e-24
 -2.86222e-24
 -2.32614e-24
 -1.78520e-24
 -1.24065e-24
 -6.59151e-25
  8.59845e-27
  7.74791e-25
  1.69318e-24
  2.80335e-24
  4.11686e-24
  5.55128e-24
  6.99752e-24
  8.32434e-24
  9.35055e-24
  1.00234e-23
  1.03691e-23
  1.04538e-23
  1.03866e-23
  1.00783e-23
  9.94881e-24
  9.85984e-24
  9.87999e-24
  9.94507e-24
  1.00432e-23
  1.02559e-23
  1.05902e-23
  1.10370e-23
  1.15966e-23
  1.22715e-23
  1.30916e-23
  1.40250e-23
  1.50765e-23
  1.62550e-23
  1.75847e-23
  1.90824e-23
  2.07741e-23
  2.26693e-23
  2.48081e-23
  2.72104e-23
  2.99658e-23
  3.30592e-23
  3.65238e-23
  4.04040e-23
  4.47433e-23
  4.95871e-23
  5.50134e-23
  6.10889e-23
  6.78692e-23
  7.54577e-23
  8.39990e-23
  9.35693e-23
  1.04235e-22
  1.16192e-22
  1.29525e-22
  1.44491e-22
  1.61178e-22
  1.79922e-22
  2.00814e-22
  2.24312e-22
  2.50635e-22
  2.80245e-22
  3.13270e-22
  3.50386e-22
  3.91807e-22
  4.38344e-22
  4.90315e-22
  5.48686e-22
  6.13915e-22
  6.87176e-22
   Cooling for Wiersma, Schaye and Smith (2008).
   Redshift = 0.0 log(T) = 2-8 K, log(dT) = 0.05, log(n_H) = -6 , [Z/Zsol] = 
-1.5
