 -1.95218e-36
 -1.48831e-36
 -9.20250e-37
 -2.29170e-37
  6.06701e-37
  1.61207e-36
  2.81703e-36
  4.25545e-36
  5.96789e-36
  8.00116e-36
  1.04097e-35
  1.32598e-35
  1.66242e-35
  2.05925e-35
  2.52650e-35
  3.07622e-35
  3.60055e-35
  4.42271e-35
  5.32909e-35
  5.73616e-35
  9.28876e-35
  1.65640e-34
  2.87409e-34
  1.54486e-34
  1.56051e-34
  9.39616e-34
  2.33826e-33
  3.20660e-34
  6.42533e-34
  1.95106e-33
  1.63479e-33
  7.95183e-34
  1.62516e-32
  9.98927e-32
  9.30868e-32
  2.39436e-31
  1.94002e-30
  1.12542e-29
  7.75125e-29
  6.40921e-28
  1.12314e-26
  1.89920e-25
  2.96041e-24
  2.36729e-23
  8.53891e-23
  1.29844e-22
  1.21790e-22
  9.75383e-23
  7.67052e-23
  6.23511e-23
  5.16444e-23
  4.24733e-23
  3.51228e-23
  3.05172e-23
  2.97093e-23
  3.52257e-23
  5.05873e-23
  7.42054e-23
  9.21221e-23
  9.16054e-23
  7.90334e-23
  6.46344e-23
  5.25909e-23
  4.35588e-23
  3.70182e-23
  3.24079e-23
  2.92143e-23
  2.71367e-23
  2.58904e-23
  2.53421e-23
  2.45218e-23
  2.50800e-23
  2.60850e-23
  2.75234e-23
  2.93687e-23
  3.15718e-23
  3.42204e-23
  3.73388e-23
  4.09488e-23
  4.50904e-23
  4.98071e-23
  5.51878e-23
  6.12679e-23
  6.81233e-23
  7.58386e-23
  8.45129e-23
  9.42566e-23
  1.05196e-22
  1.17471e-22
  1.31243e-22
  1.46695e-22
  1.64077e-22
  1.83574e-22
  2.05436e-22
  2.29949e-22
  2.57433e-22
  2.88250e-22
  3.22803e-22
  3.61545e-22
  4.04985e-22
  4.53703e-22
  5.08416e-22
  5.69779e-22
  6.38591e-22
  7.15759e-22
  8.02297e-22
  8.99347e-22
  1.00819e-21
  1.13025e-21
  1.26716e-21
  1.42072e-21
  1.59308e-21
  1.78643e-21
  2.00330e-21
  2.24656e-21
  2.51941e-21
  2.82548e-21
  3.16879e-21
  3.55390e-21
  3.98589e-21
  4.47051e-21
   Cooling for Wiersma, Schaye and Smith (2008).
   z > 11 (photodis) log(T) = 2-8 K, log(dT) = 0.05, log(n_H) = -1 , [Z/Zsol] = 
-Inf
