 -3.53935e-23
 -3.40407e-23
 -3.26376e-23
 -3.12508e-23
 -2.98832e-23
 -2.85351e-23
 -2.72104e-23
 -2.59154e-23
 -2.46480e-23
 -2.34112e-23
 -2.22026e-23
 -2.10300e-23
 -1.98915e-23
 -1.87892e-23
 -1.77228e-23
 -1.66938e-23
 -1.57020e-23
 -1.47479e-23
 -1.38319e-23
 -1.29536e-23
 -1.21129e-23
 -1.12751e-23
 -1.05042e-23
 -9.76965e-24
 -9.07146e-24
 -8.40806e-24
 -7.77877e-24
 -7.18129e-24
 -6.61482e-24
 -6.07636e-24
 -5.56461e-24
 -5.07463e-24
 -4.60500e-24
 -4.14937e-24
 -3.70100e-24
 -3.25589e-24
 -2.80239e-24
 -2.32154e-24
 -1.78456e-24
 -1.16249e-24
 -3.75187e-25
  6.76538e-25
  2.35742e-24
  5.19969e-24
  1.02038e-23
  1.83228e-23
  3.00225e-23
  4.28985e-23
  5.24658e-23
  5.64933e-23
  5.70524e-23
  5.72748e-23
  5.93895e-23
  6.47127e-23
  7.47293e-23
  9.22746e-23
  1.21047e-22
  1.59603e-22
  1.93160e-22
  2.07589e-22
  2.07578e-22
  1.97826e-22
  1.83623e-22
  1.75464e-22
  1.74693e-22
  1.75421e-22
  1.75125e-22
  1.75289e-22
  1.69018e-22
  1.42178e-22
  1.04173e-22
  8.01742e-23
  6.97072e-23
  6.61972e-23
  6.43565e-23
  6.10933e-23
  5.63601e-23
  5.32574e-23
  5.28355e-23
  5.36020e-23
  5.36397e-23
  5.21981e-23
  4.97616e-23
  4.65172e-23
  4.21349e-23
  3.63713e-23
  3.02406e-23
  2.51967e-23
  2.15838e-23
  1.89148e-23
  1.68668e-23
  1.55494e-23
  1.47150e-23
  1.43565e-23
  1.43422e-23
  1.45655e-23
  1.49659e-23
  1.54935e-23
  1.60713e-23
  1.66104e-23
  1.70445e-23
  1.73956e-23
  1.75764e-23
  1.76261e-23
  1.76524e-23
  1.77888e-23
  1.81264e-23
  1.86685e-23
  1.93994e-23
  2.02834e-23
  2.13232e-23
  2.26213e-23
  2.40797e-23
  2.56778e-23
  2.74239e-23
  2.93199e-23
  3.13775e-23
  3.36031e-23
  3.60107e-23
  3.86093e-23
  4.14405e-23
   Cooling for Wiersma, Schaye and Smith (2008).
   11 < z < 9.89 (highz) log(T) = 2-8 K, log(dT) = 0.05, log(n_H) = -2
 , [Z/Zsol] = ****
