 -1.15402e-21
 -1.10977e-21
 -1.06824e-21
 -1.03038e-21
 -9.96786e-22
 -9.68376e-22
 -9.44911e-22
 -9.26043e-22
 -9.10111e-22
 -8.95702e-22
 -8.81040e-22
 -8.65791e-22
 -8.49352e-22
 -8.32275e-22
 -8.13981e-22
 -7.94838e-22
 -7.75352e-22
 -7.55729e-22
 -7.35969e-22
 -7.16383e-22
 -6.96762e-22
 -6.76990e-22
 -6.56951e-22
 -6.36504e-22
 -6.15477e-22
 -5.93773e-22
 -5.71224e-22
 -5.47986e-22
 -5.23753e-22
 -4.99151e-22
 -4.73869e-22
 -4.47982e-22
 -4.21415e-22
 -3.94416e-22
 -3.67094e-22
 -3.39858e-22
 -3.13155e-22
 -2.87334e-22
 -2.62810e-22
 -2.39728e-22
 -2.18329e-22
 -1.98529e-22
 -1.80374e-22
 -1.63629e-22
 -1.48164e-22
 -1.33694e-22
 -1.20019e-22
 -1.06879e-22
 -9.40764e-23
 -8.14094e-23
 -6.87015e-23
 -5.57834e-23
 -4.24978e-23
 -2.86869e-23
 -1.42069e-23
  1.11852e-24
  1.74650e-23
  3.50278e-23
  5.40025e-23
  7.46178e-23
  9.71028e-23
  1.21569e-22
  1.48235e-22
  1.77994e-22
  2.10880e-22
  2.47190e-22
  2.87340e-22
  3.31964e-22
  3.81490e-22
  4.37283e-22
  4.99428e-22
  5.68132e-22
  6.44538e-22
  7.30626e-22
  8.26993e-22
  9.35855e-22
  1.05601e-21
  1.19105e-21
  1.34247e-21
  1.51168e-21
  1.70051e-21
  1.91250e-21
  2.14945e-21
  2.41518e-21
  2.71227e-21
  3.04581e-21
  3.41913e-21
  3.83825e-21
  4.30779e-21
  4.83486e-21
  5.42575e-21
  6.08888e-21
  6.83276e-21
  7.66715e-21
  8.60364e-21
  9.65359e-21
  1.08326e-20
  1.21539e-20
  1.36384e-20
  1.53011e-20
  1.71702e-20
  1.92628e-20
  2.16163e-20
  2.42499e-20
  2.72133e-20
  3.05276e-20
  3.42589e-20
  3.84302e-20
  4.31285e-20
  4.83782e-20
  5.42940e-20
  6.09033e-20
  6.83505e-20
  7.66729e-20
  8.60458e-20
  9.65257e-20
  1.08322e-19
  1.21518e-19
  1.36365e-19
  1.52982e-19
  1.71668e-19
   Cooling for Wiersma, Schaye and Smith (2008).
   Redshift = 3.0 log(T) = 2-8 K, log(dT) = 0.05, log(n_H) = -6 , [Z/Zsol] = 
0.50
