 -6.47354e-23
 -6.05575e-23
 -5.66369e-23
 -5.29979e-23
 -4.95823e-23
 -4.63899e-23
 -4.33793e-23
 -4.05666e-23
 -3.79578e-23
 -3.54937e-23
 -3.31991e-23
 -3.10617e-23
 -2.90433e-23
 -2.71775e-23
 -2.54243e-23
 -2.37812e-23
 -2.22585e-23
 -2.08234e-23
 -1.94862e-23
 -1.82411e-23
 -1.70668e-23
 -1.59776e-23
 -1.49563e-23
 -1.39958e-23
 -1.31062e-23
 -1.22656e-23
 -1.14802e-23
 -1.07469e-23
 -1.00566e-23
 -9.40887e-24
 -8.80062e-24
 -8.22729e-24
 -7.68987e-24
 -7.18251e-24
 -6.70347e-24
 -6.25029e-24
 -5.82271e-24
 -5.41698e-24
 -5.03399e-24
 -4.66900e-24
 -4.31914e-24
 -3.97815e-24
 -3.64073e-24
 -3.28958e-24
 -2.89660e-24
 -2.42229e-24
 -1.80375e-24
 -9.78063e-25
  1.29392e-25
  1.54572e-24
  3.24916e-24
  5.12269e-24
  7.02444e-24
  8.97160e-24
  1.14152e-23
  1.55131e-23
  2.30912e-23
  3.54764e-23
  5.02941e-23
  6.00118e-23
  5.98968e-23
  5.28740e-23
  4.40411e-23
  3.60523e-23
  2.95184e-23
  2.44453e-23
  2.05023e-23
  1.74634e-23
  1.50636e-23
  1.31276e-23
  1.07336e-23
  9.53105e-24
  8.60009e-24
  7.88432e-24
  7.31495e-24
  6.80204e-24
  6.39853e-24
  6.09805e-24
  5.87998e-24
  5.72911e-24
  5.62606e-24
  5.59372e-24
  5.59728e-24
  5.63259e-24
  5.69303e-24
  5.77571e-24
  5.88034e-24
  6.00987e-24
  6.16331e-24
  6.33809e-24
  6.53593e-24
  6.80599e-24
  7.10480e-24
  7.42820e-24
  7.77558e-24
  8.14687e-24
  8.54229e-24
  8.96226e-24
  9.40712e-24
  9.87693e-24
  1.03822e-23
  1.09983e-23
  1.16643e-23
  1.23717e-23
  1.31247e-23
  1.39238e-23
  1.47746e-23
  1.56767e-23
  1.66366e-23
  1.76538e-23
  1.87521e-23
  2.00482e-23
  2.14569e-23
  2.29628e-23
  2.45800e-23
  2.63094e-23
  2.81667e-23
  3.01545e-23
  3.22903e-23
  3.45789e-23
  3.70635e-23
   Cooling for Wiersma, Schaye and Smith (2008).
   Redshift = 1.0 log(T) = 2-8 K, log(dT) = 0.05, log(n_H) = -3 , [Z/Zsol] = 
-3.0
