 -8.02560e-23
 -7.53272e-23
 -7.07095e-23
 -6.64606e-23
 -6.24200e-23
 -5.87039e-23
 -5.51695e-23
 -5.19001e-23
 -4.88275e-23
 -4.59503e-23
 -4.32744e-23
 -4.07542e-23
 -3.84063e-23
 -3.61965e-23
 -3.41367e-23
 -3.21968e-23
 -3.03845e-23
 -2.86832e-23
 -2.70812e-23
 -2.55739e-23
 -2.41564e-23
 -2.28228e-23
 -2.15681e-23
 -2.03763e-23
 -1.92443e-23
 -1.81727e-23
 -1.71598e-23
 -1.61948e-23
 -1.52748e-23
 -1.43926e-23
 -1.35423e-23
 -1.27236e-23
 -1.19403e-23
 -1.11796e-23
 -1.04394e-23
 -9.71481e-24
 -9.00877e-24
 -8.31384e-24
 -7.62473e-24
 -6.94077e-24
 -6.26025e-24
 -5.57451e-24
 -4.87892e-24
 -4.16971e-24
 -3.43726e-24
 -2.66908e-24
 -1.84714e-24
 -9.54806e-25
  3.33476e-26
  1.13612e-24
  2.37818e-24
  3.78964e-24
  5.42950e-24
  7.43891e-24
  1.01648e-23
  1.43034e-23
  2.09592e-23
  3.11972e-23
  4.45211e-23
  5.68568e-23
  6.32141e-23
  6.28597e-23
  5.92745e-23
  5.53187e-23
  5.23891e-23
  5.08275e-23
  5.05740e-23
  5.15525e-23
  5.35855e-23
  5.66466e-23
  5.99303e-23
  6.49244e-23
  7.08832e-23
  7.78680e-23
  8.58884e-23
  9.50531e-23
  1.05462e-22
  1.17330e-22
  1.30704e-22
  1.45850e-22
  1.62858e-22
  1.82082e-22
  2.03639e-22
  2.27913e-22
  2.55116e-22
  2.85711e-22
  3.19995e-22
  3.58519e-22
  4.01699e-22
  4.50186e-22
  5.04556e-22
  5.65625e-22
  6.34133e-22
  7.10973e-22
  7.97209e-22
  8.93882e-22
  1.00243e-21
  1.12405e-21
  1.26068e-21
  1.41370e-21
  1.58569e-21
  1.77830e-21
  1.99491e-21
  2.23726e-21
  2.50993e-21
  2.81486e-21
  3.15811e-21
  3.54180e-21
  3.97390e-21
  4.45669e-21
  5.00069e-21
  5.60852e-21
  6.29337e-21
  7.05865e-21
  7.92046e-21
  8.88399e-21
  9.96848e-21
  1.11816e-20
  1.25464e-20
  1.40738e-20
  1.57912e-20
   Cooling for Wiersma, Schaye and Smith (2008).
   Redshift = 6.0 log(T) = 2-8 K, log(dT) = 0.05, log(n_H) = -4 , [Z/Zsol] = 
-Inf
