 -9.80711e-24
 -9.65054e-24
 -9.47665e-24
 -9.29868e-24
 -9.11702e-24
 -8.93139e-24
 -8.74231e-24
 -8.54987e-24
 -8.35434e-24
 -8.15579e-24
 -7.95439e-24
 -7.75055e-24
 -7.54449e-24
 -7.33636e-24
 -7.12643e-24
 -6.91486e-24
 -6.70187e-24
 -6.48765e-24
 -6.27242e-24
 -6.05638e-24
 -5.84008e-24
 -5.62085e-24
 -5.40762e-24
 -5.18890e-24
 -4.97127e-24
 -4.75398e-24
 -4.53704e-24
 -4.32053e-24
 -4.10446e-24
 -3.88873e-24
 -3.67316e-24
 -3.45703e-24
 -3.24051e-24
 -3.02246e-24
 -2.80211e-24
 -2.57763e-24
 -2.34574e-24
 -2.09600e-24
 -1.80082e-24
 -1.38834e-24
 -5.94922e-25
  1.18291e-24
  5.63231e-24
  1.55222e-23
  3.48793e-23
  6.16825e-23
  8.17496e-23
  8.36635e-23
  7.36156e-23
  6.18992e-23
  5.26575e-23
  4.62899e-23
  4.21141e-23
  4.05805e-23
  4.29323e-23
  5.20044e-23
  7.14499e-23
  9.96091e-23
  1.22209e-22
  1.26065e-22
  1.17096e-22
  1.03732e-22
  9.05091e-23
  8.12563e-23
  7.60186e-23
  7.24921e-23
  6.95327e-23
  6.74487e-23
  6.38255e-23
  5.40140e-23
  4.03271e-23
  3.19100e-23
  2.79665e-23
  2.63768e-23
  2.54229e-23
  2.40644e-23
  2.23156e-23
  2.11509e-23
  2.08916e-23
  2.10579e-23
  2.10318e-23
  2.05941e-23
  1.98731e-23
  1.89265e-23
  1.76463e-23
  1.59540e-23
  1.41684e-23
  1.27516e-23
  1.18152e-23
  1.12082e-23
  1.08091e-23
  1.06721e-23
  1.07521e-23
  1.10124e-23
  1.14171e-23
  1.19346e-23
  1.25480e-23
  1.32440e-23
  1.40030e-23
  1.47995e-23
  1.56255e-23
  1.65414e-23
  1.74860e-23
  1.84690e-23
  1.95369e-23
  2.07351e-23
  2.21089e-23
  2.36626e-23
  2.54126e-23
  2.73507e-23
  2.95162e-23
  3.20252e-23
  3.48162e-23
  3.78776e-23
  4.12555e-23
  4.49598e-23
  4.90451e-23
  5.35291e-23
  5.84790e-23
  6.39133e-23
  6.99358e-23
   Cooling for Wiersma, Schaye and Smith (2008).
   Redshift = 8.0 log(T) = 2-8 K, log(dT) = 0.05, log(n_H) = -1 , [Z/Zsol] = 
-1.0
