 -1.81352e-22
 -1.70634e-22
 -1.60523e-22
 -1.51204e-22
 -1.42298e-22
 -1.33953e-22
 -1.26238e-22
 -1.18861e-22
 -1.11899e-22
 -1.05407e-22
 -9.92248e-23
 -9.33374e-23
 -8.77648e-23
 -8.24920e-23
 -7.75787e-23
 -7.28279e-23
 -6.83588e-23
 -6.41422e-23
 -6.01688e-23
 -5.64346e-23
 -5.29048e-23
 -4.96275e-23
 -4.65331e-23
 -4.36397e-23
 -4.09438e-23
 -3.84243e-23
 -3.60793e-23
 -3.38962e-23
 -3.18638e-23
 -2.99620e-23
 -2.81882e-23
 -2.65246e-23
 -2.49882e-23
 -2.35182e-23
 -2.21348e-23
 -2.08254e-23
 -1.95879e-23
 -1.84110e-23
 -1.72924e-23
 -1.62260e-23
 -1.52081e-23
 -1.42269e-23
 -1.32790e-23
 -1.23627e-23
 -1.14713e-23
 -1.05972e-23
 -9.73378e-24
 -8.87238e-24
 -8.00504e-24
 -7.12563e-24
 -6.22035e-24
 -5.29079e-24
 -4.33960e-24
 -3.34039e-24
 -2.32911e-24
 -1.27797e-24
 -1.68872e-25
  1.00034e-24
  2.26482e-24
  3.65083e-24
  5.16231e-24
  6.86075e-24
  8.70830e-24
  1.07043e-23
  1.28595e-23
  1.50507e-23
  1.73028e-23
  1.95472e-23
  2.19670e-23
  2.45023e-23
  2.73877e-23
  3.07009e-23
  3.55692e-23
  4.02456e-23
  4.52915e-23
  4.94164e-23
  5.29550e-23
  5.62003e-23
  5.91739e-23
  6.24838e-23
  6.65119e-23
  7.16365e-23
  7.78257e-23
  8.52073e-23
  9.37704e-23
  1.03633e-22
  1.14868e-22
  1.27652e-22
  1.42075e-22
  1.58355e-22
  1.76665e-22
  1.97313e-22
  2.20519e-22
  2.46583e-22
  2.75873e-22
  3.08748e-22
  3.45715e-22
  3.87120e-22
  4.33611e-22
  4.85619e-22
  5.43986e-22
  6.09293e-22
  6.82638e-22
  7.64646e-22
  8.56906e-22
  9.60102e-22
  1.07629e-21
  1.20619e-21
  1.35248e-21
  1.51593e-21
  1.70010e-21
  1.90594e-21
  2.13786e-21
  2.39698e-21
  2.68874e-21
  3.01489e-21
  3.38193e-21
  3.79245e-21
  4.25422e-21
  4.77095e-21
  5.35192e-21
   Cooling for Wiersma, Schaye and Smith (2008).
   Redshift = 2.0 log(T) = 2-8 K, log(dT) = 0.05, log(n_H) = -5 , [Z/Zsol] = 
****
