 -8.12291e-24
 -8.00896e-24
 -7.88339e-24
 -7.75485e-24
 -7.62359e-24
 -7.48950e-24
 -7.35274e-24
 -7.21322e-24
 -7.07111e-24
 -6.92634e-24
 -6.77907e-24
 -6.62926e-24
 -6.47708e-24
 -6.32256e-24
 -6.16584e-24
 -6.00697e-24
 -5.84609e-24
 -5.68330e-24
 -5.51872e-24
 -5.35248e-24
 -5.18469e-24
 -5.01516e-24
 -4.84456e-24
 -4.67295e-24
 -4.50031e-24
 -4.32692e-24
 -4.15606e-24
 -3.98158e-24
 -3.80663e-24
 -3.63163e-24
 -3.45671e-24
 -3.28159e-24
 -3.10681e-24
 -2.93249e-24
 -2.75880e-24
 -2.58563e-24
 -2.41352e-24
 -2.23606e-24
 -2.03264e-24
 -1.72814e-24
 -1.03208e-24
  7.67466e-25
  5.61935e-24
  1.67467e-23
  3.85654e-23
  6.75796e-23
  8.62117e-23
  8.44986e-23
  7.17125e-23
  5.83133e-23
  4.77231e-23
  3.97488e-23
  3.35442e-23
  2.95526e-23
  2.90410e-23
  3.47661e-23
  5.02930e-23
  7.40546e-23
  9.20716e-23
  9.15849e-23
  7.89274e-23
  6.41406e-23
  5.14342e-23
  4.17735e-23
  3.46812e-23
  2.94179e-23
  2.53933e-23
  2.23567e-23
  1.97971e-23
  1.71150e-23
  1.36527e-23
  1.17930e-23
  1.05975e-23
  9.81958e-24
  9.23805e-24
  8.67618e-24
  8.18208e-24
  7.83957e-24
  7.65988e-24
  7.58630e-24
  7.54482e-24
  7.53743e-24
  7.54452e-24
  7.56895e-24
  7.59552e-24
  7.61573e-24
  7.65934e-24
  7.77300e-24
  7.96729e-24
  8.22836e-24
  8.54858e-24
  8.98003e-24
  9.48168e-24
  1.00490e-23
  1.06821e-23
  1.13811e-23
  1.21496e-23
  1.29901e-23
  1.39079e-23
  1.49049e-23
  1.59984e-23
  1.72670e-23
  1.86616e-23
  2.01811e-23
  2.18487e-23
  2.36753e-23
  2.56898e-23
  2.78991e-23
  3.03369e-23
  3.30090e-23
  3.59750e-23
  3.93596e-23
  4.31231e-23
  4.72615e-23
  5.18444e-23
  5.68905e-23
  6.24817e-23
  6.86470e-23
  7.54834e-23
  8.30329e-23
  9.14335e-23
   Cooling for Wiersma, Schaye and Smith (2008).
   Redshift = 9.0 log(T) = 2-8 K, log(dT) = 0.05, log(n_H) = -1 , [Z/Zsol] = 
-2.0
