  2.28727e-31
  2.70666e-31
  3.17834e-31
  3.71188e-31
  4.31112e-31
  4.98483e-31
  5.73657e-31
  6.57537e-31
  7.49944e-31
  8.50714e-31
  9.61145e-31
  1.08193e-30
  1.21322e-30
  1.35608e-30
  1.51128e-30
  1.67992e-30
  1.87389e-30
  2.00636e-30
  2.25856e-30
  2.42447e-30
  2.67535e-30
  3.12341e-30
  3.43838e-30
  3.88622e-30
  4.02487e-30
  3.29000e-30
  4.96180e-30
  5.49267e-30
  5.90022e-30
  5.30960e-30
  7.65857e-30
  2.93192e-29
  1.27654e-29
  3.25966e-30
  3.65486e-29
  2.05452e-28
  1.26239e-27
  5.08229e-27
  2.08956e-26
  6.60231e-26
  1.72243e-25
  6.42438e-25
  5.30867e-24
  3.47557e-23
  1.19625e-22
  1.89354e-22
  1.97577e-22
  1.89964e-22
  1.91961e-22
  2.09229e-22
  2.41010e-22
  2.85941e-22
  3.46154e-22
  4.23660e-22
  5.22044e-22
  6.44594e-22
  7.96517e-22
  9.75186e-22
  1.15430e-21
  1.30626e-21
  1.42306e-21
  1.45840e-21
  1.42789e-21
  1.43315e-21
  1.49194e-21
  1.54840e-21
  1.58264e-21
  1.61442e-21
  1.57644e-21
  1.32535e-21
  9.64934e-22
  7.34886e-22
  6.39322e-22
  6.12263e-22
  6.02075e-22
  5.76754e-22
  5.35775e-22
  5.10490e-22
  5.11841e-22
  5.25071e-22
  5.31299e-22
  5.22429e-22
  5.03888e-22
  4.77669e-22
  4.40737e-22
  3.90985e-22
  3.38262e-22
  2.97067e-22
  2.71323e-22
  2.56196e-22
  2.47823e-22
  2.46491e-22
  2.52412e-22
  2.65813e-22
  2.84355e-22
  3.07826e-22
  3.36041e-22
  3.70330e-22
  4.08792e-22
  4.52003e-22
  5.00229e-22
  5.54285e-22
  6.13432e-22
  6.78456e-22
  7.50346e-22
  8.31679e-22
  9.24583e-22
  1.03023e-21
  1.14965e-21
  1.28454e-21
  1.43663e-21
  1.60772e-21
  1.80036e-21
  2.01673e-21
  2.25967e-21
  2.53234e-21
  2.83835e-21
  3.18167e-21
  3.56689e-21
  3.99901e-21
  4.48379e-21
   Cooling for Wiersma, Schaye and Smith (2008).
   z > 11 (photodis) log(T) = 2-8 K, log(dT) = 0.05, log(n_H) = -3 , [Z/Zsol] = 
0.50
