 -7.21438e-23
 -6.74155e-23
 -6.29790e-23
 -5.88669e-23
 -5.49893e-23
 -5.13575e-23
 -4.79858e-23
 -4.48036e-23
 -4.18392e-23
 -3.90781e-23
 -3.64701e-23
 -3.40651e-23
 -3.17898e-23
 -2.96901e-23
 -2.77052e-23
 -2.58733e-23
 -2.41424e-23
 -2.25448e-23
 -2.10358e-23
 -1.96430e-23
 -1.83273e-23
 -1.71123e-23
 -1.59643e-23
 -1.49046e-23
 -1.39026e-23
 -1.29772e-23
 -1.21044e-23
 -1.12902e-23
 -1.05331e-23
 -9.81414e-24
 -9.15058e-24
 -8.52615e-24
 -7.93538e-24
 -7.38357e-24
 -6.86466e-24
 -6.37532e-24
 -5.91545e-24
 -5.47973e-24
 -5.06641e-24
 -4.67243e-24
 -4.29576e-24
 -3.92867e-24
 -3.56502e-24
 -3.18818e-24
 -2.76894e-24
 -2.26944e-24
 -1.62862e-24
 -7.85464e-25
  3.34979e-25
  1.76522e-24
  3.49772e-24
  5.44410e-24
  7.50572e-24
  9.75329e-24
  1.27359e-23
  1.77960e-23
  2.70113e-23
  4.16305e-23
  5.81705e-23
  6.76810e-23
  6.61623e-23
  5.79761e-23
  4.85423e-23
  4.04056e-23
  3.39856e-23
  2.91090e-23
  2.53310e-23
  2.23943e-23
  1.99177e-23
  1.74710e-23
  1.44051e-23
  1.28370e-23
  1.18603e-23
  1.12712e-23
  1.08795e-23
  1.05302e-23
  1.02908e-23
  1.02372e-23
  1.03675e-23
  1.06322e-23
  1.09672e-23
  1.13847e-23
  1.18669e-23
  1.24223e-23
  1.30416e-23
  1.37311e-23
  1.45284e-23
  1.54887e-23
  1.66303e-23
  1.79526e-23
  1.94611e-23
  2.12242e-23
  2.32183e-23
  2.54619e-23
  2.79744e-23
  3.07808e-23
  3.39158e-23
  3.74137e-23
  4.13166e-23
  4.56602e-23
  5.05193e-23
  5.60096e-23
  6.21535e-23
  6.89871e-23
  7.66310e-23
  8.51393e-23
  9.46744e-23
  1.05289e-22
  1.17191e-22
  1.30438e-22
  1.45321e-22
  1.62017e-22
  1.80781e-22
  2.01683e-22
  2.25146e-22
  2.51302e-22
  2.80655e-22
  3.13402e-22
  3.50145e-22
  3.91167e-22
  4.37208e-22
   Cooling for Wiersma, Schaye and Smith (2008).
   Redshift = 4.0 log(T) = 2-8 K, log(dT) = 0.05, log(n_H) = -3 , [Z/Zsol] = 
-2.0
