 -5.69361e-23
 -5.33762e-23
 -5.00123e-23
 -4.68632e-23
 -4.38813e-23
 -4.10553e-23
 -3.83866e-23
 -3.58595e-23
 -3.34688e-23
 -3.12495e-23
 -2.91201e-23
 -2.71390e-23
 -2.52752e-23
 -2.34994e-23
 -2.18533e-23
 -2.03039e-23
 -1.88457e-23
 -1.74958e-23
 -1.62245e-23
 -1.50482e-23
 -1.39578e-23
 -1.29098e-23
 -1.19733e-23
 -1.11025e-23
 -1.02964e-23
 -9.54776e-24
 -8.85115e-24
 -8.20551e-24
 -7.60788e-24
 -7.04987e-24
 -6.52778e-24
 -6.03232e-24
 -5.55609e-24
 -5.08868e-24
 -4.60988e-24
 -4.11378e-24
 -3.57473e-24
 -2.96617e-24
 -2.24558e-24
 -1.38371e-24
 -3.63530e-25
  8.45717e-25
  2.32969e-24
  4.20321e-24
  6.62624e-24
  9.77216e-24
  1.39376e-23
  1.93932e-23
  2.66505e-23
  3.61971e-23
  4.85898e-23
  6.41596e-23
  8.34881e-23
  1.06813e-22
  1.34800e-22
  1.68331e-22
  2.08829e-22
  2.57509e-22
  3.11539e-22
  3.62662e-22
  3.99456e-22
  4.16278e-22
  4.21093e-22
  4.30348e-22
  4.48633e-22
  4.67867e-22
  4.82521e-22
  4.87478e-22
  4.65612e-22
  3.88096e-22
  2.87795e-22
  2.24547e-22
  1.97725e-22
  1.88970e-22
  1.83958e-22
  1.74084e-22
  1.60368e-22
  1.52171e-22
  1.51305e-22
  1.53491e-22
  1.54545e-22
  1.49798e-22
  1.42852e-22
  1.32554e-22
  1.17884e-22
  9.92250e-23
  7.93806e-23
  6.33591e-23
  5.16914e-23
  4.33345e-23
  3.64747e-23
  3.10278e-23
  2.71140e-23
  2.42542e-23
  2.22529e-23
  2.13535e-23
  2.05103e-23
  2.01802e-23
  2.02244e-23
  2.05564e-23
  2.09767e-23
  2.14162e-23
  2.15219e-23
  2.13707e-23
  2.10626e-23
  2.07210e-23
  2.05308e-23
  2.05621e-23
  2.08285e-23
  2.12720e-23
  2.19053e-23
  2.28332e-23
  2.39185e-23
  2.51386e-23
  2.64963e-23
  2.79708e-23
  2.95852e-23
  3.13215e-23
  3.31849e-23
  3.51660e-23
  3.72990e-23
   Cooling for Wiersma, Schaye and Smith (2008).
   Redshift = 0.0 log(T) = 2-8 K, log(dT) = 0.05, log(n_H) = -4 , [Z/Zsol] = 0.0
