  7.24663e-33
  8.58911e-33
  1.00984e-32
  1.18055e-32
  1.37243e-32
  1.58830e-32
  1.82944e-32
  2.09870e-32
  2.39590e-32
  2.72040e-32
  3.07654e-32
  3.46671e-32
  3.89159e-32
  4.35495e-32
  4.85940e-32
  5.40890e-32
  6.03650e-32
  6.71586e-32
  7.35268e-32
  7.93807e-32
  8.97375e-32
  9.64562e-32
  1.06463e-31
  1.21708e-31
  1.32365e-31
  1.49704e-31
  1.60021e-31
  1.84560e-31
  1.96147e-31
  2.27053e-31
  2.39293e-31
  2.74980e-31
  2.94126e-31
  2.55054e-31
  4.04816e-31
  2.33200e-30
  1.44946e-29
  6.17295e-29
  2.86183e-28
  1.29886e-27
  1.29570e-26
  1.96723e-25
  3.01397e-24
  2.38825e-23
  8.57197e-23
  1.30357e-22
  1.22509e-22
  9.84504e-23
  7.78529e-23
  6.38187e-23
  5.35380e-23
  4.49074e-23
  3.82338e-23
  3.44500e-23
  3.46335e-23
  4.13184e-23
  5.80464e-23
  8.32204e-23
  1.02748e-22
  1.03756e-22
  9.24753e-23
  7.85716e-23
  6.63396e-23
  5.74446e-23
  5.15576e-23
  4.75476e-23
  4.47380e-23
  4.29902e-23
  4.13875e-23
  3.83309e-23
  3.39064e-23
  3.21579e-23
  3.22044e-23
  3.33576e-23
  3.50763e-23
  3.69969e-23
  3.91970e-23
  4.20238e-23
  4.55933e-23
  4.98078e-23
  5.45644e-23
  5.97946e-23
  6.56509e-23
  7.21794e-23
  7.94314e-23
  8.75133e-23
  9.66212e-23
  1.07043e-22
  1.18941e-22
  1.32441e-22
  1.47667e-22
  1.64868e-22
  1.84232e-22
  2.05994e-22
  2.30435e-22
  2.57882e-22
  2.88662e-22
  3.23194e-22
  3.61928e-22
  4.05368e-22
  4.54090e-22
  5.08803e-22
  5.70156e-22
  6.38949e-22
  7.16093e-22
  8.02603e-22
  8.99632e-22
  1.00846e-21
  1.13051e-21
  1.26741e-21
  1.42098e-21
  1.59335e-21
  1.78671e-21
  2.00360e-21
  2.24687e-21
  2.51975e-21
  2.82584e-21
  3.16919e-21
  3.55433e-21
  3.98636e-21
  4.47103e-21
   Cooling for Wiersma, Schaye and Smith (2008).
   z > 11 (photodis) log(T) = 2-8 K, log(dT) = 0.05, log(n_H) = -4 , [Z/Zsol] = 
-1.5
