 -7.86246e-23
 -7.37453e-23
 -6.91714e-23
 -6.49697e-23
 -6.09682e-23
 -5.72349e-23
 -5.37888e-23
 -5.05235e-23
 -4.74712e-23
 -4.46570e-23
 -4.19853e-23
 -3.95127e-23
 -3.71864e-23
 -3.50001e-23
 -3.29824e-23
 -3.10651e-23
 -2.92882e-23
 -2.76120e-23
 -2.60470e-23
 -2.45737e-23
 -2.31945e-23
 -2.18900e-23
 -2.06664e-23
 -1.95151e-23
 -1.84178e-23
 -1.73871e-23
 -1.64032e-23
 -1.54657e-23
 -1.45770e-23
 -1.37253e-23
 -1.29060e-23
 -1.21133e-23
 -1.13436e-23
 -1.05924e-23
 -9.85697e-24
 -9.12899e-24
 -8.40174e-24
 -7.67028e-24
 -6.92663e-24
 -6.16816e-24
 -5.38374e-24
 -4.56652e-24
 -3.70452e-24
 -2.78363e-24
 -1.77940e-24
 -6.68875e-25
  5.88334e-25
  2.02385e-24
  3.69267e-24
  5.63405e-24
  7.91604e-24
  1.05760e-23
  1.37204e-23
  1.75583e-23
  2.26036e-23
  2.98546e-23
  4.08580e-23
  5.69181e-23
  7.61805e-23
  9.20169e-23
  9.91936e-23
  9.94441e-23
  9.73732e-23
  9.55283e-23
  9.44185e-23
  9.40808e-23
  9.47716e-23
  9.67652e-23
  1.00274e-22
  1.05237e-22
  1.10792e-22
  1.19000e-22
  1.29085e-22
  1.40927e-22
  1.54471e-22
  1.70059e-22
  1.87979e-22
  2.08681e-22
  2.32024e-22
  2.58240e-22
  2.87455e-22
  3.19904e-22
  3.55969e-22
  3.96110e-22
  4.40773e-22
  4.91091e-22
  5.47922e-22
  6.12440e-22
  6.85231e-22
  7.67315e-22
  8.59554e-22
  9.63314e-22
  1.07986e-21
  1.21071e-21
  1.35761e-21
  1.52240e-21
  1.70746e-21
  1.91488e-21
  2.14794e-21
  2.40900e-21
  2.70244e-21
  3.03101e-21
  3.40049e-21
  3.81389e-21
  4.27904e-21
  4.79925e-21
  5.38490e-21
  6.03960e-21
  6.77700e-21
  7.60093e-21
  8.52938e-21
  9.56674e-21
  1.07356e-20
  1.20418e-20
  1.35128e-20
  1.51574e-20
  1.70086e-20
  1.90795e-20
  2.14093e-20
  2.40168e-20
  2.69488e-20
   Cooling for Wiersma, Schaye and Smith (2008).
   Redshift = 7.0 log(T) = 2-8 K, log(dT) = 0.05, log(n_H) = -4 , [Z/Zsol] = 
-1.0
