 -1.70827e-23
 -1.65827e-23
 -1.60401e-23
 -1.54972e-23
 -1.49529e-23
 -1.44075e-23
 -1.38630e-23
 -1.33217e-23
 -1.27838e-23
 -1.22507e-23
 -1.17222e-23
 -1.12016e-23
 -1.06890e-23
 -1.01855e-23
 -9.69158e-24
 -9.20815e-24
 -8.73554e-24
 -8.27432e-24
 -7.82491e-24
 -7.38770e-24
 -6.96292e-24
 -6.52791e-24
 -6.12620e-24
 -5.73736e-24
 -5.36152e-24
 -4.99810e-24
 -4.64676e-24
 -4.30654e-24
 -3.97690e-24
 -3.65654e-24
 -3.34363e-24
 -3.03558e-24
 -2.73095e-24
 -2.42476e-24
 -2.11200e-24
 -1.78703e-24
 -1.43658e-24
 -1.04235e-24
 -5.68457e-25
  2.92348e-26
  8.74019e-25
  2.14335e-24
  4.49309e-24
  8.91135e-24
  1.71653e-23
  3.03969e-23
  4.71992e-23
  6.10055e-23
  6.61872e-23
  6.49520e-23
  6.22066e-23
  6.10471e-23
  6.23117e-23
  6.68503e-23
  7.61349e-23
  9.31336e-23
  1.21518e-22
  1.59871e-22
  1.93514e-22
  2.08219e-22
  2.08424e-22
  1.98627e-22
  1.84257e-22
  1.76033e-22
  1.75270e-22
  1.75954e-22
  1.75603e-22
  1.75838e-22
  1.69661e-22
  1.42703e-22
  1.04449e-22
  8.02878e-23
  6.97450e-23
  6.62084e-23
  6.43639e-23
  6.10969e-23
  5.63404e-23
  5.32062e-23
  5.27615e-23
  5.35134e-23
  5.35334e-23
  5.20736e-23
  4.96163e-23
  4.63519e-23
  4.19493e-23
  3.61605e-23
  2.99969e-23
  2.49146e-23
  2.12600e-23
  1.85460e-23
  1.64479e-23
  1.50753e-23
  1.41802e-23
  1.37546e-23
  1.36656e-23
  1.38054e-23
  1.41123e-23
  1.45352e-23
  1.49957e-23
  1.54033e-23
  1.56900e-23
  1.58756e-23
  1.58709e-23
  1.57123e-23
  1.55047e-23
  1.53787e-23
  1.54218e-23
  1.56336e-23
  1.59940e-23
  1.64622e-23
  1.70355e-23
  1.78104e-23
  1.86817e-23
  1.96211e-23
  2.06281e-23
  2.16948e-23
  2.28220e-23
  2.40036e-23
  2.52398e-23
  2.65241e-23
  2.78807e-23
   Cooling for Wiersma, Schaye and Smith (2008).
   Redshift = 0.0 log(T) = 2-8 K, log(dT) = 0.05, log(n_H) = -2 , [Z/Zsol] = 
****
