 -7.16894e-24
 -7.07420e-24
 -6.97024e-24
 -6.86366e-24
 -6.75469e-24
 -6.64307e-24
 -6.52901e-24
 -6.41251e-24
 -6.29364e-24
 -6.17234e-24
 -6.04872e-24
 -5.92272e-24
 -5.79450e-24
 -5.66404e-24
 -5.53147e-24
 -5.39680e-24
 -5.26014e-24
 -5.12154e-24
 -4.98109e-24
 -4.83889e-24
 -4.69499e-24
 -4.54921e-24
 -4.40211e-24
 -4.25366e-24
 -4.10395e-24
 -3.95313e-24
 -3.80124e-24
 -3.64851e-24
 -3.49807e-24
 -3.34394e-24
 -3.18915e-24
 -3.03360e-24
 -2.87772e-24
 -2.72161e-24
 -2.56537e-24
 -2.40892e-24
 -2.25278e-24
 -2.09015e-24
 -1.89884e-24
 -1.59784e-24
 -8.72237e-25
  1.05290e-24
  6.30449e-24
  1.83926e-23
  4.19239e-23
  7.23498e-23
  9.00638e-23
  8.64479e-23
  7.25167e-23
  5.86597e-23
  4.79176e-23
  3.98577e-23
  3.35792e-23
  2.95374e-23
  2.89798e-23
  3.46227e-23
  5.00693e-23
  7.37280e-23
  9.17512e-23
  9.13623e-23
  7.87855e-23
  6.40339e-23
  5.13372e-23
  4.16752e-23
  3.45757e-23
  2.93018e-23
  2.52641e-23
  2.22124e-23
  1.96358e-23
  1.69336e-23
  1.34484e-23
  1.15632e-23
  1.03396e-23
  9.53009e-24
  8.91333e-24
  8.31175e-24
  7.77321e-24
  7.38063e-24
  7.14499e-24
  7.00845e-24
  6.89655e-24
  6.80993e-24
  6.72834e-24
  6.65306e-24
  6.56797e-24
  6.46268e-24
  6.36567e-24
  6.32133e-24
  6.33855e-24
  6.40078e-24
  6.49803e-24
  6.67923e-24
  6.90012e-24
  7.15250e-24
  7.43201e-24
  7.73466e-24
  8.05796e-24
  8.39953e-24
  8.75673e-24
  9.12584e-24
  9.51335e-24
  9.99167e-24
  1.04974e-23
  1.10221e-23
  1.15704e-23
  1.21451e-23
  1.27503e-23
  1.33840e-23
  1.40471e-23
  1.47362e-23
  1.54674e-23
  1.63554e-23
  1.73056e-23
  1.83001e-23
  1.93422e-23
  2.04291e-23
  2.15638e-23
  2.27435e-23
  2.39705e-23
  2.52421e-23
  2.65831e-23
   Cooling for Wiersma, Schaye and Smith (2008).
   Redshift = 2.0 log(T) = 2-8 K, log(dT) = 0.05, log(n_H) = 0 , [Z/Zsol] = -2.0
