 -5.58048e-23
 -5.23760e-23
 -4.91547e-23
 -4.61612e-23
 -4.33475e-23
 -4.07123e-23
 -3.82367e-23
 -3.59071e-23
 -3.37165e-23
 -3.16932e-23
 -2.97655e-23
 -2.79843e-23
 -2.63170e-23
 -2.47312e-23
 -2.32687e-23
 -2.18930e-23
 -2.05956e-23
 -1.93944e-23
 -1.82553e-23
 -1.71968e-23
 -1.62086e-23
 -1.52642e-23
 -1.43953e-23
 -1.35759e-23
 -1.28066e-23
 -1.20813e-23
 -1.13963e-23
 -1.07515e-23
 -1.01468e-23
 -9.57482e-24
 -9.03407e-24
 -8.51892e-24
 -8.02667e-24
 -7.55644e-24
 -7.10800e-24
 -6.67514e-24
 -6.25512e-24
 -5.84097e-24
 -5.43187e-24
 -5.02059e-24
 -4.60275e-24
 -4.17126e-24
 -3.71378e-24
 -3.20525e-24
 -2.60621e-24
 -1.86938e-24
 -9.15156e-25
  3.34773e-25
  1.99180e-24
  4.13004e-24
  6.79729e-24
  9.94082e-24
  1.35052e-23
  1.75127e-23
  2.23359e-23
  2.88858e-23
  3.86546e-23
  5.29938e-23
  7.03659e-23
  8.46483e-23
  9.00267e-23
  8.70198e-23
  8.04975e-23
  7.46761e-23
  7.08173e-23
  6.82534e-23
  6.62046e-23
  6.39820e-23
  5.96573e-23
  5.02461e-23
  3.81615e-23
  3.08155e-23
  2.73208e-23
  2.58082e-23
  2.47972e-23
  2.33549e-23
  2.16301e-23
  2.05449e-23
  2.02596e-23
  2.03365e-23
  2.03451e-23
  1.98411e-23
  1.91519e-23
  1.81579e-23
  1.67520e-23
  1.49704e-23
  1.30901e-23
  1.16106e-23
  1.05830e-23
  9.90191e-24
  9.38852e-24
  9.07847e-24
  8.94450e-24
  8.93473e-24
  9.02959e-24
  9.25322e-24
  9.50119e-24
  9.81893e-24
  1.01931e-23
  1.06149e-23
  1.10732e-23
  1.16285e-23
  1.21905e-23
  1.27587e-23
  1.33459e-23
  1.39638e-23
  1.46346e-23
  1.53642e-23
  1.61584e-23
  1.70103e-23
  1.79402e-23
  1.90632e-23
  2.02859e-23
  2.15912e-23
  2.29888e-23
  2.44761e-23
  2.60652e-23
  2.77550e-23
  2.95565e-23
  3.14708e-23
  3.35338e-23
   Cooling for Wiersma, Schaye and Smith (2008).
   Redshift = 0.0 log(T) = 2-8 K, log(dT) = 0.05, log(n_H) = -4 , [Z/Zsol] = 
-1.0
