 -2.34238e-22
 -2.20425e-22
 -2.07417e-22
 -1.95260e-22
 -1.83885e-22
 -1.73462e-22
 -1.63673e-22
 -1.54583e-22
 -1.46109e-22
 -1.38189e-22
 -1.30735e-22
 -1.23722e-22
 -1.16990e-22
 -1.10611e-22
 -1.04509e-22
 -9.86754e-23
 -9.31192e-23
 -8.78212e-23
 -8.27631e-23
 -7.79227e-23
 -7.33165e-23
 -6.88338e-23
 -6.44901e-23
 -6.02542e-23
 -5.61002e-23
 -5.19965e-23
 -4.79151e-23
 -4.38410e-23
 -3.97431e-23
 -3.56221e-23
 -3.14557e-23
 -2.72254e-23
 -2.29003e-23
 -1.84792e-23
 -1.39421e-23
 -9.27355e-24
 -4.43888e-24
  5.82369e-25
  5.85385e-24
  1.14066e-23
  1.73251e-23
  2.36553e-23
  3.05013e-23
  3.79179e-23
  4.60330e-23
  5.49151e-23
  6.47154e-23
  7.55216e-23
  8.75113e-23
  1.00801e-22
  1.15599e-22
  1.32066e-22
  1.50446e-22
  1.70947e-22
  1.93861e-22
  2.19477e-22
  2.48137e-22
  2.80391e-22
  3.16345e-22
  3.56670e-22
  4.01827e-22
  4.52534e-22
  5.09300e-22
  5.73068e-22
  6.44416e-22
  7.24550e-22
  8.14131e-22
  9.14797e-22
  1.02727e-21
  1.15375e-21
  1.29503e-21
  1.45407e-21
  1.63172e-21
  1.83197e-21
  2.05555e-21
  2.30745e-21
  2.58889e-21
  2.90590e-21
  3.26033e-21
  3.65932e-21
  4.10560e-21
  4.60779e-21
  5.16980e-21
  5.80183e-21
  6.50950e-21
  7.30495e-21
  8.19605e-21
  9.19718e-21
  1.03193e-20
  1.15793e-20
  1.29922e-20
  1.45780e-20
  1.63573e-20
  1.83532e-20
  2.05936e-20
  2.31056e-20
  2.59267e-20
  2.90883e-20
  3.26407e-20
  3.66198e-20
  4.10929e-20
  4.61010e-20
  5.17336e-20
  5.80368e-20
  6.51295e-20
  7.30624e-20
  8.19935e-20
  9.19778e-20
  1.03224e-19
  1.15790e-19
  1.29951e-19
  1.45771e-19
  1.63598e-19
  1.83519e-19
  2.05956e-19
  2.31043e-19
  2.59281e-19
  2.90871e-19
  3.26412e-19
  3.66191e-19
  4.10923e-19
   Cooling for Wiersma, Schaye and Smith (2008).
   Redshift = 4.0 log(T) = 2-8 K, log(dT) = 0.05, log(n_H) = -6 , [Z/Zsol] = 
-1.0
