 -2.04260e-23
 -1.98742e-23
 -1.92852e-23
 -1.86961e-23
 -1.81175e-23
 -1.75253e-23
 -1.69368e-23
 -1.63505e-23
 -1.57669e-23
 -1.51870e-23
 -1.46113e-23
 -1.40408e-23
 -1.34761e-23
 -1.29182e-23
 -1.23676e-23
 -1.18253e-23
 -1.12918e-23
 -1.07679e-23
 -1.02541e-23
 -9.75101e-24
 -9.25919e-24
 -8.77869e-24
 -8.31048e-24
 -7.85469e-24
 -7.41190e-24
 -6.98207e-24
 -6.56566e-24
 -6.16256e-24
 -5.77339e-24
 -5.39765e-24
 -5.03587e-24
 -4.68655e-24
 -4.35100e-24
 -4.02838e-24
 -3.71931e-24
 -3.42268e-24
 -3.13936e-24
 -2.86569e-24
 -2.59494e-24
 -2.29917e-24
 -1.87801e-24
 -1.08897e-24
  7.12621e-25
  4.62691e-24
  1.26406e-23
  2.59725e-23
  4.24926e-23
  5.43881e-23
  5.60399e-23
  5.06001e-23
  4.30378e-23
  3.62644e-23
  3.09326e-23
  2.74459e-23
  2.70572e-23
  3.25441e-23
  4.75740e-23
  7.07064e-23
  8.83251e-23
  8.76784e-23
  7.48627e-23
  6.00286e-23
  4.74076e-23
  3.77133e-23
  3.04316e-23
  2.49852e-23
  2.08413e-23
  1.76936e-23
  1.52223e-23
  1.32333e-23
  1.07716e-23
  9.54250e-24
  8.59324e-24
  7.86405e-24
  7.28337e-24
  6.76015e-24
  6.34574e-24
  6.03389e-24
  5.80447e-24
  5.64190e-24
  5.52625e-24
  5.48006e-24
  5.46839e-24
  5.48692e-24
  5.52881e-24
  5.59063e-24
  5.67194e-24
  5.77548e-24
  5.89998e-24
  6.04249e-24
  6.20435e-24
  6.43417e-24
  6.68800e-24
  6.96071e-24
  7.25143e-24
  7.55919e-24
  7.88333e-24
  8.22292e-24
  8.57754e-24
  8.94603e-24
  9.33708e-24
  9.82464e-24
  1.03461e-23
  1.08917e-23
  1.14632e-23
  1.20594e-23
  1.26821e-23
  1.33295e-23
  1.40028e-23
  1.46999e-23
  1.54375e-23
  1.63308e-23
  1.72856e-23
  1.82842e-23
  1.93302e-23
  2.04210e-23
  2.15595e-23
  2.27433e-23
  2.39746e-23
  2.52510e-23
  2.65974e-23
   Cooling for Wiersma, Schaye and Smith (2008).
   Redshift = 1.0 log(T) = 2-8 K, log(dT) = 0.05, log(n_H) = -1 , [Z/Zsol] = 
-3.0
