 -7.35622e-23
 -6.87996e-23
 -6.43396e-23
 -6.02397e-23
 -5.63410e-23
 -5.27372e-23
 -4.93563e-23
 -4.61839e-23
 -4.32217e-23
 -4.04928e-23
 -3.79055e-23
 -3.54931e-23
 -3.32704e-23
 -3.11673e-23
 -2.92029e-23
 -2.73957e-23
 -2.56842e-23
 -2.40875e-23
 -2.26176e-23
 -2.12257e-23
 -1.99268e-23
 -1.87270e-23
 -1.75969e-23
 -1.65378e-23
 -1.55619e-23
 -1.46361e-23
 -1.37749e-23
 -1.29712e-23
 -1.22136e-23
 -1.15126e-23
 -1.08472e-23
 -1.02285e-23
 -9.64098e-24
 -9.09464e-24
 -8.57687e-24
 -8.08786e-24
 -7.62912e-24
 -7.18863e-24
 -6.77610e-24
 -6.38241e-24
 -6.00348e-24
 -5.63604e-24
 -5.27895e-24
 -4.92228e-24
 -4.55246e-24
 -4.15068e-24
 -3.68754e-24
 -3.13442e-24
 -2.45234e-24
 -1.61211e-24
 -5.85583e-25
  6.47129e-25
  2.15717e-24
  4.20843e-24
  7.54144e-24
  1.37055e-23
  2.50251e-23
  4.25092e-23
  6.09521e-23
  6.97513e-23
  6.63596e-23
  5.69575e-23
  4.70853e-23
  3.88176e-23
  3.22872e-23
  2.72574e-23
  2.32948e-23
  2.01281e-23
  1.75154e-23
  1.52317e-23
  1.25077e-23
  1.10676e-23
  1.00371e-23
  9.27886e-24
  8.66179e-24
  8.07538e-24
  7.60584e-24
  7.29073e-24
  7.09446e-24
  6.96968e-24
  6.87977e-24
  6.81375e-24
  6.76423e-24
  6.70727e-24
  6.63182e-24
  6.55138e-24
  6.49658e-24
  6.50697e-24
  6.57779e-24
  6.69763e-24
  6.85401e-24
  7.09461e-24
  7.37689e-24
  7.69276e-24
  8.04119e-24
  8.42537e-24
  8.83596e-24
  9.27800e-24
  9.75146e-24
  1.02562e-23
  1.08010e-23
  1.14606e-23
  1.21718e-23
  1.29285e-23
  1.37358e-23
  1.45968e-23
  1.55182e-23
  1.65028e-23
  1.75566e-23
  1.86822e-23
  1.99020e-23
  2.13375e-23
  2.29014e-23
  2.45839e-23
  2.63978e-23
  2.83503e-23
  3.04561e-23
  3.27252e-23
  3.51743e-23
  3.78169e-23
  4.06961e-23
   Cooling for Wiersma, Schaye and Smith (2008).
   11 < z < 9.89 (highz) log(T) = 2-8 K, log(dT) = 0.05, log(n_H) = -4
 , [Z/Zsol] = -2.0
