 -1.85435e-22
 -1.73315e-22
 -1.61916e-22
 -1.51251e-22
 -1.41231e-22
 -1.31860e-22
 -1.23132e-22
 -1.14935e-22
 -1.07238e-22
 -1.00024e-22
 -9.32655e-23
 -8.69502e-23
 -8.10374e-23
 -7.55137e-23
 -7.03537e-23
 -6.55553e-23
 -6.10397e-23
 -5.68221e-23
 -5.28811e-23
 -4.91999e-23
 -4.57619e-23
 -4.25636e-23
 -3.95666e-23
 -3.67618e-23
 -3.41435e-23
 -3.16952e-23
 -2.94094e-23
 -2.72705e-23
 -2.52731e-23
 -2.34023e-23
 -2.16539e-23
 -2.00126e-23
 -1.84768e-23
 -1.70329e-23
 -1.56793e-23
 -1.44032e-23
 -1.32030e-23
 -1.20672e-23
 -1.09974e-23
 -9.97944e-24
 -9.00868e-24
 -8.07704e-24
 -7.18351e-24
 -6.32075e-24
 -5.48475e-24
 -4.66867e-24
 -3.86756e-24
 -3.07501e-24
 -2.28517e-24
 -1.49169e-24
 -6.87302e-25
  1.39396e-25
  9.91821e-25
  1.87734e-24
  2.80556e-24
  3.78733e-24
  4.83568e-24
  5.96639e-24
  7.19637e-24
  8.54652e-24
  1.00356e-23
  1.16959e-23
  1.35333e-23
  1.55682e-23
  1.78076e-23
  2.02706e-23
  2.29593e-23
  2.58992e-23
  2.90977e-23
  3.26002e-23
  3.64050e-23
  4.06502e-23
  4.53306e-23
  5.05512e-23
  5.63475e-23
  6.28214e-23
  7.00521e-23
  7.81988e-23
  8.73128e-23
  9.75803e-23
  1.09073e-22
  1.22042e-22
  1.36561e-22
  1.52892e-22
  1.71176e-22
  1.91726e-22
  2.14742e-22
  2.40594e-22
  2.69560e-22
  3.02077e-22
  3.38532e-22
  3.79488e-22
  4.25426e-22
  4.76941e-22
  5.34747e-22
  5.99539e-22
  6.72279e-22
  7.53773e-22
  8.45310e-22
  9.47815e-22
  1.06302e-21
  1.19206e-21
  1.33716e-21
  1.49949e-21
  1.68212e-21
  1.88633e-21
  2.11620e-21
  2.37312e-21
  2.66245e-21
  2.98570e-21
  3.34991e-21
  3.75689e-21
  4.21542e-21
  4.72777e-21
  5.30472e-21
  5.94974e-21
  6.67571e-21
  7.48775e-21
  8.40128e-21
  9.42362e-21
  1.05732e-20
   Cooling for Wiersma, Schaye and Smith (2008).
   Redshift = 1.0 log(T) = 2-8 K, log(dT) = 0.05, log(n_H) = -6 , [Z/Zsol] = 
-3.0
