 -1.17427e-22
 -1.11086e-22
 -1.05030e-22
 -9.93220e-23
 -9.38784e-23
 -8.86718e-23
 -8.37129e-23
 -7.90340e-23
 -7.45734e-23
 -7.03006e-23
 -6.62241e-23
 -6.23762e-23
 -5.87217e-23
 -5.52477e-23
 -5.19425e-23
 -4.87800e-23
 -4.57707e-23
 -4.29310e-23
 -4.02470e-23
 -3.76995e-23
 -3.52831e-23
 -3.29881e-23
 -3.08036e-23
 -2.87677e-23
 -2.68251e-23
 -2.50008e-23
 -2.32858e-23
 -2.16537e-23
 -2.01379e-23
 -1.86950e-23
 -1.73637e-23
 -1.60910e-23
 -1.49163e-23
 -1.37955e-23
 -1.27619e-23
 -1.17745e-23
 -1.08511e-23
 -9.99044e-24
 -9.17376e-24
 -8.40237e-24
 -7.68218e-24
 -6.98863e-24
 -6.32658e-24
 -5.68626e-24
 -5.06444e-24
 -4.43598e-24
 -3.79039e-24
 -3.11140e-24
 -2.37253e-24
 -1.56380e-24
 -6.42717e-25
  3.96708e-25
  1.57481e-24
  2.93205e-24
  4.50759e-24
  6.36038e-24
  8.56553e-24
  1.12220e-23
  1.44306e-23
  1.82330e-23
  2.25359e-23
  2.70189e-23
  3.11172e-23
  3.41429e-23
  3.57415e-23
  3.58493e-23
  3.49281e-23
  3.31939e-23
  3.11504e-23
  2.89237e-23
  2.64313e-23
  2.49527e-23
  2.39586e-23
  2.31862e-23
  2.25405e-23
  2.20190e-23
  2.18690e-23
  2.21962e-23
  2.27719e-23
  2.33696e-23
  2.39138e-23
  2.41316e-23
  2.42097e-23
  2.39340e-23
  2.33089e-23
  2.25913e-23
  2.21347e-23
  2.22631e-23
  2.29193e-23
  2.40283e-23
  2.54775e-23
  2.73252e-23
  2.95572e-23
  3.21621e-23
  3.51645e-23
  3.86292e-23
  4.25072e-23
  4.68832e-23
  5.18097e-23
  5.73241e-23
  6.35021e-23
  7.04572e-23
  7.82152e-23
  8.68360e-23
  9.64952e-23
  1.07254e-22
  1.19340e-22
  1.32831e-22
  1.47997e-22
  1.64907e-22
  1.83931e-22
  2.05268e-22
  2.29268e-22
  2.56027e-22
  2.86092e-22
  3.19632e-22
  3.57301e-22
  3.99352e-22
  4.46564e-22
  4.99304e-22
  5.58520e-22
   Cooling for Wiersma, Schaye and Smith (2008).
   Redshift = 2.0 log(T) = 2-8 K, log(dT) = 0.05, log(n_H) = -4 , [Z/Zsol] = 
-1.0
