 -1.67440e-22
 -1.60654e-22
 -1.54179e-22
 -1.47996e-22
 -1.42078e-22
 -1.36456e-22
 -1.31064e-22
 -1.25828e-22
 -1.20804e-22
 -1.15909e-22
 -1.11172e-22
 -1.06597e-22
 -1.02135e-22
 -9.77702e-23
 -9.35281e-23
 -8.93969e-23
 -8.53794e-23
 -8.14502e-23
 -7.76323e-23
 -7.39011e-23
 -7.02561e-23
 -6.67253e-23
 -6.32987e-23
 -5.99594e-23
 -5.67015e-23
 -5.35287e-23
 -5.04324e-23
 -4.74327e-23
 -4.45233e-23
 -4.16779e-23
 -3.88684e-23
 -3.61241e-23
 -3.33912e-23
 -3.07029e-23
 -2.80161e-23
 -2.53051e-23
 -2.25765e-23
 -1.97751e-23
 -1.69161e-23
 -1.39491e-23
 -1.08582e-23
 -7.61264e-24
 -4.17333e-24
 -5.21572e-25
  3.38615e-24
  7.58283e-24
  1.21208e-23
  1.70434e-23
  2.24175e-23
  2.82791e-23
  3.47490e-23
  4.18484e-23
  4.97114e-23
  5.84036e-23
  6.81346e-23
  7.90613e-23
  9.14975e-23
  1.05762e-22
  1.22308e-22
  1.41526e-22
  1.63071e-22
  1.86669e-22
  2.11791e-22
  2.37635e-22
  2.64936e-22
  2.94733e-22
  3.27894e-22
  3.65359e-22
  4.07646e-22
  4.55581e-22
  5.09351e-22
  5.70356e-22
  6.39220e-22
  7.16143e-22
  8.01884e-22
  8.97944e-22
  1.00513e-21
  1.12605e-21
  1.26145e-21
  1.41416e-21
  1.58520e-21
  1.77786e-21
  1.99361e-21
  2.23636e-21
  2.50825e-21
  2.81431e-21
  3.15706e-21
  3.54197e-21
  3.97339e-21
  4.45786e-21
  5.00115e-21
  5.61096e-21
  6.29514e-21
  7.06266e-21
  7.92420e-21
  8.89019e-21
  9.97502e-21
  1.11921e-20
  1.25581e-20
  1.40882e-20
  1.58082e-20
  1.77338e-20
  1.98996e-20
  2.23233e-20
  2.50505e-20
  2.81008e-20
  3.15349e-20
  3.53740e-20
  3.96981e-20
  4.45299e-20
  4.99748e-20
  5.60580e-20
  6.29124e-20
  7.05725e-20
  7.91994e-20
  8.88453e-20
  9.97030e-20
  1.11849e-19
  1.25515e-19
  1.40810e-19
  1.58009e-19
   Cooling for Wiersma, Schaye and Smith (2008).
   Redshift = 6.0 log(T) = 2-8 K, log(dT) = 0.05, log(n_H) = -5 , [Z/Zsol] = 
****
