 -1.87125e-23
 -1.80525e-23
 -1.73428e-23
 -1.66046e-23
 -1.58410e-23
 -1.50430e-23
 -1.42266e-23
 -1.34130e-23
 -1.25878e-23
 -1.17624e-23
 -1.09249e-23
 -1.01066e-23
 -9.30185e-24
 -8.51454e-24
 -7.74678e-24
 -7.00066e-24
 -6.27711e-24
 -5.57762e-24
 -4.90336e-24
 -4.25559e-24
 -3.63457e-24
 -2.86475e-24
 -2.27761e-24
 -1.71785e-24
 -1.18371e-24
 -6.71382e-25
 -1.74796e-25
  3.13993e-25
  8.04284e-25
  1.30670e-24
  1.83541e-24
  2.40595e-24
  3.03998e-24
  3.78074e-24
  4.67888e-24
  5.78134e-24
  7.22694e-24
  9.18165e-24
  1.19722e-23
  1.58385e-23
  2.12827e-23
  2.82368e-23
  3.83655e-23
  5.31873e-23
  7.47439e-23
  1.02761e-22
  1.33702e-22
  1.60832e-22
  1.82610e-22
  2.05193e-22
  2.35772e-22
  2.79565e-22
  3.39681e-22
  4.17629e-22
  5.16645e-22
  6.39687e-22
  7.91725e-22
  9.69409e-22
  1.14780e-21
  1.29939e-21
  1.41592e-21
  1.45111e-21
  1.42049e-21
  1.42530e-21
  1.48329e-21
  1.53903e-21
  1.57251e-21
  1.60297e-21
  1.56327e-21
  1.31114e-21
  9.50036e-22
  7.18872e-22
  6.21773e-22
  5.92915e-22
  5.79670e-22
  5.51636e-22
  5.07691e-22
  4.79113e-22
  4.76763e-22
  4.85783e-22
  4.87014e-22
  4.72805e-22
  4.48282e-22
  4.15387e-22
  3.70865e-22
  3.12279e-22
  2.49795e-22
  1.98034e-22
  1.60568e-22
  1.32604e-22
  1.10177e-22
  9.34384e-23
  8.22470e-23
  7.55117e-23
  7.20188e-23
  7.06982e-23
  7.09122e-23
  7.21568e-23
  7.36511e-23
  7.44987e-23
  7.39435e-23
  7.15123e-23
  6.68799e-23
  6.05007e-23
  5.34156e-23
  4.69420e-23
  4.19486e-23
  3.84464e-23
  3.62277e-23
  3.49044e-23
  3.43048e-23
  3.43563e-23
  3.48642e-23
  3.57049e-23
  3.68507e-23
  3.82492e-23
  3.98914e-23
  4.17584e-23
  4.39311e-23
  4.61354e-23
  4.85414e-23
   Cooling for Wiersma, Schaye and Smith (2008).
   Redshift = 5.0 log(T) = 2-8 K, log(dT) = 0.05, log(n_H) = -1 , [Z/Zsol] = 
0.50
