 -1.92563e-23
 -1.87907e-23
 -1.83008e-23
 -1.78070e-23
 -1.73104e-23
 -1.68113e-23
 -1.63103e-23
 -1.58152e-23
 -1.53137e-23
 -1.48144e-23
 -1.43110e-23
 -1.38092e-23
 -1.33093e-23
 -1.28121e-23
 -1.23182e-23
 -1.18284e-23
 -1.13433e-23
 -1.08637e-23
 -1.03900e-23
 -9.92311e-24
 -9.46346e-24
 -9.01137e-24
 -8.56774e-24
 -8.13295e-24
 -7.70766e-24
 -7.29209e-24
 -6.88680e-24
 -6.49194e-24
 -6.10823e-24
 -5.73549e-24
 -5.37435e-24
 -5.02375e-24
 -4.68503e-24
 -4.35766e-24
 -4.04235e-24
 -3.73827e-24
 -3.44664e-24
 -3.16326e-24
 -2.87962e-24
 -2.56033e-24
 -2.07563e-24
 -1.11098e-24
  1.17381e-24
  6.20415e-24
  1.64539e-23
  3.29285e-23
  5.14206e-23
  6.19557e-23
  6.04884e-23
  5.27142e-23
  4.39706e-23
  3.66684e-23
  3.10951e-23
  2.74824e-23
  2.70348e-23
  3.25322e-23
  4.76578e-23
  7.08925e-23
  8.84322e-23
  8.75587e-23
  7.45615e-23
  5.96457e-23
  4.70041e-23
  3.72954e-23
  2.99897e-23
  2.45234e-23
  2.03684e-23
  1.72115e-23
  1.47539e-23
  1.28464e-23
  1.05011e-23
  9.34794e-24
  8.43271e-24
  7.71649e-24
  7.14436e-24
  6.63497e-24
  6.24008e-24
  5.94366e-24
  5.72216e-24
  5.56483e-24
  5.45788e-24
  5.42643e-24
  5.43400e-24
  5.47586e-24
  5.54631e-24
  5.64294e-24
  5.76226e-24
  5.90268e-24
  6.06201e-24
  6.23918e-24
  6.43707e-24
  6.70469e-24
  6.99851e-24
  7.31426e-24
  7.65198e-24
  8.01162e-24
  8.39348e-24
  8.79743e-24
  9.22432e-24
  9.67403e-24
  1.01568e-23
  1.07477e-23
  1.13860e-23
  1.20627e-23
  1.27816e-23
  1.35423e-23
  1.43494e-23
  1.52022e-23
  1.61064e-23
  1.70612e-23
  1.80888e-23
  1.93058e-23
  2.06252e-23
  2.20312e-23
  2.35360e-23
  2.51397e-23
  2.68554e-23
  2.86850e-23
  3.06428e-23
  3.27323e-23
  3.49931e-23
   Cooling for Wiersma, Schaye and Smith (2008).
   Redshift = 5.0 log(T) = 2-8 K, log(dT) = 0.05, log(n_H) = -1 , [Z/Zsol] = 
-Inf
