 -6.35230e-23
 -5.95996e-23
 -5.58609e-23
 -5.23350e-23
 -4.89997e-23
 -4.58588e-23
 -4.28907e-23
 -4.00843e-23
 -3.74475e-23
 -3.49937e-23
 -3.26757e-23
 -3.04833e-23
 -2.84299e-23
 -2.65161e-23
 -2.47131e-23
 -2.30154e-23
 -2.14291e-23
 -1.99359e-23
 -1.85505e-23
 -1.72528e-23
 -1.60378e-23
 -1.48963e-23
 -1.38255e-23
 -1.28270e-23
 -1.19009e-23
 -1.10213e-23
 -1.02120e-23
 -9.45271e-24
 -8.73809e-24
 -8.07695e-24
 -7.45373e-24
 -6.87532e-24
 -6.33053e-24
 -5.82030e-24
 -5.35044e-24
 -4.90492e-24
 -4.49381e-24
 -4.10438e-24
 -3.74078e-24
 -3.40127e-24
 -3.07385e-24
 -2.74560e-24
 -2.38794e-24
 -1.93999e-24
 -1.29118e-24
 -2.91792e-25
  1.28392e-24
  3.60683e-24
  6.75361e-24
  1.03666e-23
  1.37669e-23
  1.61624e-23
  1.74141e-23
  1.82863e-23
  2.06620e-23
  2.76184e-23
  4.29753e-23
  6.60112e-23
  8.43354e-23
  8.51261e-23
  7.33830e-23
  5.90810e-23
  4.67139e-23
  3.71303e-23
  2.98879e-23
  2.44567e-23
  2.03233e-23
  1.71808e-23
  1.47336e-23
  1.28340e-23
  1.05015e-23
  9.35317e-24
  8.44223e-24
  7.73003e-24
  7.16189e-24
  6.65653e-24
  6.26590e-24
  5.97399e-24
  5.75740e-24
  5.60543e-24
  5.50439e-24
  5.47947e-24
  5.49433e-24
  5.54428e-24
  5.62379e-24
  5.73051e-24
  5.86116e-24
  6.01424e-24
  6.18778e-24
  6.38085e-24
  6.59658e-24
  6.88420e-24
  7.20045e-24
  7.54135e-24
  7.90728e-24
  8.29859e-24
  8.71593e-24
  9.15976e-24
  9.63129e-24
  1.01312e-23
  1.06702e-23
  1.13243e-23
  1.20332e-23
  1.27896e-23
  1.35974e-23
  1.44584e-23
  1.53774e-23
  1.63566e-23
  1.74016e-23
  1.85154e-23
  1.97202e-23
  2.11375e-23
  2.26801e-23
  2.43381e-23
  2.61238e-23
  2.80446e-23
  3.01143e-23
  3.23429e-23
  3.47464e-23
  3.73381e-23
  4.01603e-23
   Cooling for Wiersma, Schaye and Smith (2008).
   11 < z < 9.89 (highz) log(T) = 2-8 K, log(dT) = 0.05, log(n_H) = -3
 , [Z/Zsol] = -Inf
