  2.27657e-33
  2.70049e-33
  3.17775e-33
  3.71809e-33
  4.32556e-33
  5.00917e-33
  5.77278e-33
  6.62576e-33
  7.56672e-33
  8.59448e-33
  9.72256e-33
  1.09585e-32
  1.23046e-32
  1.37725e-32
  1.53706e-32
  1.71113e-32
  1.91168e-32
  2.05023e-32
  2.31194e-32
  2.48644e-32
  2.74918e-32
  3.21629e-32
  3.54860e-32
  4.02041e-32
  4.17452e-32
  3.42177e-32
  5.17463e-32
  5.74341e-32
  6.18644e-32
  5.58337e-32
  8.07741e-32
  3.10182e-31
  1.35525e-31
  3.51253e-32
  3.98250e-31
  2.28767e-30
  1.44878e-29
  6.17300e-29
  2.86185e-28
  1.29891e-27
  1.29574e-26
  1.96721e-25
  3.01362e-24
  2.38809e-23
  8.57202e-23
  1.30360e-22
  1.22512e-22
  9.84516e-23
  7.78545e-23
  6.38190e-23
  5.35388e-23
  4.49092e-23
  3.82344e-23
  3.44501e-23
  3.46347e-23
  4.13224e-23
  5.80510e-23
  8.32210e-23
  1.02749e-22
  1.03756e-22
  9.24764e-23
  7.85737e-23
  6.63450e-23
  5.74554e-23
  5.15678e-23
  4.75681e-23
  4.47488e-23
  4.30098e-23
  4.13960e-23
  3.83424e-23
  3.39260e-23
  3.21782e-23
  3.22176e-23
  3.33709e-23
  3.50960e-23
  3.70238e-23
  3.92362e-23
  4.20705e-23
  4.56580e-23
  4.98906e-23
  5.46224e-23
  5.98606e-23
  6.56946e-23
  7.22193e-23
  7.94882e-23
  8.75783e-23
  9.66974e-23
  1.07115e-22
  1.19011e-22
  1.32494e-22
  1.47707e-22
  1.64902e-22
  1.84264e-22
  2.06041e-22
  2.30495e-22
  2.57940e-22
  2.88730e-22
  3.23281e-22
  3.62020e-22
  4.05458e-22
  4.54172e-22
  5.08879e-22
  5.70221e-22
  6.38995e-22
  7.16111e-22
  8.02597e-22
  8.99607e-22
  1.00842e-21
  1.13046e-21
  1.26734e-21
  1.42089e-21
  1.59324e-21
  1.78659e-21
  2.00345e-21
  2.24671e-21
  2.51956e-21
  2.82563e-21
  3.16895e-21
  3.55406e-21
  3.98606e-21
  4.47068e-21
   Cooling for Wiersma, Schaye and Smith (2008).
   z > 11 (photodis) log(T) = 2-8 K, log(dT) = 0.05, log(n_H) = -3 , [Z/Zsol] = 
-1.5
