 -1.98345e-22
 -1.85760e-22
 -1.73908e-22
 -1.62800e-22
 -1.52353e-22
 -1.42671e-22
 -1.33478e-22
 -1.24839e-22
 -1.16716e-22
 -1.09100e-22
 -1.01948e-22
 -9.52742e-23
 -8.89480e-23
 -8.30267e-23
 -7.74354e-23
 -7.21584e-23
 -6.71774e-23
 -6.24719e-23
 -5.80165e-23
 -5.37885e-23
 -4.97935e-23
 -4.59501e-23
 -4.22683e-23
 -3.87246e-23
 -3.52990e-23
 -3.19673e-23
 -2.87089e-23
 -2.54992e-23
 -2.23157e-23
 -1.91337e-23
 -1.59291e-23
 -1.26733e-23
 -9.32986e-24
 -5.87806e-24
 -2.27651e-24
  1.49997e-24
  5.50510e-24
  9.76391e-24
  1.43458e-23
  1.92777e-23
  2.46448e-23
  3.04831e-23
  3.68932e-23
  4.39193e-23
  5.16843e-23
  6.02484e-23
  6.97584e-23
  8.02964e-23
  9.20370e-23
  1.05093e-22
  1.19671e-22
  1.35931e-22
  1.54112e-22
  1.74425e-22
  1.97158e-22
  2.22600e-22
  2.51091e-22
  2.83194e-22
  3.18990e-22
  3.59159e-22
  4.04161e-22
  4.54715e-22
  5.11328e-22
  5.74934e-22
  6.46109e-22
  7.26084e-22
  8.15503e-22
  9.16003e-22
  1.02831e-21
  1.15461e-21
  1.29569e-21
  1.45454e-21
  1.63199e-21
  1.83189e-21
  2.05519e-21
  2.30677e-21
  2.58790e-21
  2.90456e-21
  3.25860e-21
  3.65719e-21
  4.10305e-21
  4.60477e-21
  5.16627e-21
  5.79776e-21
  6.50484e-21
  7.29963e-21
  8.19001e-21
  9.19033e-21
  1.03115e-20
  1.15705e-20
  1.29823e-20
  1.45669e-20
  1.63448e-20
  1.83391e-20
  2.05778e-20
  2.30878e-20
  2.59068e-20
  2.90659e-20
  3.26155e-20
  3.65915e-20
  4.10612e-20
  4.60653e-20
  5.16936e-20
  5.79919e-20
  6.50791e-20
  7.30059e-20
  8.19300e-20
  9.19066e-20
  1.03144e-19
  1.15700e-19
  1.29850e-19
  1.45658e-19
  1.63471e-19
  1.83377e-19
  2.05797e-19
  2.30864e-19
  2.59081e-19
  2.90646e-19
  3.26160e-19
  3.65908e-19
  4.10606e-19
   Cooling for Wiersma, Schaye and Smith (2008).
   Redshift = 4.0 log(T) = 2-8 K, log(dT) = 0.05, log(n_H) = -6 , [Z/Zsol] = 
-3.0
