 -3.83343e-25
 -3.81214e-25
 -3.78764e-25
 -3.76060e-25
 -3.73115e-25
 -3.69908e-25
 -3.66468e-25
 -3.62795e-25
 -3.58923e-25
 -3.54866e-25
 -3.50653e-25
 -3.46302e-25
 -3.41842e-25
 -3.37281e-25
 -3.32630e-25
 -3.27900e-25
 -3.23077e-25
 -3.18147e-25
 -3.13089e-25
 -3.07880e-25
 -3.02477e-25
 -2.96822e-25
 -2.90997e-25
 -2.84954e-25
 -2.78610e-25
 -2.71918e-25
 -2.64771e-25
 -2.57053e-25
 -2.48564e-25
 -2.39124e-25
 -2.28433e-25
 -2.16219e-25
 -2.02153e-25
 -1.85692e-25
 -1.66284e-25
 -1.42990e-25
 -1.13615e-25
 -7.05166e-26
  2.04895e-26
  2.74018e-25
  1.16453e-24
  3.95157e-24
  1.25818e-23
  3.53876e-23
  8.39874e-23
  1.25258e-22
  1.21239e-22
  9.91737e-23
  7.93030e-23
  6.57359e-23
  5.62120e-23
  4.86466e-23
  4.32881e-23
  4.10910e-23
  4.31918e-23
  5.21471e-23
  7.15157e-23
  9.96642e-23
  1.22250e-22
  1.26091e-22
  1.17111e-22
  1.03735e-22
  9.04953e-23
  8.12320e-23
  7.59884e-23
  7.24520e-23
  6.94813e-23
  6.73934e-23
  6.37669e-23
  5.39351e-23
  4.02165e-23
  3.17704e-23
  2.78031e-23
  2.61910e-23
  2.52140e-23
  2.38295e-23
  2.20501e-23
  2.08506e-23
  2.05532e-23
  2.06777e-23
  2.06038e-23
  2.01135e-23
  1.93335e-23
  1.83208e-23
  1.69668e-23
  1.51914e-23
  1.33123e-23
  1.17902e-23
  1.07360e-23
  9.99678e-24
  9.44960e-24
  9.14632e-24
  9.03991e-24
  9.09122e-24
  9.26133e-24
  9.51575e-24
  9.83384e-24
  1.01989e-23
  1.05859e-23
  1.09658e-23
  1.13231e-23
  1.17147e-23
  1.20696e-23
  1.23926e-23
  1.27178e-23
  1.30855e-23
  1.35255e-23
  1.40345e-23
  1.46079e-23
  1.52311e-23
  1.59147e-23
  1.67678e-23
  1.76928e-23
  1.86686e-23
  1.96973e-23
  2.07747e-23
  2.19029e-23
  2.30784e-23
  2.43026e-23
  2.55719e-23
  2.69107e-23
   Cooling for Wiersma, Schaye and Smith (2008).
   Redshift = 0.0 log(T) = 2-8 K, log(dT) = 0.05, log(n_H) = 0 , [Z/Zsol] = -1.0
