  7.23951e-32
  8.56966e-32
  1.00632e-31
  1.17534e-31
  1.36518e-31
  1.57857e-31
  1.81675e-31
  2.08243e-31
  2.37530e-31
  2.69462e-31
  3.04453e-31
  3.42733e-31
  3.84341e-31
  4.29625e-31
  4.78830e-31
  5.32303e-31
  5.88199e-31
  6.45291e-31
  7.15216e-31
  7.44343e-31
  8.35881e-31
  9.12941e-31
  1.07016e-30
  1.23247e-30
  1.38036e-30
  1.85051e-30
  1.60152e-30
  8.82595e-31
  1.73877e-30
  8.93556e-30
  7.32174e-30
  1.30485e-30
  4.85439e-30
  2.22747e-29
  1.54161e-28
  2.04973e-28
  1.26444e-27
  5.08184e-27
  2.04413e-26
  6.59316e-26
  1.72364e-25
  6.41883e-25
  5.29765e-24
  3.46938e-23
  1.19623e-22
  1.89504e-22
  1.97698e-22
  1.90024e-22
  1.92000e-22
  2.09267e-22
  2.41036e-22
  2.85957e-22
  3.46168e-22
  4.23692e-22
  5.22044e-22
  6.44597e-22
  7.96525e-22
  9.75197e-22
  1.15431e-21
  1.30627e-21
  1.42308e-21
  1.45850e-21
  1.42791e-21
  1.43316e-21
  1.49194e-21
  1.54846e-21
  1.58279e-21
  1.61459e-21
  1.57646e-21
  1.32537e-21
  9.64948e-22
  7.35073e-22
  6.39685e-22
  6.12923e-22
  6.02104e-22
  5.76800e-22
  5.35863e-22
  5.10626e-22
  5.12055e-22
  5.25367e-22
  5.31445e-22
  5.22647e-22
  5.04193e-22
  4.78108e-22
  4.41238e-22
  3.91225e-22
  3.38317e-22
  2.97226e-22
  2.71588e-22
  2.56702e-22
  2.49481e-22
  2.50784e-22
  2.58755e-22
  2.73611e-22
  2.94317e-22
  3.20118e-22
  3.50764e-22
  3.86155e-22
  4.25963e-22
  4.69799e-22
  5.17475e-22
  5.69163e-22
  6.25254e-22
  6.87007e-22
  7.56367e-22
  8.35666e-22
  9.26911e-22
  1.03139e-21
  1.15033e-21
  1.28495e-21
  1.43688e-21
  1.60807e-21
  1.80060e-21
  2.01689e-21
  2.25978e-21
  2.53242e-21
  2.83839e-21
  3.18172e-21
  3.56691e-21
  3.99902e-21
  4.48378e-21
   Cooling for Wiersma, Schaye and Smith (2008).
   z > 11 (photodis) log(T) = 2-8 K, log(dT) = 0.05, log(n_H) = -2 , [Z/Zsol] = 
0.50
