 -4.37775e-23
 -4.18369e-23
 -3.98774e-23
 -3.79689e-23
 -3.61106e-23
 -3.43069e-23
 -3.25563e-23
 -3.08633e-23
 -2.92255e-23
 -2.76460e-23
 -2.61229e-23
 -2.46581e-23
 -2.32502e-23
 -2.19001e-23
 -2.06061e-23
 -1.93687e-23
 -1.81861e-23
 -1.70581e-23
 -1.59830e-23
 -1.49599e-23
 -1.39872e-23
 -1.30595e-23
 -1.21827e-23
 -1.13514e-23
 -1.05649e-23
 -9.82056e-24
 -9.11749e-24
 -8.45294e-24
 -7.82647e-24
 -7.23485e-24
 -6.67603e-24
 -6.14739e-24
 -5.65152e-24
 -5.18508e-24
 -4.74091e-24
 -4.32004e-24
 -3.92492e-24
 -3.54671e-24
 -3.17938e-24
 -2.81352e-24
 -2.41812e-24
 -1.91706e-24
 -1.12405e-24
  2.85847e-25
  2.95098e-24
  7.58952e-24
  1.48379e-23
  2.38647e-23
  3.19165e-23
  3.60086e-23
  3.57503e-23
  3.32435e-23
  3.04281e-23
  2.89484e-23
  3.03780e-23
  3.75829e-23
  5.42281e-23
  7.90113e-23
  9.83227e-23
  9.93017e-23
  8.78461e-23
  7.35881e-23
  6.08848e-23
  5.13969e-23
  4.47951e-23
  4.00006e-23
  3.62855e-23
  3.35061e-23
  3.07193e-23
  2.64155e-23
  2.06362e-23
  1.73253e-23
  1.55780e-23
  1.47115e-23
  1.41527e-23
  1.35266e-23
  1.28788e-23
  1.25060e-23
  1.24905e-23
  1.26782e-23
  1.28679e-23
  1.30132e-23
  1.31320e-23
  1.32445e-23
  1.33164e-23
  1.33295e-23
  1.33876e-23
  1.36437e-23
  1.41360e-23
  1.48259e-23
  1.56931e-23
  1.68055e-23
  1.81117e-23
  1.96222e-23
  2.13414e-23
  2.32757e-23
  2.54432e-23
  2.78586e-23
  3.05466e-23
  3.35212e-23
  3.68282e-23
  4.05617e-23
  4.47157e-23
  4.93152e-23
  5.44496e-23
  6.01640e-23
  6.65715e-23
  7.37065e-23
  8.17044e-23
  9.05978e-23
  1.00581e-22
  1.11810e-22
  1.24415e-22
  1.38437e-22
  1.54154e-22
  1.71649e-22
  1.91256e-22
  2.13100e-22
  2.37577e-22
  2.64871e-22
  2.95475e-22
   Cooling for Wiersma, Schaye and Smith (2008).
   Redshift = 7.0 log(T) = 2-8 K, log(dT) = 0.05, log(n_H) = -2 , [Z/Zsol] = 
-1.5
