 -4.37265e-24
 -4.32637e-24
 -4.27629e-24
 -4.22444e-24
 -4.17091e-24
 -4.11558e-24
 -4.05861e-24
 -3.99999e-24
 -3.93982e-24
 -3.87808e-24
 -3.81483e-24
 -3.75014e-24
 -3.68408e-24
 -3.61294e-24
 -3.53829e-24
 -3.46680e-24
 -3.39391e-24
 -3.31958e-24
 -3.24382e-24
 -3.16661e-24
 -3.08792e-24
 -3.00669e-24
 -2.92485e-24
 -2.84148e-24
 -2.75649e-24
 -2.66982e-24
 -2.58121e-24
 -2.49055e-24
 -2.39752e-24
 -2.30193e-24
 -2.20323e-24
 -2.10089e-24
 -1.99452e-24
 -1.88314e-24
 -1.76578e-24
 -1.64078e-24
 -1.50518e-24
 -1.34697e-24
 -1.12924e-24
 -7.40131e-25
  2.51500e-25
  2.89564e-24
  1.01377e-23
  2.67527e-23
  5.82182e-23
  9.37394e-23
  1.06079e-22
  9.52713e-23
  7.82735e-23
  6.41437e-23
  5.43277e-23
  4.74935e-23
  4.27832e-23
  4.08942e-23
  4.30785e-23
  5.20511e-23
  7.14538e-23
  9.95842e-23
  1.22180e-22
  1.26027e-22
  1.17079e-22
  1.03720e-22
  9.04866e-23
  8.12260e-23
  7.59808e-23
  7.24458e-23
  6.94765e-23
  6.73889e-23
  6.37637e-23
  5.39330e-23
  4.02136e-23
  3.17697e-23
  2.78033e-23
  2.61916e-23
  2.52148e-23
  2.38305e-23
  2.20516e-23
  2.08526e-23
  2.05560e-23
  2.06808e-23
  2.06074e-23
  2.01176e-23
  1.93382e-23
  1.83261e-23
  1.69731e-23
  1.51986e-23
  1.33204e-23
  1.17987e-23
  1.07456e-23
  1.00080e-23
  9.46235e-24
  9.16069e-24
  9.05608e-24
  9.10940e-24
  9.28176e-24
  9.53870e-24
  9.85960e-24
  1.02278e-23
  1.06185e-23
  1.10026e-23
  1.13634e-23
  1.17602e-23
  1.21207e-23
  1.24501e-23
  1.27823e-23
  1.31579e-23
  1.36068e-23
  1.41258e-23
  1.47103e-23
  1.53461e-23
  1.60438e-23
  1.69126e-23
  1.78554e-23
  1.88510e-23
  1.99020e-23
  2.10044e-23
  2.21608e-23
  2.33677e-23
  2.46273e-23
  2.59362e-23
  2.73196e-23
   Cooling for Wiersma, Schaye and Smith (2008).
   Redshift = 4.0 log(T) = 2-8 K, log(dT) = 0.05, log(n_H) = 0 , [Z/Zsol] = -1.0
