 -9.04291e-23
 -8.52745e-23
 -8.04722e-23
 -7.59621e-23
 -7.17150e-23
 -6.77396e-23
 -6.39963e-23
 -6.04700e-23
 -5.71432e-23
 -5.40123e-23
 -5.10569e-23
 -4.82807e-23
 -4.56605e-23
 -4.31800e-23
 -4.08297e-23
 -3.86058e-23
 -3.65005e-23
 -3.45084e-23
 -3.26198e-23
 -3.08236e-23
 -2.91165e-23
 -2.74976e-23
 -2.59508e-23
 -2.44728e-23
 -2.30712e-23
 -2.17371e-23
 -2.04587e-23
 -1.92351e-23
 -1.80733e-23
 -1.69640e-23
 -1.58993e-23
 -1.48800e-23
 -1.39058e-23
 -1.29735e-23
 -1.20809e-23
 -1.12255e-23
 -1.04103e-23
 -9.62735e-24
 -8.87523e-24
 -8.15212e-24
 -7.45722e-24
 -6.78507e-24
 -6.13795e-24
 -5.50974e-24
 -4.89485e-24
 -4.29078e-24
 -3.68476e-24
 -3.07207e-24
 -2.43931e-24
 -1.77538e-24
 -1.06996e-24
 -3.05572e-25
  5.36754e-25
  1.50492e-24
  2.71713e-24
  4.39131e-24
  6.89373e-24
  1.07074e-23
  1.61600e-23
  2.29432e-23
  2.94836e-23
  3.36054e-23
  3.45382e-23
  3.30293e-23
  3.05685e-23
  2.81090e-23
  2.60721e-23
  2.46240e-23
  2.37298e-23
  2.33698e-23
  2.28568e-23
  2.34114e-23
  2.43553e-23
  2.56978e-23
  2.74023e-23
  2.94405e-23
  3.18796e-23
  3.47650e-23
  3.80936e-23
  4.19268e-23
  4.62791e-23
  5.12615e-23
  5.68775e-23
  6.32244e-23
  7.03526e-23
  7.83812e-23
  8.73850e-23
  9.75061e-23
  1.08851e-22
  1.21588e-22
  1.35870e-22
  1.51944e-22
  1.69972e-22
  1.90181e-22
  2.12849e-22
  2.38246e-22
  2.66746e-22
  2.98661e-22
  3.34494e-22
  3.74604e-22
  4.19672e-22
  4.70178e-22
  5.26957e-22
  5.90457e-22
  6.61870e-22
  7.41699e-22
  8.31524e-22
  9.31893e-22
  1.04489e-21
  1.17109e-21
  1.31327e-21
  1.47217e-21
  1.65117e-21
  1.85115e-21
  2.07629e-21
  2.32794e-21
  2.61112e-21
  2.92783e-21
  3.28404e-21
  3.68263e-21
  4.13076e-21
   Cooling for Wiersma, Schaye and Smith (2008).
   Redshift = 4.0 log(T) = 2-8 K, log(dT) = 0.05, log(n_H) = -4 , [Z/Zsol] = 
-Inf
