 -2.41318e-23
 -2.33836e-23
 -2.25842e-23
 -2.17877e-23
 -2.09713e-23
 -2.01462e-23
 -1.93178e-23
 -1.84943e-23
 -1.76735e-23
 -1.68581e-23
 -1.60451e-23
 -1.52469e-23
 -1.44612e-23
 -1.36902e-23
 -1.29352e-23
 -1.21977e-23
 -1.14783e-23
 -1.07783e-23
 -1.00986e-23
 -9.44029e-24
 -8.80361e-24
 -8.11589e-24
 -7.51487e-24
 -6.93690e-24
 -6.38207e-24
 -5.84916e-24
 -5.33666e-24
 -4.84186e-24
 -4.36232e-24
 -3.89413e-24
 -3.43321e-24
 -2.97303e-24
 -2.50735e-24
 -2.02165e-24
 -1.49857e-24
 -9.24589e-25
 -2.57691e-25
  5.56061e-25
  1.61705e-24
  3.01247e-24
  4.94588e-24
  7.54232e-24
  1.16653e-23
  1.83903e-23
  2.95377e-23
  4.60217e-23
  6.62032e-23
  8.36245e-23
  9.32845e-23
  9.79530e-23
  1.03025e-22
  1.12376e-22
  1.27727e-22
  1.50201e-22
  1.81432e-22
  2.24265e-22
  2.82605e-22
  3.54582e-22
  4.22999e-22
  4.70484e-22
  4.98526e-22
  4.99509e-22
  4.81242e-22
  4.76156e-22
  4.89509e-22
  5.03413e-22
  5.11184e-22
  5.18669e-22
  5.04434e-22
  4.23395e-22
  3.07596e-22
  2.33706e-22
  2.02373e-22
  1.92756e-22
  1.88175e-22
  1.78958e-22
  1.64788e-22
  1.55544e-22
  1.54645e-22
  1.57385e-22
  1.57696e-22
  1.53176e-22
  1.45420e-22
  1.35040e-22
  1.21002e-22
  1.02533e-22
  8.28459e-23
  6.65627e-23
  5.48113e-23
  4.60757e-23
  3.91033e-23
  3.39758e-23
  3.06184e-23
  2.86827e-23
  2.77849e-23
  2.75861e-23
  2.78844e-23
  2.85200e-23
  2.92462e-23
  2.97788e-23
  2.98847e-23
  2.94659e-23
  2.83766e-23
  2.67541e-23
  2.49286e-23
  2.33160e-23
  2.21923e-23
  2.15603e-23
  2.13555e-23
  2.14542e-23
  2.18144e-23
  2.24922e-23
  2.33626e-23
  2.43748e-23
  2.55239e-23
  2.67920e-23
  2.81798e-23
  2.96803e-23
  3.13225e-23
  3.30190e-23
  3.48430e-23
   Cooling for Wiersma, Schaye and Smith (2008).
   Redshift = 4.0 log(T) = 2-8 K, log(dT) = 0.05, log(n_H) = -1 , [Z/Zsol] = 0.0
