 -3.53416e-23
 -3.39243e-23
 -3.24514e-23
 -3.09886e-23
 -2.95395e-23
 -2.80988e-23
 -2.66784e-23
 -2.52916e-23
 -2.39319e-23
 -2.26035e-23
 -2.12986e-23
 -2.00377e-23
 -1.88147e-23
 -1.76325e-23
 -1.64912e-23
 -1.53924e-23
 -1.43363e-23
 -1.33234e-23
 -1.23546e-23
 -1.14296e-23
 -1.05485e-23
 -9.60332e-24
 -8.79551e-24
 -8.03094e-24
 -7.30976e-24
 -6.63012e-24
 -5.99007e-24
 -5.38582e-24
 -4.81449e-24
 -4.27114e-24
 -3.75132e-24
 -3.24609e-24
 -2.74872e-24
 -2.24412e-24
 -1.71014e-24
 -1.13966e-24
 -4.94350e-25
  2.77533e-25
  1.25755e-24
  2.51441e-24
  4.18850e-24
  6.35163e-24
  9.51593e-24
  1.42466e-23
  2.15630e-23
  3.23335e-23
  4.70759e-23
  6.37270e-23
  7.83847e-23
  8.90376e-23
  9.81841e-23
  1.09326e-22
  1.25431e-22
  1.48285e-22
  1.79674e-22
  2.22491e-22
  2.80454e-22
  3.51954e-22
  4.19985e-22
  4.67335e-22
  4.95293e-22
  4.96655e-22
  4.79050e-22
  4.74227e-22
  4.87577e-22
  5.01694e-22
  5.09737e-22
  5.17078e-22
  5.02556e-22
  4.21801e-22
  3.06686e-22
  2.33283e-22
  2.02157e-22
  1.92601e-22
  1.88011e-22
  1.78786e-22
  1.64665e-22
  1.55485e-22
  1.54621e-22
  1.57374e-22
  1.57712e-22
  1.53208e-22
  1.45471e-22
  1.35104e-22
  1.21075e-22
  1.02618e-22
  8.29491e-23
  6.66685e-23
  5.48686e-23
  4.60117e-23
  3.90693e-23
  3.42819e-23
  3.09598e-23
  2.90896e-23
  2.82539e-23
  2.81146e-23
  2.84792e-23
  2.91887e-23
  2.99973e-23
  3.06221e-23
  3.08309e-23
  3.05279e-23
  2.95684e-23
  2.80918e-23
  2.64301e-23
  2.50017e-23
  2.40845e-23
  2.36842e-23
  2.37389e-23
  2.41292e-23
  2.48158e-23
  2.58603e-23
  2.71415e-23
  2.86154e-23
  3.02816e-23
  3.21307e-23
  3.41695e-23
  3.63970e-23
  3.88224e-23
  4.14465e-23
  4.43091e-23
   Cooling for Wiersma, Schaye and Smith (2008).
   11 < z < 9.89 (highz) log(T) = 2-8 K, log(dT) = 0.05, log(n_H) = -2
 , [Z/Zsol] = 0.0
