 -5.38525e-23
 -5.10181e-23
 -4.82387e-23
 -4.55689e-23
 -4.30011e-23
 -4.05398e-23
 -3.81800e-23
 -3.59268e-23
 -3.37724e-23
 -3.17195e-23
 -2.97606e-23
 -2.78995e-23
 -2.61295e-23
 -2.44509e-23
 -2.28586e-23
 -2.13515e-23
 -1.99254e-23
 -1.85783e-23
 -1.73066e-23
 -1.61077e-23
 -1.49783e-23
 -1.39063e-23
 -1.29038e-23
 -1.19572e-23
 -1.10770e-23
 -1.02534e-23
 -9.47659e-24
 -8.74615e-24
 -8.06675e-24
 -7.43026e-24
 -6.83114e-24
 -6.26666e-24
 -5.73954e-24
 -5.23913e-24
 -4.76734e-24
 -4.31867e-24
 -3.89128e-24
 -3.47531e-24
 -3.06322e-24
 -2.64510e-24
 -2.19813e-24
 -1.67560e-24
 -9.70809e-25
  9.99006e-26
  1.89688e-24
  4.86087e-24
  9.53789e-24
  1.59721e-23
  2.32755e-23
  2.94662e-23
  3.29678e-23
  3.40725e-23
  3.42850e-23
  3.53315e-23
  3.92840e-23
  4.90342e-23
  6.82487e-23
  9.58293e-23
  1.18720e-22
  1.23716e-22
  1.15611e-22
  1.02747e-22
  8.98659e-23
  8.07678e-23
  7.55608e-23
  7.20850e-23
  6.91740e-23
  6.70318e-23
  6.33186e-23
  5.36082e-23
  4.01677e-23
  3.19168e-23
  2.80538e-23
  2.65000e-23
  2.55636e-23
  2.42269e-23
  2.25217e-23
  2.14097e-23
  2.11967e-23
  2.14057e-23
  2.14258e-23
  2.10412e-23
  2.03795e-23
  1.94967e-23
  1.82860e-23
  1.66734e-23
  1.49806e-23
  1.36677e-23
  1.28418e-23
  1.23512e-23
  1.20989e-23
  1.21566e-23
  1.24196e-23
  1.28871e-23
  1.35229e-23
  1.42982e-23
  1.52010e-23
  1.62211e-23
  1.73441e-23
  1.85481e-23
  1.98327e-23
  2.12616e-23
  2.27831e-23
  2.44117e-23
  2.62062e-23
  2.82172e-23
  3.05061e-23
  3.30827e-23
  3.59848e-23
  3.92102e-23
  4.28264e-23
  4.69560e-23
  5.15732e-23
  5.66753e-23
  6.23515e-23
  6.86256e-23
  7.56035e-23
  8.33231e-23
  9.19101e-23
  1.01420e-22
  1.12025e-22
   Cooling for Wiersma, Schaye and Smith (2008).
   Redshift = 5.0 log(T) = 2-8 K, log(dT) = 0.05, log(n_H) = -2 , [Z/Zsol] = 
-1.0
