 -1.21341e-22
 -1.15850e-22
 -1.10717e-22
 -1.05824e-22
 -1.01164e-22
 -9.67748e-23
 -9.25700e-23
 -8.85356e-23
 -8.46656e-23
 -8.09787e-23
 -7.74377e-23
 -7.40273e-23
 -7.07304e-23
 -6.75199e-23
 -6.43914e-23
 -6.13576e-23
 -5.84054e-23
 -5.55119e-23
 -5.26648e-23
 -4.98411e-23
 -4.70541e-23
 -4.42927e-23
 -4.15312e-23
 -3.87621e-23
 -3.59880e-23
 -3.31927e-23
 -3.03505e-23
 -2.74566e-23
 -2.45020e-23
 -2.14681e-23
 -1.83243e-23
 -1.50620e-23
 -1.16536e-23
 -8.08176e-24
 -4.30438e-24
 -3.03393e-25
  3.97005e-24
  8.53438e-24
  1.34704e-23
  1.87962e-23
  2.45974e-23
  3.09092e-23
  3.78155e-23
  4.53693e-23
  5.37272e-23
  6.29265e-23
  7.31254e-23
  8.43885e-23
  9.69658e-23
  1.10874e-22
  1.26436e-22
  1.43740e-22
  1.63174e-22
  1.84847e-22
  2.09393e-22
  2.37041e-22
  2.69000e-22
  3.05576e-22
  3.48162e-22
  3.96516e-22
  4.50003e-22
  5.07065e-22
  5.67271e-22
  6.31792e-22
  7.03106e-22
  7.83369e-22
  8.74603e-22
  9.77253e-22
  1.09276e-21
  1.22342e-21
  1.36956e-21
  1.53502e-21
  1.72034e-21
  1.92935e-21
  2.16302e-21
  2.42639e-21
  2.72065e-21
  3.05218e-21
  3.42287e-21
  3.84030e-21
  4.30732e-21
  4.83295e-21
  5.42128e-21
  6.08301e-21
  6.82397e-21
  7.65687e-21
  8.58997e-21
  9.63831e-21
  1.08133e-20
  1.21328e-20
  1.36124e-20
  1.52731e-20
  1.71364e-20
  1.92265e-20
  2.15728e-20
  2.42034e-20
  2.71578e-20
  3.04687e-20
  3.41889e-20
  3.83559e-20
  4.30404e-20
  4.82850e-20
  5.41837e-20
  6.07846e-20
  6.82123e-20
  7.65199e-20
  8.58729e-20
  9.63289e-20
  1.08106e-19
  1.21266e-19
  1.36095e-19
  1.52663e-19
  1.71332e-19
  1.92195e-19
  2.15692e-19
  2.41963e-19
  2.71536e-19
  3.04618e-19
  3.41839e-19
  3.83497e-19
  4.30342e-19
   Cooling for Wiersma, Schaye and Smith (2008).
   Redshift = 8.0 log(T) = 2-8 K, log(dT) = 0.05, log(n_H) = -5 , [Z/Zsol] = 
-1.5
