 -3.03353e-24
 -2.97542e-24
 -2.90901e-24
 -2.83683e-24
 -2.75928e-24
 -2.67593e-24
 -2.58792e-24
 -2.49575e-24
 -2.40024e-24
 -2.30207e-24
 -2.20179e-24
 -2.10086e-24
 -1.99970e-24
 -1.89888e-24
 -1.79881e-24
 -1.69981e-24
 -1.60187e-24
 -1.50489e-24
 -1.40883e-24
 -1.31355e-24
 -1.21893e-24
 -1.11469e-24
 -1.02007e-24
 -9.25382e-25
 -8.29912e-25
 -7.32579e-25
 -6.31441e-25
 -5.24351e-25
 -4.08190e-25
 -2.79912e-25
 -1.34675e-25
  3.19615e-26
  2.26163e-25
  4.59807e-25
  7.43346e-25
  1.09496e-24
  1.55356e-24
  2.16706e-24
  3.06490e-24
  4.40396e-24
  6.72278e-24
  1.10035e-23
  2.01724e-23
  3.87322e-23
  7.19776e-23
  1.09722e-22
  1.25988e-22
  1.20827e-22
  1.11335e-22
  1.06918e-22
  1.09270e-22
  1.17425e-22
  1.31570e-22
  1.52861e-22
  1.83228e-22
  2.25503e-22
  2.83688e-22
  3.55915e-22
  4.24374e-22
  4.71621e-22
  4.99523e-22
  5.00347e-22
  4.81853e-22
  4.76667e-22
  4.90017e-22
  5.03883e-22
  5.11607e-22
  5.19163e-22
  5.05031e-22
  4.23904e-22
  3.07871e-22
  2.33831e-22
  2.02434e-22
  1.92798e-22
  1.88219e-22
  1.79005e-22
  1.64818e-22
  1.55551e-22
  1.54638e-22
  1.57373e-22
  1.57680e-22
  1.53154e-22
  1.45390e-22
  1.35005e-22
  1.20962e-22
  1.02487e-22
  8.27876e-23
  6.64894e-23
  5.47228e-23
  4.59713e-23
  3.89818e-23
  3.38358e-23
  3.04588e-23
  2.85020e-23
  2.75809e-23
  2.73564e-23
  2.76260e-23
  2.82297e-23
  2.89201e-23
  2.94127e-23
  2.94733e-23
  2.90042e-23
  2.78585e-23
  2.61727e-23
  2.42758e-23
  2.25833e-23
  2.13698e-23
  2.06373e-23
  2.03195e-23
  2.02920e-23
  2.05099e-23
  2.10288e-23
  2.17202e-23
  2.25324e-23
  2.34562e-23
  2.44724e-23
  2.55766e-23
  2.67599e-23
  2.80453e-23
  2.93424e-23
  3.07172e-23
   Cooling for Wiersma, Schaye and Smith (2008).
   Redshift = 0.0 log(T) = 2-8 K, log(dT) = 0.05, log(n_H) = -1 , [Z/Zsol] = 0.0
