 -5.87459e-23
 -5.50612e-23
 -5.13947e-23
 -4.78269e-23
 -4.43472e-23
 -4.09000e-23
 -3.75720e-23
 -3.43846e-23
 -3.13049e-23
 -2.83437e-23
 -2.54562e-23
 -2.27338e-23
 -2.01413e-23
 -1.76874e-23
 -1.53711e-23
 -1.31951e-23
 -1.11569e-23
 -9.26907e-24
 -7.50603e-24
 -5.93384e-24
 -4.47486e-24
 -2.92719e-24
 -1.73494e-24
 -6.86590e-25
  2.56635e-25
  1.08744e-24
  1.78861e-24
  2.38927e-24
  2.91601e-24
  3.36751e-24
  3.79021e-24
  4.19139e-24
  4.60582e-24
  5.07028e-24
  5.66170e-24
  6.38239e-24
  7.35235e-24
  8.69211e-24
  1.05325e-23
  1.30428e-23
  1.64225e-23
  2.08263e-23
  2.66892e-23
  3.43372e-23
  4.46023e-23
  5.81530e-23
  7.60663e-23
  9.93557e-23
  1.29342e-22
  1.66169e-22
  2.10171e-22
  2.62312e-22
  3.25660e-22
  4.03699e-22
  5.01257e-22
  6.21306e-22
  7.68166e-22
  9.38661e-22
  1.11381e-21
  1.26819e-21
  1.38641e-21
  1.42529e-21
  1.40128e-21
  1.40927e-21
  1.46727e-21
  1.52430e-21
  1.55940e-21
  1.58800e-21
  1.54512e-21
  1.29549e-21
  9.41308e-22
  7.14760e-22
  6.19612e-22
  5.91218e-22
  5.77835e-22
  5.49686e-22
  5.06186e-22
  4.78223e-22
  4.76196e-22
  4.85294e-22
  4.86603e-22
  4.72480e-22
  4.48057e-22
  4.15190e-22
  3.70644e-22
  3.12075e-22
  2.49708e-22
  1.98058e-22
  1.60527e-22
  1.32253e-22
  1.09993e-22
  9.43935e-23
  8.33626e-23
  7.68722e-23
  7.36082e-23
  7.25055e-23
  7.29585e-23
  7.44659e-23
  7.62512e-23
  7.74219e-23
  7.72378e-23
  7.52110e-23
  7.10332e-23
  6.51643e-23
  5.86565e-23
  5.28308e-23
  4.85666e-23
  4.58780e-23
  4.45736e-23
  4.42703e-23
  4.48192e-23
  4.61530e-23
  4.81053e-23
  5.05597e-23
  5.35227e-23
  5.69529e-23
  6.08817e-23
  6.52929e-23
  7.02285e-23
  7.56753e-23
  8.17244e-23
   Cooling for Wiersma, Schaye and Smith (2008).
   Redshift = 4.0 log(T) = 2-8 K, log(dT) = 0.05, log(n_H) = -2 , [Z/Zsol] = 
0.50
