 -3.86263e-25
 -3.84875e-25
 -3.83360e-25
 -3.81778e-25
 -3.80131e-25
 -3.78409e-25
 -3.76613e-25
 -3.74735e-25
 -3.72774e-25
 -3.70720e-25
 -3.68572e-25
 -3.66316e-25
 -3.63953e-25
 -3.61471e-25
 -3.58867e-25
 -3.56128e-25
 -3.53248e-25
 -3.50213e-25
 -3.47014e-25
 -3.43634e-25
 -3.40016e-25
 -3.36249e-25
 -3.32176e-25
 -3.27917e-25
 -3.23408e-25
 -3.18650e-25
 -3.13625e-25
 -3.08326e-25
 -3.02701e-25
 -2.96715e-25
 -2.90303e-25
 -2.83400e-25
 -2.75940e-25
 -2.67952e-25
 -2.59407e-25
 -2.50184e-25
 -2.39898e-25
 -2.22974e-25
 -1.70412e-25
  2.89711e-26
  8.41143e-25
  3.51956e-24
  1.19892e-23
  3.45253e-23
  8.25896e-23
  1.23222e-22
  1.18762e-22
  9.62049e-23
  7.56264e-23
  6.10716e-23
  5.02152e-23
  4.09446e-23
  3.34516e-23
  2.86580e-23
  2.76232e-23
  3.28752e-23
  4.79240e-23
  7.11716e-23
  8.86612e-23
  8.76790e-23
  7.46062e-23
  5.96564e-23
  4.70013e-23
  3.72872e-23
  2.99783e-23
  2.45097e-23
  2.03525e-23
  1.71934e-23
  1.47333e-23
  1.28231e-23
  1.04745e-23
  9.31808e-24
  8.39914e-24
  7.67875e-24
  7.10197e-24
  6.58734e-24
  6.18661e-24
  5.88362e-24
  5.65477e-24
  5.48918e-24
  5.37298e-24
  5.33114e-24
  5.32707e-24
  5.35585e-24
  5.41165e-24
  5.49182e-24
  5.59270e-24
  5.71240e-24
  5.84851e-24
  5.99960e-24
  6.16825e-24
  6.40305e-24
  6.66005e-24
  6.93449e-24
  7.22585e-24
  7.53350e-24
  7.85697e-24
  8.19549e-24
  8.54886e-24
  8.91621e-24
  9.30645e-24
  9.79369e-24
  1.03154e-23
  1.08616e-23
  1.14337e-23
  1.20303e-23
  1.26525e-23
  1.32987e-23
  1.39702e-23
  1.46648e-23
  1.53993e-23
  1.62889e-23
  1.72394e-23
  1.82331e-23
  1.92735e-23
  2.03580e-23
  2.14893e-23
  2.26651e-23
  2.38873e-23
  2.51535e-23
  2.64885e-23
   Cooling for Wiersma, Schaye and Smith (2008).
   Redshift = 0.0 log(T) = 2-8 K, log(dT) = 0.05, log(n_H) = 0 , [Z/Zsol] = -Inf
