  2.26163e-31
  2.68340e-31
  3.15712e-31
  3.69255e-31
  4.28004e-31
  4.95619e-31
  5.71100e-31
  6.55323e-31
  7.48191e-31
  8.49485e-31
  9.59138e-31
  1.08067e-30
  1.21284e-30
  1.35676e-30
  1.51322e-30
  1.68338e-30
  1.87081e-30
  2.08378e-30
  2.30782e-30
  2.54953e-30
  2.82003e-30
  3.10275e-30
  3.42002e-30
  3.76604e-30
  4.12853e-30
  4.53552e-30
  4.81826e-30
  5.33128e-30
  6.17664e-30
  6.84565e-30
  7.37639e-30
  8.41829e-30
  9.11306e-30
  9.65114e-30
  1.12467e-29
  1.42521e-29
  4.29904e-29
  1.71976e-28
  7.36111e-28
  2.71040e-27
  1.64138e-26
  2.06339e-25
  3.06298e-24
  2.41125e-23
  8.64501e-23
  1.31615e-22
  1.24074e-22
  1.00356e-22
  8.01553e-23
  6.68380e-23
  5.73419e-23
  4.99094e-23
  4.45286e-23
  4.23756e-23
  4.44523e-23
  5.34161e-23
  7.28456e-23
  1.01848e-22
  1.24479e-22
  1.28413e-22
  1.20760e-22
  1.07618e-22
  9.46615e-23
  8.56762e-23
  8.09618e-23
  7.82216e-23
  7.59444e-23
  7.44890e-23
  7.17980e-23
  6.30741e-23
  5.06995e-23
  4.37806e-23
  4.15165e-23
  4.14770e-23
  4.23169e-23
  4.29993e-23
  4.36055e-23
  4.50017e-23
  4.76609e-23
  5.12832e-23
  5.55424e-23
  6.04548e-23
  6.63023e-23
  7.32681e-23
  8.12528e-23
  9.00713e-23
  9.96654e-23
  1.10265e-22
  1.22122e-22
  1.35471e-22
  1.50498e-22
  1.67569e-22
  1.86873e-22
  2.08652e-22
  2.33172e-22
  2.60739e-22
  2.91686e-22
  3.26455e-22
  3.65504e-22
  4.09317e-22
  4.58461e-22
  5.13644e-22
  5.75511e-22
  6.44862e-22
  7.22621e-22
  8.09821e-22
  9.07635e-22
  1.01735e-21
  1.14042e-21
  1.27847e-21
  1.43333e-21
  1.60716e-21
  1.80217e-21
  2.02090e-21
  2.26626e-21
  2.54147e-21
  2.85019e-21
  3.19648e-21
  3.58493e-21
  4.02066e-21
  4.50949e-21
   Cooling for Wiersma, Schaye and Smith (2008).
   z > 11 (photodis) log(T) = 2-8 K, log(dT) = 0.05, log(n_H) = -6 , [Z/Zsol] = 
-1.0
