 -8.12464e-24
 -8.01105e-24
 -7.88591e-24
 -7.75788e-24
 -7.62720e-24
 -7.49373e-24
 -7.35763e-24
 -7.21880e-24
 -7.07740e-24
 -6.93337e-24
 -6.78684e-24
 -6.63775e-24
 -6.48629e-24
 -6.33245e-24
 -6.17639e-24
 -6.01814e-24
 -5.85786e-24
 -5.69563e-24
 -5.53158e-24
 -5.36583e-24
 -5.19850e-24
 -5.02961e-24
 -4.85942e-24
 -4.68821e-24
 -4.51594e-24
 -4.34291e-24
 -4.17245e-24
 -3.99839e-24
 -3.82393e-24
 -3.64953e-24
 -3.47535e-24
 -3.30116e-24
 -3.12756e-24
 -2.95480e-24
 -2.78315e-24
 -2.61270e-24
 -2.44441e-24
 -2.27235e-24
 -2.07696e-24
 -1.78384e-24
 -1.10393e-24
  6.75368e-25
  5.50071e-24
  1.65951e-23
  3.83765e-23
  6.73552e-23
  8.59503e-23
  8.41861e-23
  7.13273e-23
  5.78324e-23
  4.71162e-23
  3.89771e-23
  3.25621e-23
  2.83114e-23
  2.74868e-23
  3.28413e-23
  4.79369e-23
  7.12090e-23
  8.87169e-23
  8.77480e-23
  7.46813e-23
  5.97368e-23
  4.70878e-23
  3.73816e-23
  3.00828e-23
  2.46260e-23
  2.04824e-23
  1.73389e-23
  1.48963e-23
  1.30060e-23
  1.06797e-23
  9.54832e-24
  8.65740e-24
  7.96859e-24
  7.42709e-24
  6.95223e-24
  6.59595e-24
  6.34301e-24
  6.17012e-24
  6.06753e-24
  6.02180e-24
  6.05925e-24
  6.14393e-24
  6.27251e-24
  6.44005e-24
  6.64582e-24
  6.88741e-24
  7.16521e-24
  7.47851e-24
  7.82857e-24
  8.22035e-24
  8.70558e-24
  9.24355e-24
  9.83317e-24
  1.04783e-23
  1.11827e-23
  1.19517e-23
  1.27895e-23
  1.37039e-23
  1.46996e-23
  1.57963e-23
  1.70744e-23
  1.84856e-23
  2.00273e-23
  2.17196e-23
  2.35689e-23
  2.56017e-23
  2.78247e-23
  3.02722e-23
  3.29514e-23
  3.59224e-23
  3.93106e-23
  4.30764e-23
  4.72164e-23
  5.18002e-23
  5.68467e-23
  6.24379e-23
  6.86027e-23
  7.54381e-23
  8.29869e-23
  9.13866e-23
   Cooling for Wiersma, Schaye and Smith (2008).
   Redshift = 9.0 log(T) = 2-8 K, log(dT) = 0.05, log(n_H) = -1 , [Z/Zsol] = 
-Inf
