 -1.11228e-22
 -1.06025e-22
 -1.01200e-22
 -9.65833e-23
 -9.22878e-23
 -8.82136e-23
 -8.43580e-23
 -8.07482e-23
 -7.72723e-23
 -7.40287e-23
 -7.09540e-23
 -6.80048e-23
 -6.51888e-23
 -6.25172e-23
 -5.99707e-23
 -5.75293e-23
 -5.51924e-23
 -5.29411e-23
 -5.07679e-23
 -4.86839e-23
 -4.66815e-23
 -4.47492e-23
 -4.28817e-23
 -4.10648e-23
 -3.93070e-23
 -3.75948e-23
 -3.59402e-23
 -3.43409e-23
 -3.27828e-23
 -3.12684e-23
 -2.98086e-23
 -2.83932e-23
 -2.70147e-23
 -2.56767e-23
 -2.43899e-23
 -2.31434e-23
 -2.19316e-23
 -2.07579e-23
 -1.96229e-23
 -1.85312e-23
 -1.74759e-23
 -1.64496e-23
 -1.54468e-23
 -1.44719e-23
 -1.35300e-23
 -1.26091e-23
 -1.17040e-23
 -1.08067e-23
 -9.90530e-24
 -8.99746e-24
 -8.05685e-24
 -7.08918e-24
 -6.04595e-24
 -4.85228e-24
 -3.33236e-24
 -1.14949e-24
  2.24349e-24
  7.49341e-24
  1.49453e-23
  2.37356e-23
  3.12492e-23
  3.48136e-23
  3.43379e-23
  3.14582e-23
  2.78658e-23
  2.44921e-23
  2.15673e-23
  1.92086e-23
  1.72808e-23
  1.57441e-23
  1.40925e-23
  1.31060e-23
  1.28319e-23
  1.27409e-23
  1.30625e-23
  1.33669e-23
  1.35930e-23
  1.39874e-23
  1.39943e-23
  1.37237e-23
  1.30692e-23
  1.19851e-23
  1.07286e-23
  9.60101e-24
  8.73171e-24
  8.13265e-24
  7.76157e-24
  7.56154e-24
  7.48592e-24
  7.49321e-24
  7.56660e-24
  7.74769e-24
  7.98720e-24
  8.27726e-24
  8.61744e-24
  9.01040e-24
  9.46733e-24
  9.96520e-24
  1.05077e-23
  1.10849e-23
  1.16928e-23
  1.23963e-23
  1.31311e-23
  1.39005e-23
  1.47266e-23
  1.56240e-23
  1.66055e-23
  1.76735e-23
  1.88352e-23
  2.00915e-23
  2.14676e-23
  2.30847e-23
  2.48591e-23
  2.67808e-23
  2.88673e-23
  3.11268e-23
  3.35796e-23
  3.62376e-23
  3.91242e-23
  4.22556e-23
  4.56834e-23
   Cooling for Wiersma, Schaye and Smith (2008).
   11 < z < 9.89 (highz) log(T) = 2-8 K, log(dT) = 0.05, log(n_H) = -5
 , [Z/Zsol] = -1.0
