 -2.77574e-22
 -2.63437e-22
 -2.49759e-22
 -2.36392e-22
 -2.23412e-22
 -2.10922e-22
 -1.98790e-22
 -1.87005e-22
 -1.75529e-22
 -1.64283e-22
 -1.53329e-22
 -1.42653e-22
 -1.32218e-22
 -1.21863e-22
 -1.11735e-22
 -1.01684e-22
 -9.16461e-23
 -8.16665e-23
 -7.15649e-23
 -6.14147e-23
 -5.10210e-23
 -4.04167e-23
 -2.94316e-23
 -1.80404e-23
 -6.09982e-24
  6.47596e-24
  1.98230e-23
  3.40450e-23
  4.93768e-23
  6.58565e-23
  8.37780e-23
  1.03335e-22
  1.24715e-22
  1.48115e-22
  1.73993e-22
  2.02624e-22
  2.34275e-22
  2.69246e-22
  3.08271e-22
  3.51533e-22
  3.99984e-22
  4.54195e-22
  5.14530e-22
  5.81750e-22
  6.57139e-22
  7.41262e-22
  8.35653e-22
  9.41128e-22
  1.05951e-21
  1.19211e-21
  1.34184e-21
  1.50849e-21
  1.69542e-21
  1.90490e-21
  2.13993e-21
  2.40353e-21
  2.69922e-21
  3.03112e-21
  3.40339e-21
  3.82156e-21
  4.29039e-21
  4.81720e-21
  5.40724e-21
  6.07006e-21
  6.81155e-21
  7.64464e-21
  8.57631e-21
  9.62413e-21
  1.08044e-20
  1.21253e-20
  1.36013e-20
  1.52639e-20
  1.71220e-20
  1.92159e-20
  2.15553e-20
  2.41915e-20
  2.71376e-20
  3.04559e-20
  3.41658e-20
  3.83424e-20
  4.30143e-20
  4.82711e-20
  5.41543e-20
  6.07706e-20
  6.81789e-20
  7.65064e-20
  8.58353e-20
  9.63163e-20
  1.08064e-19
  1.21255e-19
  1.36048e-19
  1.52650e-19
  1.71278e-19
  1.92174e-19
  2.15630e-19
  2.41930e-19
  2.71467e-19
  3.04568e-19
  3.41761e-19
  3.83422e-19
  4.30256e-19
  4.82691e-19
  5.41665e-19
  6.07659e-19
  6.81921e-19
  7.64980e-19
  8.58491e-19
  9.63030e-19
  1.08078e-18
  1.21235e-18
  1.36062e-18
  1.52627e-18
  1.71292e-18
  1.92151e-18
  2.15643e-18
  2.41910e-18
  2.71477e-18
  3.04554e-18
  3.41768e-18
  3.83419e-18
  4.30257e-18
   Cooling for Wiersma, Schaye and Smith (2008).
   Redshift = 8.0 log(T) = 2-8 K, log(dT) = 0.05, log(n_H) = -6 , [Z/Zsol] = 
-3.0
