 -5.82589e-23
 -5.49508e-23
 -5.17312e-23
 -4.86552e-23
 -4.57106e-23
 -4.28968e-23
 -4.02122e-23
 -3.76620e-23
 -3.52336e-23
 -3.29296e-23
 -3.07371e-23
 -2.86652e-23
 -2.67032e-23
 -2.48508e-23
 -2.31016e-23
 -2.14539e-23
 -1.98959e-23
 -1.84426e-23
 -1.70709e-23
 -1.57849e-23
 -1.45851e-23
 -1.34446e-23
 -1.23943e-23
 -1.14123e-23
 -1.05004e-23
 -9.65218e-24
 -8.86147e-24
 -8.12422e-24
 -7.44154e-24
 -6.80210e-24
 -6.20611e-24
 -5.64616e-24
 -5.11988e-24
 -4.61823e-24
 -4.13249e-24
 -3.65860e-24
 -3.18973e-24
 -2.70669e-24
 -2.19177e-24
 -1.62988e-24
 -9.85823e-25
 -2.18458e-25
  7.75160e-25
  2.13900e-24
  4.17277e-24
  7.22267e-24
  1.17722e-23
  1.80791e-23
  2.59289e-23
  3.41432e-23
  4.13961e-23
  4.73703e-23
  5.30279e-23
  6.00955e-23
  7.08644e-23
  8.82190e-23
  1.15814e-22
  1.52743e-22
  1.86484e-22
  2.02950e-22
  2.04525e-22
  1.95694e-22
  1.82218e-22
  1.74408e-22
  1.73695e-22
  1.74510e-22
  1.74302e-22
  1.74337e-22
  1.67849e-22
  1.41182e-22
  1.03668e-22
  7.99882e-23
  6.96633e-23
  6.61943e-23
  6.43575e-23
  6.11025e-23
  5.64175e-23
  5.33772e-23
  5.30005e-23
  5.37973e-23
  5.38640e-23
  5.24592e-23
  5.00638e-23
  4.68599e-23
  4.25191e-23
  3.68059e-23
  3.07400e-23
  2.57728e-23
  2.22431e-23
  1.96649e-23
  1.77176e-23
  1.65115e-23
  1.57996e-23
  1.55769e-23
  1.57141e-23
  1.61064e-23
  1.66963e-23
  1.74359e-23
  1.82516e-23
  1.90569e-23
  1.97917e-23
  2.04775e-23
  2.10354e-23
  2.15066e-23
  2.20080e-23
  2.26752e-23
  2.36114e-23
  2.48213e-23
  2.63058e-23
  2.80298e-23
  3.00183e-23
  3.23740e-23
  3.50266e-23
  3.79566e-23
  4.12055e-23
  4.47789e-23
  4.87276e-23
  5.30657e-23
  5.78532e-23
  6.31122e-23
  6.89384e-23
   Cooling for Wiersma, Schaye and Smith (2008).
   Redshift = 4.0 log(T) = 2-8 K, log(dT) = 0.05, log(n_H) = -2 , [Z/Zsol] = 
****
