 -3.16332e-24
 -3.13673e-24
 -3.10823e-24
 -3.07881e-24
 -3.04850e-24
 -3.01722e-24
 -2.98501e-24
 -2.95179e-24
 -2.91758e-24
 -2.88232e-24
 -2.84603e-24
 -2.80862e-24
 -2.77012e-24
 -2.73047e-24
 -2.68968e-24
 -2.64770e-24
 -2.60452e-24
 -2.56011e-24
 -2.51444e-24
 -2.46748e-24
 -2.41920e-24
 -2.36950e-24
 -2.31842e-24
 -2.26594e-24
 -2.21201e-24
 -2.15664e-24
 -2.09974e-24
 -2.04135e-24
 -1.98141e-24
 -1.91997e-24
 -1.85691e-24
 -1.79205e-24
 -1.72548e-24
 -1.65730e-24
 -1.58739e-24
 -1.51575e-24
 -1.44302e-24
 -1.36090e-24
 -1.23900e-24
 -9.61602e-25
 -6.38709e-26
  2.63939e-24
  1.04894e-23
  2.90690e-23
  6.41806e-23
  1.01090e-22
  1.09149e-22
  9.42797e-23
  7.52303e-23
  5.99162e-23
  4.88458e-23
  4.01997e-23
  3.32121e-23
  2.86600e-23
  2.77130e-23
  3.30149e-23
  4.81366e-23
  7.14337e-23
  8.89785e-23
  8.80528e-23
  7.50269e-23
  6.00958e-23
  4.74362e-23
  3.77272e-23
  3.04393e-23
  2.49904e-23
  2.08453e-23
  1.76971e-23
  1.52256e-23
  1.32365e-23
  1.07746e-23
  9.54558e-24
  8.59653e-24
  7.86764e-24
  7.28733e-24
  6.76452e-24
  6.35059e-24
  6.03929e-24
  5.81049e-24
  5.64863e-24
  5.53378e-24
  5.48849e-24
  5.47782e-24
  5.49750e-24
  5.54066e-24
  5.60391e-24
  5.68683e-24
  5.79219e-24
  5.91871e-24
  6.06351e-24
  6.22792e-24
  6.46062e-24
  6.71767e-24
  6.99400e-24
  7.28878e-24
  7.60109e-24
  7.93035e-24
  8.27567e-24
  8.63673e-24
  9.01243e-24
  9.41159e-24
  9.90824e-24
  1.04399e-23
  1.09970e-23
  1.15813e-23
  1.21919e-23
  1.28308e-23
  1.34963e-23
  1.41900e-23
  1.49099e-23
  1.56732e-23
  1.65952e-23
  1.75822e-23
  1.86169e-23
  1.97036e-23
  2.08399e-23
  2.20296e-23
  2.32706e-23
  2.45663e-23
  2.59148e-23
  2.73423e-23
   Cooling for Wiersma, Schaye and Smith (2008).
   Redshift = 5.0 log(T) = 2-8 K, log(dT) = 0.05, log(n_H) = 0 , [Z/Zsol] = -3.0
