 -4.14554e-23
 -3.90522e-23
 -3.67131e-23
 -3.44674e-23
 -3.23072e-23
 -3.02196e-23
 -2.82233e-23
 -2.63259e-23
 -2.45133e-23
 -2.27891e-23
 -2.11339e-23
 -1.95753e-23
 -1.80976e-23
 -1.67014e-23
 -1.53819e-23
 -1.41373e-23
 -1.29648e-23
 -1.18626e-23
 -1.08261e-23
 -9.85359e-24
 -8.95000e-24
 -7.97686e-24
 -7.18495e-24
 -6.44825e-24
 -5.77112e-24
 -5.14814e-24
 -4.57293e-24
 -4.04194e-24
 -3.55446e-24
 -3.10217e-24
 -2.67764e-24
 -2.27272e-24
 -1.87828e-24
 -1.48217e-24
 -1.05856e-24
 -6.07628e-25
 -9.54697e-26
  5.26153e-25
  1.31943e-24
  2.32936e-24
  3.64639e-24
  5.31813e-24
  7.54226e-24
  1.05008e-23
  1.45700e-23
  2.01397e-23
  2.78324e-23
  3.80340e-23
  5.09725e-23
  6.58852e-23
  8.18356e-23
  9.89064e-23
  1.18651e-22
  1.43107e-22
  1.74411e-22
  2.15060e-22
  2.68872e-22
  3.35449e-22
  4.02967e-22
  4.54740e-22
  4.86019e-22
  4.89467e-22
  4.74123e-22
  4.70449e-22
  4.84153e-22
  4.99088e-22
  5.08289e-22
  5.15981e-22
  5.01005e-22
  4.20091e-22
  3.05715e-22
  2.32833e-22
  2.01873e-22
  1.92248e-22
  1.87821e-22
  1.78551e-22
  1.64440e-22
  1.55295e-22
  1.54421e-22
  1.57137e-22
  1.57505e-22
  1.52965e-22
  1.45190e-22
  1.34766e-22
  1.20698e-22
  1.02304e-22
  8.26702e-23
  6.63279e-23
  5.44605e-23
  4.54881e-23
  3.81363e-23
  3.24651e-23
  2.84385e-23
  2.60446e-23
  2.44541e-23
  2.34987e-23
  2.30055e-23
  2.32668e-23
  2.35379e-23
  2.38397e-23
  2.40815e-23
  2.43691e-23
  2.41986e-23
  2.35568e-23
  2.24715e-23
  2.14351e-23
  2.07610e-23
  2.04151e-23
  2.02659e-23
  2.03462e-23
  2.06367e-23
  2.11476e-23
  2.19010e-23
  2.27687e-23
  2.37451e-23
  2.48135e-23
  2.59716e-23
  2.71997e-23
  2.85115e-23
  2.98836e-23
  3.13400e-23
   Cooling for Wiersma, Schaye and Smith (2008).
   Redshift = 0.0 log(T) = 2-8 K, log(dT) = 0.05, log(n_H) = -3 , [Z/Zsol] = 0.0
