 -1.01986e-22
 -9.64599e-23
 -9.12517e-23
 -8.62901e-23
 -8.15906e-23
 -7.71811e-23
 -7.30009e-23
 -6.90461e-23
 -6.52702e-23
 -6.17087e-23
 -5.83183e-23
 -5.50864e-23
 -5.20192e-23
 -4.91177e-23
 -4.63511e-23
 -4.37115e-23
 -4.12043e-23
 -3.88308e-23
 -3.65662e-23
 -3.44087e-23
 -3.23484e-23
 -3.03953e-23
 -2.85468e-23
 -2.67889e-23
 -2.51194e-23
 -2.35278e-23
 -2.20101e-23
 -2.05714e-23
 -1.92137e-23
 -1.79242e-23
 -1.67030e-23
 -1.55416e-23
 -1.44362e-23
 -1.33899e-23
 -1.24078e-23
 -1.14642e-23
 -1.05842e-23
 -9.74780e-24
 -8.95034e-24
 -8.20053e-24
 -7.48569e-24
 -6.81100e-24
 -6.16515e-24
 -5.55462e-24
 -4.96662e-24
 -4.40488e-24
 -3.85445e-24
 -3.31262e-24
 -2.77417e-24
 -2.22551e-24
 -1.66129e-24
 -1.06998e-24
 -4.42897e-25
  2.40396e-25
  1.02860e-24
  2.01945e-24
  3.36363e-24
  5.28587e-24
  8.00846e-24
  1.16301e-23
  1.58424e-23
  1.97769e-23
  2.24336e-23
  2.33120e-23
  2.27025e-23
  2.12900e-23
  1.96743e-23
  1.81894e-23
  1.69683e-23
  1.60655e-23
  1.49164e-23
  1.46136e-23
  1.45640e-23
  1.47627e-23
  1.51746e-23
  1.57459e-23
  1.65384e-23
  1.75634e-23
  1.88081e-23
  2.02924e-23
  2.20152e-23
  2.40372e-23
  2.63387e-23
  2.89569e-23
  3.19094e-23
  3.52434e-23
  3.89876e-23
  4.31990e-23
  4.79199e-23
  5.32184e-23
  5.91583e-23
  6.58699e-23
  7.33927e-23
  8.18175e-23
  9.12571e-23
  1.01822e-22
  1.13664e-22
  1.26912e-22
  1.41769e-22
  1.58383e-22
  1.77037e-22
  1.97971e-22
  2.21490e-22
  2.47771e-22
  2.77302e-22
  3.10287e-22
  3.47374e-22
  3.88785e-22
  4.35373e-22
  4.87374e-22
  5.45926e-22
  6.11409e-22
  6.85144e-22
  7.67477e-22
  8.60124e-22
  9.63636e-22
  1.08006e-21
  1.21022e-21
  1.35656e-21
  1.52024e-21
  1.70422e-21
   Cooling for Wiersma, Schaye and Smith (2008).
   Redshift = 3.0 log(T) = 2-8 K, log(dT) = 0.05, log(n_H) = -4 , [Z/Zsol] = 
-Inf
