 -8.14860e-23
 -7.65291e-23
 -7.18829e-23
 -6.76067e-23
 -6.35381e-23
 -5.97957e-23
 -5.62345e-23
 -5.29397e-23
 -4.98428e-23
 -4.69429e-23
 -4.42450e-23
 -4.17034e-23
 -3.93341e-23
 -3.71030e-23
 -3.50249e-23
 -3.30638e-23
 -3.12339e-23
 -2.95165e-23
 -2.78977e-23
 -2.63756e-23
 -2.49442e-23
 -2.35977e-23
 -2.23310e-23
 -2.11272e-23
 -1.99834e-23
 -1.89008e-23
 -1.78770e-23
 -1.69029e-23
 -1.59745e-23
 -1.50849e-23
 -1.42279e-23
 -1.34033e-23
 -1.26155e-23
 -1.18499e-23
 -1.11029e-23
 -1.03688e-23
 -9.64993e-24
 -8.93719e-24
 -8.22235e-24
 -7.50449e-24
 -6.78115e-24
 -6.04128e-24
 -5.27483e-24
 -4.47281e-24
 -3.61651e-24
 -2.68488e-24
 -1.64643e-24
 -4.76555e-25
  8.70211e-25
  2.42268e-24
  4.23593e-24
  6.34397e-24
  8.83272e-24
  1.18534e-23
  1.57650e-23
  2.12706e-23
  2.94901e-23
  4.14764e-23
  5.67501e-23
  7.12311e-23
  7.98477e-23
  8.17076e-23
  8.00504e-23
  7.73766e-23
  7.48426e-23
  7.25977e-23
  7.10751e-23
  7.05865e-23
  7.12832e-23
  7.29618e-23
  7.49321e-23
  7.89666e-23
  8.43173e-23
  9.07583e-23
  9.82954e-23
  1.07135e-22
  1.17498e-22
  1.29647e-22
  1.43394e-22
  1.58794e-22
  1.75896e-22
  1.94712e-22
  2.15522e-22
  2.38503e-22
  2.63964e-22
  2.92729e-22
  3.25456e-22
  3.62872e-22
  4.05262e-22
  4.53197e-22
  5.07138e-22
  5.67879e-22
  6.36159e-22
  7.12838e-22
  7.98974e-22
  8.95640e-22
  1.00418e-21
  1.12585e-21
  1.26257e-21
  1.41569e-21
  1.58781e-21
  1.78054e-21
  1.99724e-21
  2.23968e-21
  2.51245e-21
  2.81749e-21
  3.16090e-21
  3.54478e-21
  3.97714e-21
  4.46022e-21
  5.00457e-21
  5.61281e-21
  6.29851e-21
  7.06436e-21
  7.92682e-21
  8.89107e-21
  9.97639e-21
  1.11904e-20
  1.25562e-20
  1.40848e-20
  1.58036e-20
   Cooling for Wiersma, Schaye and Smith (2008).
   Redshift = 6.0 log(T) = 2-8 K, log(dT) = 0.05, log(n_H) = -4 , [Z/Zsol] = 
-1.0
