 -6.69996e-23
 -6.27012e-23
 -5.86733e-23
 -5.48492e-23
 -5.12526e-23
 -4.79097e-23
 -4.47577e-23
 -4.17818e-23
 -3.89914e-23
 -3.63806e-23
 -3.39412e-23
 -3.16521e-23
 -2.95037e-23
 -2.74917e-23
 -2.56067e-23
 -2.38493e-23
 -2.22066e-23
 -2.06677e-23
 -1.92198e-23
 -1.78823e-23
 -1.66183e-23
 -1.54446e-23
 -1.43458e-23
 -1.33182e-23
 -1.23601e-23
 -1.14623e-23
 -1.06232e-23
 -9.84148e-24
 -9.10650e-24
 -8.42394e-24
 -7.78026e-24
 -7.17795e-24
 -6.61609e-24
 -6.08456e-24
 -5.59051e-24
 -5.12341e-24
 -4.68391e-24
 -4.27130e-24
 -3.87874e-24
 -3.50649e-24
 -3.14966e-24
 -2.79403e-24
 -2.42473e-24
 -2.00140e-24
 -1.45642e-24
 -6.95346e-25
  4.28817e-25
  2.04576e-24
  4.26353e-24
  6.99376e-24
  9.92720e-24
  1.25551e-23
  1.45993e-23
  1.64326e-23
  1.94807e-23
  2.65404e-23
  4.11573e-23
  6.32551e-23
  8.21160e-23
  8.49451e-23
  7.50217e-23
  6.18233e-23
  5.01605e-23
  4.11411e-23
  3.44481e-23
  2.95874e-23
  2.60631e-23
  2.35860e-23
  2.18553e-23
  2.07114e-23
  1.92117e-23
  1.90395e-23
  1.92602e-23
  1.98431e-23
  2.07256e-23
  2.18507e-23
  2.32795e-23
  2.50436e-23
  2.71336e-23
  2.95810e-23
  3.23844e-23
  3.56227e-23
  3.92868e-23
  4.34387e-23
  4.81085e-23
  5.33726e-23
  5.92823e-23
  6.59339e-23
  7.33974e-23
  8.17809e-23
  9.11838e-23
  1.01785e-22
  1.13675e-22
  1.27002e-22
  1.41945e-22
  1.58682e-22
  1.77457e-22
  1.98475e-22
  2.22064e-22
  2.48459e-22
  2.78108e-22
  3.11352e-22
  3.48716e-22
  3.90490e-22
  4.37455e-22
  4.89940e-22
  5.48980e-22
  6.14935e-22
  6.89167e-22
  7.72059e-22
  8.65422e-22
  9.69797e-22
  1.08736e-21
  1.21866e-21
  1.36647e-21
  1.53165e-21
  1.71750e-21
  1.92532e-21
  2.15903e-21
  2.42051e-21
  2.71445e-21
   Cooling for Wiersma, Schaye and Smith (2008).
   Redshift = 7.0 log(T) = 2-8 K, log(dT) = 0.05, log(n_H) = -3 , [Z/Zsol] = 
-3.0
