 -4.87561e-23
 -4.64050e-23
 -4.40659e-23
 -4.18041e-23
 -3.96159e-23
 -3.75069e-23
 -3.54732e-23
 -3.35187e-23
 -3.16394e-23
 -2.98383e-23
 -2.81115e-23
 -2.64610e-23
 -2.48830e-23
 -2.33784e-23
 -2.19440e-23
 -2.05793e-23
 -1.92815e-23
 -1.80495e-23
 -1.68806e-23
 -1.57729e-23
 -1.47243e-23
 -1.37319e-23
 -1.27942e-23
 -1.19083e-23
 -1.10729e-23
 -1.02845e-23
 -9.53965e-24
 -8.84190e-24
 -8.18188e-24
 -7.55924e-24
 -6.97953e-24
 -6.43363e-24
 -5.91736e-24
 -5.43113e-24
 -4.97845e-24
 -4.55246e-24
 -4.15098e-24
 -3.77344e-24
 -3.41678e-24
 -3.07400e-24
 -2.72247e-24
 -2.30521e-24
 -1.68455e-24
 -6.19685e-25
  1.36963e-24
  4.85542e-24
  1.04618e-23
  1.78735e-23
  2.52643e-23
  2.99846e-23
  3.08279e-23
  2.89986e-23
  2.62505e-23
  2.43111e-23
  2.49572e-23
  3.10688e-23
  4.62864e-23
  6.94345e-23
  8.72284e-23
  8.69207e-23
  7.43506e-23
  5.96489e-23
  4.71120e-23
  3.74626e-23
  3.01998e-23
  2.47712e-23
  2.06535e-23
  1.75360e-23
  1.51210e-23
  1.32607e-23
  1.09688e-23
  9.87393e-24
  9.02352e-24
  8.38018e-24
  7.88935e-24
  7.47149e-24
  7.17883e-24
  6.99750e-24
  6.90462e-24
  6.89208e-24
  6.94705e-24
  7.09778e-24
  7.30922e-24
  7.58035e-24
  7.90750e-24
  8.29267e-24
  8.73522e-24
  9.23879e-24
  9.80513e-24
  1.04394e-23
  1.11498e-23
  1.19926e-23
  1.29318e-23
  1.39716e-23
  1.51220e-23
  1.63928e-23
  1.77980e-23
  1.93488e-23
  2.10643e-23
  2.29575e-23
  2.50629e-23
  2.74705e-23
  3.01520e-23
  3.31152e-23
  3.64070e-23
  4.00455e-23
  4.40924e-23
  4.85672e-23
  5.35510e-23
  5.90643e-23
  6.52290e-23
  7.21852e-23
  7.99715e-23
  8.86045e-23
  9.82485e-23
  1.08953e-22
  1.20913e-22
  1.34202e-22
  1.49054e-22
  1.65574e-22
  1.84062e-22
   Cooling for Wiersma, Schaye and Smith (2008).
   Redshift = 6.0 log(T) = 2-8 K, log(dT) = 0.05, log(n_H) = -2 , [Z/Zsol] = 
-Inf
