 -6.74016e-23
 -6.30403e-23
 -5.89443e-23
 -5.50463e-23
 -5.13709e-23
 -4.79396e-23
 -4.46998e-23
 -4.16367e-23
 -3.87597e-23
 -3.60648e-23
 -3.35418e-23
 -3.11748e-23
 -2.89536e-23
 -2.68747e-23
 -2.49293e-23
 -2.31177e-23
 -2.14288e-23
 -1.98477e-23
 -1.83709e-23
 -1.70039e-23
 -1.57213e-23
 -1.45310e-23
 -1.34245e-23
 -1.24010e-23
 -1.14454e-23
 -1.05623e-23
 -9.73630e-24
 -8.97636e-24
 -8.26096e-24
 -7.60167e-24
 -6.98241e-24
 -6.40056e-24
 -5.85638e-24
 -5.33154e-24
 -4.82955e-24
 -4.33733e-24
 -3.84866e-24
 -3.35202e-24
 -2.82701e-24
 -2.26733e-24
 -1.65051e-24
 -9.56447e-25
 -1.30413e-25
  8.89250e-25
  2.23820e-24
  4.05556e-24
  6.57175e-24
  9.98955e-24
  1.45419e-23
  2.02684e-23
  2.70084e-23
  3.43410e-23
  4.21549e-23
  5.08864e-23
  6.20612e-23
  7.85404e-23
  1.03975e-22
  1.38438e-22
  1.71059e-22
  1.87955e-22
  1.90136e-22
  1.83546e-22
  1.73630e-22
  1.67752e-22
  1.67466e-22
  1.68693e-22
  1.68602e-22
  1.66851e-22
  1.58800e-22
  1.35533e-22
  1.04774e-22
  8.57838e-23
  7.81094e-23
  7.62399e-23
  7.57438e-23
  7.40355e-23
  7.15746e-23
  7.11134e-23
  7.32895e-23
  7.67023e-23
  7.96420e-23
  8.15140e-23
  8.27784e-23
  8.36004e-23
  8.37259e-23
  8.31296e-23
  8.29135e-23
  8.45493e-23
  8.83687e-23
  9.39910e-23
  1.01134e-22
  1.09974e-22
  1.20591e-22
  1.33138e-22
  1.47542e-22
  1.63931e-22
  1.82499e-22
  2.03542e-22
  2.27156e-22
  2.53650e-22
  2.83328e-22
  3.16582e-22
  3.53808e-22
  3.95296e-22
  4.41842e-22
  4.93931e-22
  5.52697e-22
  6.18488e-22
  6.92627e-22
  7.75510e-22
  8.68939e-22
  9.73425e-22
  1.09118e-21
  1.22274e-21
  1.37084e-21
  1.53639e-21
  1.72265e-21
  1.93094e-21
  2.16519e-21
  2.42728e-21
  2.72191e-21
   Cooling for Wiersma, Schaye and Smith (2008).
   Redshift = 7.0 log(T) = 2-8 K, log(dT) = 0.05, log(n_H) = -3 , [Z/Zsol] = 
****
