  7.04655e-35
  8.41053e-35
  9.95818e-35
  1.17145e-34
  1.36850e-34
  1.59136e-34
  1.84096e-34
  2.12026e-34
  2.42938e-34
  2.76809e-34
  3.14087e-34
  3.55095e-34
  3.99915e-34
  4.49021e-34
  5.02708e-34
  5.61464e-34
  6.05330e-34
  6.87351e-34
  7.67562e-34
  7.66554e-34
  1.15526e-33
  1.91913e-33
  3.11070e-33
  1.55815e-33
  1.47310e-33
  8.31731e-33
  1.94192e-32
  2.52164e-33
  4.78828e-33
  1.38022e-32
  1.09888e-32
  5.07986e-33
  9.85450e-32
  5.74998e-31
  4.77722e-31
  9.03162e-31
  6.13438e-30
  2.79822e-29
  1.42535e-28
  8.46320e-28
  1.17396e-26
  1.91328e-25
  2.96753e-24
  2.37068e-23
  8.54973e-23
  1.30034e-22
  1.22030e-22
  9.78311e-23
  7.70700e-23
  6.28159e-23
  5.22434e-23
  4.32432e-23
  3.61063e-23
  3.17603e-23
  3.12661e-23
  3.71527e-23
  5.29462e-23
  7.70545e-23
  9.54812e-23
  9.54466e-23
  8.32837e-23
  6.90421e-23
  5.69402e-23
  4.79532e-23
  4.16192e-23
  3.72021e-23
  3.41272e-23
  3.21567e-23
  3.07937e-23
  2.94533e-23
  2.74959e-23
  2.73252e-23
  2.80254e-23
  2.93746e-23
  3.11799e-23
  3.32960e-23
  3.58067e-23
  3.88355e-23
  4.24386e-23
  4.66093e-23
  5.13302e-23
  5.66660e-23
  6.26685e-23
  6.94197e-23
  7.69941e-23
  8.54829e-23
  9.50285e-23
  1.05803e-22
  1.17960e-22
  1.31643e-22
  1.47023e-22
  1.64351e-22
  1.83812e-22
  2.05652e-22
  2.30152e-22
  2.57632e-22
  2.88448e-22
  3.23003e-22
  3.61748e-22
  4.05190e-22
  4.53905e-22
  5.08608e-22
  5.69955e-22
  6.38744e-22
  7.15887e-22
  8.02402e-22
  8.99434e-22
  1.00826e-21
  1.13032e-21
  1.26721e-21
  1.42077e-21
  1.59313e-21
  1.78648e-21
  2.00335e-21
  2.24660e-21
  2.51945e-21
  2.82552e-21
  3.16883e-21
  3.55394e-21
  3.98593e-21
  4.47055e-21
   Cooling for Wiersma, Schaye and Smith (2008).
   z > 11 (photodis) log(T) = 2-8 K, log(dT) = 0.05, log(n_H) = -1 , [Z/Zsol] = 
-2.0
