 -7.89813e-23
 -7.34399e-23
 -6.81647e-23
 -6.32004e-23
 -5.84401e-23
 -5.39413e-23
 -4.97006e-23
 -4.56669e-23
 -4.18896e-23
 -3.83985e-23
 -3.50936e-23
 -3.19755e-23
 -2.90295e-23
 -2.62952e-23
 -2.37445e-23
 -2.13937e-23
 -1.91253e-23
 -1.70552e-23
 -1.51467e-23
 -1.34143e-23
 -1.18302e-23
 -1.03489e-23
 -8.97650e-24
 -7.72929e-24
 -6.60549e-24
 -5.58928e-24
 -4.67871e-24
 -3.84743e-24
 -3.06987e-24
 -2.39366e-24
 -1.77576e-24
 -1.20621e-24
 -6.90751e-25
 -1.79311e-25
  4.05769e-25
  1.07363e-24
  1.88171e-24
  2.91357e-24
  4.32040e-24
  6.16903e-24
  8.48454e-24
  1.13805e-23
  1.51859e-23
  2.02030e-23
  2.70374e-23
  3.62270e-23
  4.86418e-23
  6.50079e-23
  8.66542e-23
  1.14890e-22
  1.51439e-22
  1.97546e-22
  2.54688e-22
  3.23728e-22
  4.05695e-22
  5.00881e-22
  6.09948e-22
  7.32882e-22
  8.67072e-22
  9.99463e-22
  1.10917e-21
  1.17677e-21
  1.21589e-21
  1.26268e-21
  1.33225e-21
  1.39730e-21
  1.43848e-21
  1.44798e-21
  1.37937e-21
  1.15373e-21
  8.63251e-22
  6.78053e-22
  5.99847e-22
  5.75291e-22
  5.61087e-22
  5.31953e-22
  4.92384e-22
  4.69836e-22
  4.70515e-22
  4.79956e-22
  4.81247e-22
  4.67608e-22
  4.43815e-22
  4.10829e-22
  3.65791e-22
  3.07531e-22
  2.46421e-22
  1.96186e-22
  1.59915e-22
  1.32612e-22
  1.10359e-22
  9.32248e-23
  8.11220e-23
  7.40828e-23
  6.95497e-23
  6.70525e-23
  6.60727e-23
  6.75511e-23
  6.91611e-23
  7.09928e-23
  7.27433e-23
  7.46684e-23
  7.53109e-23
  7.46855e-23
  7.29512e-23
  7.16813e-23
  7.19169e-23
  7.35672e-23
  7.62997e-23
  8.02452e-23
  8.54211e-23
  9.16402e-23
  9.93163e-23
  1.08122e-22
  1.18205e-22
  1.29575e-22
  1.42424e-22
  1.56779e-22
  1.72925e-22
  1.90912e-22
  2.11057e-22
   Cooling for Wiersma, Schaye and Smith (2008).
   Redshift = 3.0 log(T) = 2-8 K, log(dT) = 0.05, log(n_H) = -3 , [Z/Zsol] = 
0.50
