 -3.93228e-23
 -3.77217e-23
 -3.60836e-23
 -3.44783e-23
 -3.29069e-23
 -3.13733e-23
 -2.98769e-23
 -2.84212e-23
 -2.70053e-23
 -2.56323e-23
 -2.43012e-23
 -2.30142e-23
 -2.17704e-23
 -2.05716e-23
 -1.94167e-23
 -1.83068e-23
 -1.72405e-23
 -1.62184e-23
 -1.52397e-23
 -1.43038e-23
 -1.34100e-23
 -1.25568e-23
 -1.17441e-23
 -1.09705e-23
 -1.02353e-23
 -9.53658e-24
 -8.87398e-24
 -8.24528e-24
 -7.65042e-24
 -7.08679e-24
 -6.55432e-24
 -6.04942e-24
 -5.57300e-24
 -5.12231e-24
 -4.69726e-24
 -4.29527e-24
 -3.91622e-24
 -3.55694e-24
 -3.21676e-24
 -2.88077e-24
 -2.51055e-24
 -2.01549e-24
 -1.16041e-24
  4.65418e-25
  3.66216e-24
  9.28444e-24
  1.79264e-23
  2.80273e-23
  3.57750e-23
  3.83155e-23
  3.62652e-23
  3.23234e-23
  2.83854e-23
  2.58701e-23
  2.62120e-23
  3.22189e-23
  4.75740e-23
  7.09564e-23
  8.86989e-23
  8.80836e-23
  7.52915e-23
  6.05003e-23
  4.79369e-23
  3.83095e-23
  3.11029e-23
  2.57409e-23
  2.16911e-23
  1.86483e-23
  1.62939e-23
  1.44380e-23
  1.21265e-23
  1.10649e-23
  1.03019e-23
  9.78222e-24
  9.43534e-24
  9.17557e-24
  9.05568e-24
  9.07556e-24
  9.21690e-24
  9.47165e-24
  9.82279e-24
  1.03018e-23
  1.08779e-23
  1.15575e-23
  1.23395e-23
  1.32332e-23
  1.42465e-23
  1.53972e-23
  1.66953e-23
  1.81555e-23
  1.97952e-23
  2.16841e-23
  2.37988e-23
  2.61592e-23
  2.87933e-23
  3.17286e-23
  3.50035e-23
  3.86501e-23
  4.27204e-23
  4.72511e-23
  5.23212e-23
  5.80472e-23
  6.44604e-23
  7.15992e-23
  7.95897e-23
  8.84840e-23
  9.84489e-23
  1.09540e-22
  1.21977e-22
  1.35819e-22
  1.51370e-22
  1.68812e-22
  1.88414e-22
  2.10252e-22
  2.34768e-22
  2.62101e-22
  2.92778e-22
  3.27008e-22
  3.65418e-22
  4.08306e-22
  4.56445e-22
   Cooling for Wiersma, Schaye and Smith (2008).
   Redshift = 8.0 log(T) = 2-8 K, log(dT) = 0.05, log(n_H) = -2 , [Z/Zsol] = 
-3.0
