 -9.56947e-23
 -9.13133e-23
 -8.71344e-23
 -8.31893e-23
 -7.94220e-23
 -7.58293e-23
 -7.23920e-23
 -6.90768e-23
 -6.58916e-23
 -6.28929e-23
 -5.99842e-23
 -5.71717e-23
 -5.44695e-23
 -5.18814e-23
 -4.93782e-23
 -4.69441e-23
 -4.46080e-23
 -4.23662e-23
 -4.01968e-23
 -3.80948e-23
 -3.60740e-23
 -3.41321e-23
 -3.22526e-23
 -3.04363e-23
 -2.87016e-23
 -2.70283e-23
 -2.54089e-23
 -2.38692e-23
 -2.24104e-23
 -2.10195e-23
 -1.97002e-23
 -1.84365e-23
 -1.72355e-23
 -1.60951e-23
 -1.50218e-23
 -1.39973e-23
 -1.30171e-23
 -1.20687e-23
 -1.11754e-23
 -1.03134e-23
 -9.47220e-24
 -8.65072e-24
 -7.82885e-24
 -6.99154e-24
 -6.10777e-24
 -5.13370e-24
 -4.02751e-24
 -2.74441e-24
 -1.19977e-24
  6.16993e-25
  2.98576e-24
  5.74078e-24
  9.15833e-24
  1.32688e-23
  1.81853e-23
  2.41277e-23
  3.12697e-23
  3.99146e-23
  5.02125e-23
  6.20151e-23
  7.46861e-23
  8.67612e-23
  9.63407e-23
  1.03228e-22
  1.06257e-22
  1.05586e-22
  1.01803e-22
  9.46676e-23
  8.49120e-23
  7.36494e-23
  6.30934e-23
  5.56307e-23
  5.26241e-23
  4.99085e-23
  4.80148e-23
  4.67516e-23
  4.55008e-23
  4.64963e-23
  4.70260e-23
  4.76526e-23
  4.78340e-23
  4.66533e-23
  4.44064e-23
  4.10833e-23
  3.66098e-23
  3.12166e-23
  2.61325e-23
  2.22280e-23
  1.96559e-23
  1.77919e-23
  1.63648e-23
  1.54080e-23
  1.48565e-23
  1.46382e-23
  1.46846e-23
  1.49541e-23
  1.54739e-23
  1.61490e-23
  1.70058e-23
  1.80079e-23
  1.91233e-23
  2.03771e-23
  2.16743e-23
  2.30069e-23
  2.44291e-23
  2.60022e-23
  2.77974e-23
  2.98357e-23
  3.21524e-23
  3.47447e-23
  3.76682e-23
  4.10425e-23
  4.48235e-23
  4.90019e-23
  5.36468e-23
  5.87738e-23
  6.44649e-23
  7.07472e-23
  7.77174e-23
  8.54154e-23
  9.39806e-23
   Cooling for Wiersma, Schaye and Smith (2008).
   Redshift = 0.0 log(T) = 2-8 K, log(dT) = 0.05, log(n_H) = -5 , [Z/Zsol] = 
****
