 -1.36249e-22
 -1.29846e-22
 -1.23737e-22
 -1.17912e-22
 -1.12332e-22
 -1.07019e-22
 -1.01925e-22
 -9.70195e-23
 -9.23295e-23
 -8.77959e-23
 -8.34433e-23
 -7.92816e-23
 -7.52646e-23
 -7.13802e-23
 -6.76426e-23
 -6.40610e-23
 -6.06001e-23
 -5.72469e-23
 -5.40174e-23
 -5.08963e-23
 -4.78784e-23
 -4.49657e-23
 -4.21533e-23
 -3.94226e-23
 -3.67682e-23
 -3.41861e-23
 -3.16702e-23
 -2.92156e-23
 -2.68185e-23
 -2.44610e-23
 -2.21307e-23
 -1.98298e-23
 -1.75285e-23
 -1.52390e-23
 -1.29321e-23
 -1.05948e-23
 -8.21808e-24
 -5.77612e-24
 -3.25583e-24
 -6.35805e-25
  2.11389e-24
  5.00870e-24
  8.09397e-24
  1.13757e-23
  1.49179e-23
  1.87352e-23
  2.28805e-23
  2.74144e-23
  3.23829e-23
  3.78266e-23
  4.38677e-23
  5.05214e-23
  5.79346e-23
  6.61688e-23
  7.54530e-23
  8.58991e-23
  9.78326e-23
  1.11629e-22
  1.27670e-22
  1.46313e-22
  1.67336e-22
  1.90356e-22
  2.14800e-22
  2.40079e-22
  2.66753e-22
  2.95892e-22
  3.28339e-22
  3.65074e-22
  4.06533e-22
  4.53623e-22
  5.06336e-22
  5.66384e-22
  6.33753e-22
  7.09897e-22
  7.95138e-22
  8.91288e-22
  9.98873e-22
  1.12017e-21
  1.25588e-21
  1.40873e-21
  1.57977e-21
  1.77230e-21
  1.98780e-21
  2.23018e-21
  2.50159e-21
  2.80669e-21
  3.14850e-21
  3.53251e-21
  3.96292e-21
  4.44624e-21
  4.98822e-21
  5.59656e-21
  6.27908e-21
  7.04472e-21
  7.90414e-21
  8.86774e-21
  9.94989e-21
  1.11626e-20
  1.25252e-20
  1.40515e-20
  1.57673e-20
  1.76883e-20
  1.98489e-20
  2.22666e-20
  2.49872e-20
  2.80300e-20
  3.14556e-20
  3.52852e-20
  3.95987e-20
  4.44185e-20
  4.98499e-20
  5.59180e-20
  6.27554e-20
  7.03964e-20
  7.90020e-20
  8.86239e-20
  9.94547e-20
  1.11571e-19
  1.25203e-19
  1.40459e-19
  1.57616e-19
   Cooling for Wiersma, Schaye and Smith (2008).
   Redshift = 6.0 log(T) = 2-8 K, log(dT) = 0.05, log(n_H) = -5 , [Z/Zsol] = 
-3.0
