 -1.56569e-22
 -1.46979e-22
 -1.38047e-22
 -1.29530e-22
 -1.21469e-22
 -1.13909e-22
 -1.06677e-22
 -9.99583e-23
 -9.35284e-23
 -8.75503e-23
 -8.18390e-23
 -7.65239e-23
 -7.14921e-23
 -6.67466e-23
 -6.23365e-23
 -5.81421e-23
 -5.42131e-23
 -5.05567e-23
 -4.70862e-23
 -4.38318e-23
 -4.08189e-23
 -3.79568e-23
 -3.52731e-23
 -3.27550e-23
 -3.04048e-23
 -2.82081e-23
 -2.61319e-23
 -2.41843e-23
 -2.23565e-23
 -2.06374e-23
 -1.90306e-23
 -1.75176e-23
 -1.60847e-23
 -1.47302e-23
 -1.34521e-23
 -1.22389e-23
 -1.10886e-23
 -9.99143e-24
 -8.94315e-24
 -7.93524e-24
 -6.96736e-24
 -6.02434e-24
 -5.10210e-24
 -4.19620e-24
 -3.30075e-24
 -2.40840e-24
 -1.51179e-24
 -6.03368e-25
  3.25754e-25
  1.28371e-24
  2.28132e-24
  3.33256e-24
  4.44548e-24
  5.63239e-24
  6.91165e-24
  8.30653e-24
  9.84871e-24
  1.15798e-23
  1.35463e-23
  1.58032e-23
  1.83917e-23
  2.13555e-23
  2.46734e-23
  2.83096e-23
  3.21810e-23
  3.62196e-23
  4.03854e-23
  4.47179e-23
  4.92994e-23
  5.42780e-23
  5.96357e-23
  6.58165e-23
  7.27575e-23
  8.06394e-23
  8.95091e-23
  9.95220e-23
  1.10795e-22
  1.23571e-22
  1.37916e-22
  1.54120e-22
  1.72286e-22
  1.92793e-22
  2.15769e-22
  2.41628e-22
  2.70595e-22
  3.03164e-22
  3.39654e-22
  3.80650e-22
  4.26596e-22
  4.78185e-22
  5.36031e-22
  6.00998e-22
  6.73878e-22
  7.55619e-22
  8.47356e-22
  9.50194e-22
  1.06566e-21
  1.19505e-21
  1.34039e-21
  1.50317e-21
  1.68614e-21
  1.89103e-21
  2.12146e-21
  2.37927e-21
  2.66934e-21
  2.99373e-21
  3.35889e-21
  3.76706e-21
  4.22675e-21
  4.74036e-21
  5.31910e-21
  5.96573e-21
  6.69431e-21
  7.50846e-21
  8.42530e-21
  9.45036e-21
  1.06041e-20
  1.18947e-20
  1.33467e-20
  1.49716e-20
  1.67988e-20
   Cooling for Wiersma, Schaye and Smith (2008).
   Redshift = 3.0 log(T) = 2-8 K, log(dT) = 0.05, log(n_H) = -5 , [Z/Zsol] = 
-Inf
