 -5.07355e-23
 -4.78927e-23
 -4.51304e-23
 -4.24878e-23
 -3.99550e-23
 -3.75312e-23
 -3.52163e-23
 -3.30155e-23
 -3.09177e-23
 -2.89254e-23
 -2.70270e-23
 -2.52316e-23
 -2.35295e-23
 -2.19206e-23
 -2.03992e-23
 -1.89638e-23
 -1.76099e-23
 -1.63303e-23
 -1.51320e-23
 -1.40039e-23
 -1.29486e-23
 -1.19267e-23
 -1.09983e-23
 -1.01295e-23
 -9.31974e-24
 -8.56443e-24
 -7.86058e-24
 -7.20389e-24
 -6.59302e-24
 -6.02221e-24
 -5.48900e-24
 -4.98696e-24
 -4.51080e-24
 -4.05682e-24
 -3.61733e-24
 -3.18829e-24
 -2.75942e-24
 -2.31304e-24
 -1.82880e-24
 -1.29119e-24
 -6.63151e-25
  9.74346e-26
  1.10049e-24
  2.49930e-24
  4.60157e-24
  7.77537e-24
  1.25176e-23
  1.90561e-23
  2.71085e-23
  3.53918e-23
  4.25012e-23
  4.82456e-23
  5.37365e-23
  6.07617e-23
  7.14423e-23
  8.85940e-23
  1.15714e-22
  1.52096e-22
  1.85819e-22
  2.02820e-22
  2.04879e-22
  1.96195e-22
  1.82675e-22
  1.74858e-22
  1.74206e-22
  1.75079e-22
  1.74967e-22
  1.75215e-22
  1.68910e-22
  1.42032e-22
  1.04071e-22
  8.01113e-23
  6.96579e-23
  6.61422e-23
  6.42933e-23
  6.10192e-23
  5.62782e-23
  5.31691e-23
  5.27376e-23
  5.34918e-23
  5.35154e-23
  5.20585e-23
  4.96054e-23
  4.63428e-23
  4.19404e-23
  3.61536e-23
  2.99956e-23
  2.49205e-23
  2.12724e-23
  1.85643e-23
  1.64722e-23
  1.51056e-23
  1.42162e-23
  1.37963e-23
  1.37133e-23
  1.38596e-23
  1.41736e-23
  1.46043e-23
  1.50735e-23
  1.54907e-23
  1.57883e-23
  1.59859e-23
  1.59947e-23
  1.58513e-23
  1.56610e-23
  1.55542e-23
  1.56189e-23
  1.58549e-23
  1.62425e-23
  1.67410e-23
  1.73486e-23
  1.81616e-23
  1.90759e-23
  2.00633e-23
  2.11244e-23
  2.22516e-23
  2.34468e-23
  2.47046e-23
  2.60265e-23
  2.74067e-23
  2.88711e-23
   Cooling for Wiersma, Schaye and Smith (2008).
   Redshift = 1.0 log(T) = 2-8 K, log(dT) = 0.05, log(n_H) = -2 , [Z/Zsol] = 
****
