 -1.18853e-22
 -1.13391e-22
 -1.08283e-22
 -1.03416e-22
 -9.87805e-23
 -9.44144e-23
 -9.02326e-23
 -8.62219e-23
 -8.23768e-23
 -7.87162e-23
 -7.52030e-23
 -7.18225e-23
 -6.85575e-23
 -6.53816e-23
 -6.22901e-23
 -5.92974e-23
 -5.63859e-23
 -5.35342e-23
 -5.07305e-23
 -4.79531e-23
 -4.52139e-23
 -4.25003e-23
 -3.97874e-23
 -3.70677e-23
 -3.43424e-23
 -3.15955e-23
 -2.88021e-23
 -2.59550e-23
 -2.30449e-23
 -2.00534e-23
 -1.69508e-23
 -1.37277e-23
 -1.03563e-23
 -6.81910e-24
 -3.07425e-24
  8.96015e-25
  5.13874e-24
  9.67334e-24
  1.45816e-23
  1.98795e-23
  2.56529e-23
  3.19356e-23
  3.88114e-23
  4.63334e-23
  5.46593e-23
  6.38251e-23
  7.39886e-23
  8.52142e-23
  9.77518e-23
  1.11616e-22
  1.27136e-22
  1.44392e-22
  1.63774e-22
  1.85395e-22
  2.09882e-22
  2.37477e-22
  2.69371e-22
  3.05882e-22
  3.48411e-22
  3.96686e-22
  4.50094e-22
  5.07079e-22
  5.67213e-22
  6.31657e-22
  7.02897e-22
  7.83085e-22
  8.74240e-22
  9.76817e-22
  1.09224e-21
  1.22280e-21
  1.36882e-21
  1.53415e-21
  1.71921e-21
  1.92801e-21
  2.16146e-21
  2.42465e-21
  2.71890e-21
  3.05046e-21
  3.42125e-21
  3.83874e-21
  4.30580e-21
  4.83141e-21
  5.41969e-21
  6.08130e-21
  6.82213e-21
  7.65488e-21
  8.58779e-21
  9.63591e-21
  1.08107e-20
  1.21298e-20
  1.36091e-20
  1.52695e-20
  1.71323e-20
  1.92220e-20
  2.15676e-20
  2.41977e-20
  2.71514e-20
  3.04615e-20
  3.41808e-20
  3.83469e-20
  4.30303e-20
  4.82737e-20
  5.41711e-20
  6.07704e-20
  6.81965e-20
  7.65022e-20
  8.58531e-20
  9.63067e-20
  1.08081e-19
  1.21238e-19
  1.36064e-19
  1.52628e-19
  1.71293e-19
  1.92151e-19
  2.15642e-19
  2.41908e-19
  2.71473e-19
  3.04548e-19
  3.41760e-19
  3.83409e-19
  4.30243e-19
   Cooling for Wiersma, Schaye and Smith (2008).
   Redshift = 8.0 log(T) = 2-8 K, log(dT) = 0.05, log(n_H) = -5 , [Z/Zsol] = 
-Inf
