 -5.55461e-36
 -4.10364e-36
 -2.31425e-36
 -1.36313e-37
  2.50007e-36
  5.67302e-36
  9.47716e-36
  1.40199e-35
  1.94298e-35
  2.58546e-35
  3.34688e-35
  4.24793e-35
  5.31205e-35
  6.56702e-35
  8.04547e-35
  9.78529e-35
  1.17843e-34
  1.40465e-34
  1.68781e-34
  1.90336e-34
  2.31092e-34
  2.72581e-34
  3.44724e-34
  4.28119e-34
  5.16405e-34
  7.44622e-34
  6.92062e-34
  4.06645e-34
  8.50602e-34
  4.63672e-33
  4.03435e-33
  7.65096e-34
  3.03639e-33
  1.50918e-32
  1.15621e-31
  2.35181e-31
  1.88468e-30
  1.10173e-29
  7.71346e-29
  6.44922e-28
  1.13365e-26
  1.91975e-25
  2.98697e-24
  2.37570e-23
  8.53809e-23
  1.29785e-22
  1.21765e-22
  9.75314e-23
  7.67034e-23
  6.23508e-23
  5.16453e-23
  4.24746e-23
  3.51241e-23
  3.05186e-23
  2.97112e-23
  3.52285e-23
  5.05914e-23
  7.42108e-23
  9.21273e-23
  9.16095e-23
  7.90360e-23
  6.46363e-23
  5.25920e-23
  4.35595e-23
  3.70186e-23
  3.24082e-23
  2.92145e-23
  2.71369e-23
  2.58905e-23
  2.53422e-23
  2.45218e-23
  2.50801e-23
  2.60851e-23
  2.75234e-23
  2.93688e-23
  3.15718e-23
  3.42204e-23
  3.73388e-23
  4.09488e-23
  4.50905e-23
  4.98072e-23
  5.51879e-23
  6.12680e-23
  6.81233e-23
  7.58387e-23
  8.45130e-23
  9.42567e-23
  1.05196e-22
  1.17471e-22
  1.31243e-22
  1.46695e-22
  1.64077e-22
  1.83574e-22
  2.05436e-22
  2.29949e-22
  2.57434e-22
  2.88250e-22
  3.22803e-22
  3.61545e-22
  4.04985e-22
  4.53704e-22
  5.08416e-22
  5.69780e-22
  6.38592e-22
  7.15759e-22
  8.02297e-22
  8.99348e-22
  1.00819e-21
  1.13025e-21
  1.26716e-21
  1.42072e-21
  1.59309e-21
  1.78643e-21
  2.00330e-21
  2.24656e-21
  2.51942e-21
  2.82548e-21
  3.16879e-21
  3.55390e-21
  3.98590e-21
  4.47051e-21
   Cooling for Wiersma, Schaye and Smith (2008).
   z > 11 (photodis) log(T) = 2-8 K, log(dT) = 0.05, log(n_H) = -2 , [Z/Zsol] = 
-Inf
