 -1.54924e-22
 -1.46476e-22
 -1.38430e-22
 -1.30760e-22
 -1.23443e-22
 -1.16518e-22
 -1.09918e-22
 -1.03626e-22
 -9.76291e-23
 -9.19269e-23
 -8.65010e-23
 -8.13632e-23
 -7.64751e-23
 -7.18558e-23
 -6.74311e-23
 -6.32824e-23
 -5.93247e-23
 -5.55740e-23
 -5.20554e-23
 -4.86746e-23
 -4.55259e-23
 -4.25031e-23
 -3.96756e-23
 -3.69888e-23
 -3.44452e-23
 -3.20606e-23
 -2.97834e-23
 -2.76414e-23
 -2.56045e-23
 -2.36743e-23
 -2.18487e-23
 -2.00965e-23
 -1.84350e-23
 -1.68447e-23
 -1.53113e-23
 -1.38309e-23
 -1.23990e-23
 -1.10089e-23
 -9.64924e-24
 -8.30235e-24
 -6.96673e-24
 -5.62920e-24
 -4.28113e-24
 -2.91271e-24
 -1.51214e-24
 -6.46075e-26
  1.44374e-24
  3.02561e-24
  4.70086e-24
  6.48414e-24
  8.40018e-24
  1.04707e-23
  1.27196e-23
  1.51773e-23
  1.78945e-23
  2.09076e-23
  2.43031e-23
  2.81784e-23
  3.26547e-23
  3.78407e-23
  4.38107e-23
  5.05995e-23
  5.80769e-23
  6.60578e-23
  7.43475e-23
  8.29073e-23
  9.18718e-23
  1.01544e-22
  1.12207e-22
  1.24202e-22
  1.37545e-22
  1.52907e-22
  1.70288e-22
  1.89929e-22
  2.11952e-22
  2.36731e-22
  2.64487e-22
  2.95853e-22
  3.31009e-22
  3.70681e-22
  4.15131e-22
  4.65240e-22
  5.21364e-22
  5.84517e-22
  6.55255e-22
  7.34787e-22
  8.23897e-22
  9.24017e-22
  1.03623e-21
  1.16224e-21
  1.30357e-21
  1.46221e-21
  1.64019e-21
  1.83984e-21
  2.06393e-21
  2.31517e-21
  2.59730e-21
  2.91346e-21
  3.26866e-21
  3.66650e-21
  4.11372e-21
  4.61445e-21
  5.17760e-21
  5.80776e-21
  6.51682e-21
  7.30984e-21
  8.20260e-21
  9.20060e-21
  1.03247e-20
  1.15806e-20
  1.29959e-20
  1.45772e-20
  1.63589e-20
  1.83500e-20
  2.05923e-20
  2.30994e-20
  2.59215e-20
  2.90784e-20
  3.26300e-20
  3.66051e-20
  4.10750e-20
   Cooling for Wiersma, Schaye and Smith (2008).
   Redshift = 4.0 log(T) = 2-8 K, log(dT) = 0.05, log(n_H) = -5 , [Z/Zsol] = 
-1.5
