  7.23451e-33
  8.56597e-33
  1.00611e-32
  1.17532e-32
  1.36541e-32
  1.57908e-32
  1.81760e-32
  2.08369e-32
  2.37705e-32
  2.69695e-32
  3.04754e-32
  3.43116e-32
  3.84819e-32
  4.30216e-32
  4.79554e-32
  5.33184e-32
  5.89259e-32
  6.46555e-32
  7.16735e-32
  7.46056e-32
  8.37961e-32
  9.15394e-32
  1.07326e-31
  1.23632e-31
  1.38501e-31
  1.85721e-31
  1.60775e-31
  8.86255e-32
  1.74643e-31
  8.97729e-31
  7.35805e-31
  1.31173e-31
  4.88172e-31
  2.24105e-30
  1.55201e-29
  2.07090e-29
  1.28140e-28
  5.18100e-28
  2.11356e-27
  7.17359e-27
  2.74393e-26
  2.36966e-25
  3.21804e-24
  2.48507e-23
  8.88051e-23
  1.35757e-22
  1.29358e-22
  1.06781e-22
  8.82331e-23
  7.70424e-23
  7.05844e-23
  6.68229e-23
  6.62285e-23
  6.98359e-23
  7.89444e-23
  9.61653e-23
  1.25185e-22
  1.64309e-22
  1.98346e-22
  2.13075e-22
  2.13440e-22
  2.04023e-22
  1.90124e-22
  1.82520e-22
  1.82511e-22
  1.84014e-22
  1.84572e-22
  1.85883e-22
  1.80947e-22
  1.55345e-22
  1.18564e-22
  9.60794e-23
  8.74450e-23
  8.60634e-23
  8.66423e-23
  8.60947e-23
  8.43847e-23
  8.46675e-23
  8.80594e-23
  9.31182e-23
  9.79710e-23
  1.01934e-22
  1.05560e-22
  1.09122e-22
  1.12379e-22
  1.15184e-22
  1.18663e-22
  1.24399e-22
  1.32883e-22
  1.43789e-22
  1.56973e-22
  1.72748e-22
  1.91092e-22
  2.12254e-22
  2.36386e-22
  2.63702e-22
  2.94502e-22
  3.29138e-22
  3.67987e-22
  4.11466e-22
  4.60081e-22
  5.14491e-22
  5.75327e-22
  6.43433e-22
  7.19820e-22
  8.05634e-22
  9.02104e-22
  1.01051e-21
  1.13226e-21
  1.26894e-21
  1.42234e-21
  1.59458e-21
  1.78785e-21
  2.00466e-21
  2.24788e-21
  2.52072e-21
  2.82677e-21
  3.17009e-21
  3.55520e-21
  3.98721e-21
  4.47184e-21
   Cooling for Wiersma, Schaye and Smith (2008).
   z > 11 (photodis) log(T) = 2-8 K, log(dT) = 0.05, log(n_H) = -2 , [Z/Zsol] = 
****
