0.0
12168878.186368
24541926.374039
54446787.424508
83244842.712228
24854810.062616
27774208.137928
30975959.503241
34478067.326095
38306108.524403
42487430.007818
47020204.714051
51962853.002366
57289634.809448
63061025.118292
69273394.796806
75936810.629587
83097746.151746
90747241.932353
98880770.296266
107542252.248778
116691335.907369
126378820.412768
136543319.123419
147194028.889761
158325927.730548
169891817.709906
181847735.478047
194154580.644065
206752449.961453
219600438.382995
232580426.810906
245634020.563741
258638519.532538
271522036.600548
284148546.859158
296422644.789424
308185749.664907
319357052.428949
329797297.841410
339404659.682764
348086629.568726
355697385.460060
362250147.177199
367595154.681683
371744324.091786
374644519.333959
376290564.900635
376675630.099842
375837714.153139
373793522.553257
370599968.765748
366273365.231655
360926908.505847
354567304.403784
347293093.630854
339154833.704237
330229375.696971
320588111.096873
310254004.862469
299315672.489450
287853040.884854
275856051.883893
263431803.843713
