0.0196078431373
0.0224121879271
0.0250506900714
0.0275567800564
0.0299536078522
0.0311165101714
0.0322580645161
0.0346015373463
0.0368681535839
0.0390670934356
0.0412057969963
0.0432903431366
0.045325861214
0.0473166267788
0.0492663744185
0.0511782774825
0.0530550982501
0.054899265338
0.0567130049726
0.0584981763194
0.0602564998686
0.061989516333
0.0636986493338
0.0653851610992
0.0670501937751
0.0686947651154
0.0703199275423
0.0719265083708
0.0735153573582
0.0750871950052
0.0766427413576
0.0781826597115
0.0797075688713
0.0812180762199
0.0827145594995
0.0841976928148
0.0856678537376
0.087125545297
0.0885711350214
0.0900050312812
0.0914275432605
0.09283908897
0.094240003845
0.0956305722141
0.0970110977786
0.0983818739661
0.0997431713082
0.101095235452
0.102438318815
0.103772644099
0.105098463072
0.106415967673
0.107725351201
0.109026856804
0.110320614874
0.111606818998
0.112885673905
0.114157336207
0.115421941065
0.116679633663
0.11793061953
0.119174994417
0.120412900653
0.121644482565
0.122869851461
0.124089154583
0.125302464486
0.126509959623
0.127711718891
0.128907824589
0.130098444192
0.131283611066
0.132463454657
0.133638081615
0.134807570955
0.135971987595
0.137131454075
0.138286038586
0.139435806474
0.140580877374
0.141721307317
0.142857142857
0.148148148148
0.153846153846
0.16
0.166666666667
0.173913043478
0.181818181818
0.190476190476
0.2
0.210526315789
0.222222222222
0.235294117647
0.25
0.266666666667
0.285714285714
0.307692307692
0.333333333333
